1778468359.157925 0.000000 0.000000 -0.000000 -0.00000000 -0.00000000 -0.00000000 1.00000000
1778468365.886327 0.013612 0.001676 0.006469 -0.00855172 0.04449160 -0.01011724 0.99892192
1778468366.858153 0.095352 0.000710 0.069913 -0.02035721 0.12764120 -0.01683524 0.99146855
1778468367.000233 0.118758 0.001706 0.084928 -0.01377134 0.17916080 0.00458373 0.98371274
1778468367.564380 0.166849 0.004416 0.125497 -0.04225887 0.20943355 -0.02361928 0.97662373
1778468367.710520 0.186272 0.005779 0.141034 -0.04481436 0.24360041 -0.03352630 0.96825952
1778468367.838128 0.216478 0.003144 0.129925 -0.03696749 0.29272764 -0.02700476 0.95509930
1778468367.978542 0.295834 0.004047 0.184775 -0.02836998 0.33641603 -0.00146534 0.94128489
1778468369.107256 0.408559 0.005537 0.272046 -0.04141358 0.31929382 -0.02871109 0.94631498
1778468369.518645 0.469352 0.009721 0.330737 -0.04451754 0.33683026 -0.00603920 0.94049301
1778468369.797249 0.512116 0.015254 0.369199 -0.07264950 0.35269476 -0.02719322 0.93251755
1778468370.078502 0.546272 0.012089 0.392891 -0.04749631 0.36802625 -0.01176338 0.92852701
1778468370.356306 0.585015 0.009139 0.387800 -0.03769512 0.40515061 -0.00738833 0.91344265
1778468370.499300 0.632283 0.004760 0.402950 -0.05122871 0.44158628 -0.00132742 0.89575410
1778468371.059835 0.663502 0.014291 0.427298 -0.05759408 0.45218626 -0.02502381 0.88971024
1778468371.336612 0.656328 0.016842 0.445530 -0.06218055 0.41620642 -0.02530349 0.90678858
1778468371.898203 0.741849 0.016064 0.474543 -0.06236015 0.43201816 -0.00932884 0.89965799
1778468371.898203 0.741309 0.016412 0.473402 -0.06224357 0.43359202 -0.00945953 0.89890723
1778468372.459436 0.817880 0.015374 0.533021 -0.06962117 0.38219754 -0.01826400 0.92127323
1778468372.740546 0.878650 0.015999 0.581755 -0.06850371 0.36740415 -0.02600506 0.92717052
1778468373.865009 0.992276 0.014526 0.661990 -0.04301590 0.34494979 -0.00620178 0.93761443
1778468374.714452 1.093972 0.012710 0.736400 -0.06034322 0.32166564 -0.01311828 0.94483746
1778468374.851224 1.123949 0.014648 0.748999 -0.06374100 0.35253892 -0.00515658 0.93360956
1778468376.675088 1.095092 0.013595 0.729727 -0.07025917 0.34781629 -0.00119915 0.93492568
1778468377.094326 1.051987 0.015940 0.722273 -0.05669519 0.30541919 -0.00795192 0.95049542
1778468377.235947 1.023240 0.015288 0.695411 -0.05065011 0.22554883 -0.02488501 0.97259602
1778468377.375205 1.016233 0.012746 0.684146 -0.05394714 0.16416886 -0.03159218 0.98444920
1778468377.517847 0.974225 0.014320 0.705150 -0.05974771 0.12598932 -0.04289552 0.98930121
1778468378.226320 1.029474 0.020512 0.782839 -0.05086863 0.11975643 -0.03659681 0.99082362
1778468378.360962 1.058562 0.017541 0.798269 -0.04508148 0.17264713 -0.00920931 0.98390844
1778468378.498362 1.061458 0.019173 0.792777 -0.05588202 0.24739205 -0.01055320 0.96724506
1778468378.641772 1.066470 0.018477 0.785465 -0.06678164 0.34167841 -0.01363489 0.93734208
1778468378.778527 1.087002 0.024354 0.787508 -0.06396893 0.42951259 -0.01004962 0.90073632
1778468378.921790 1.121998 0.018935 0.798436 -0.06285593 0.49060611 0.00817830 0.86907301
1778468378.921790 1.122898 0.019139 0.798498 -0.06295824 0.49054733 0.00807805 0.86909972
1778468379.345472 1.094075 0.018954 0.775501 -0.07186756 0.50523009 0.01383155 0.85987575
1778468379.486383 1.104783 0.020537 0.769335 -0.06439024 0.52148170 0.01359546 0.85072081
1778468382.430578 0.982966 0.020406 0.685887 -0.05307778 0.55237765 -0.00672434 0.83187527
1778468382.570834 0.972230 0.019345 0.651986 -0.04983788 0.60071457 -0.02104279 0.79763111
1778468382.714544 0.946266 0.017738 0.621116 -0.04966448 0.66512861 -0.01757575 0.74486808
1778468382.852189 0.918745 0.018579 0.585138 -0.03746429 0.75589867 0.00357974 0.65360600
1778468382.993028 0.932307 0.019669 0.601003 -0.02890802 0.82225319 0.00849401 0.56832374
1778468383.429788 0.940513 0.032379 0.638117 0.02184171 0.83770604 -0.01448003 0.54549231
1778468383.978254 1.014344 0.027521 0.607405 -0.02059241 0.82974787 0.01153812 0.55763904
1778468384.261763 1.024217 0.018687 0.632315 -0.03016751 0.77980571 0.00655176 0.62525999
1778468384.399182 1.092214 0.025570 0.678774 -0.00860905 0.76844318 -0.00676946 0.63982430
1778468384.957355 1.232655 0.016125 0.657231 -0.02557141 0.74092643 0.00332462 0.67109096
1778468385.517595 1.321919 0.010173 0.695844 -0.02139127 0.74776253 0.00453294 0.66360611
1778468385.659204 1.336320 0.008639 0.680531 -0.05332378 0.71127334 0.02946198 0.70027052
1778468385.797343 1.336214 0.010709 0.713849 -0.04505955 0.68425929 -0.04015114 0.72673706
1778468387.061283 1.281736 0.011675 0.697310 -0.01645655 0.67991357 0.00117825 0.73310663
1778468387.061283 1.273704 0.011928 0.691612 -0.01547066 0.68174805 0.00051551 0.73142326
1778468388.315699 1.323221 0.010649 0.709970 -0.03877940 0.61101105 -0.00258057 0.79066743
1778468388.458985 1.360841 0.008311 0.728726 -0.04109511 0.52726034 -0.02119088 0.84844485
1778468388.733510 1.360916 0.008279 0.728612 -0.03415744 0.53019880 -0.02821606 0.84671504
1778468388.876842 1.382793 0.005006 0.726423 -0.00589025 0.59267043 -0.00504792 0.80540771
1778468389.574742 1.496812 0.003307 0.756529 -0.03547631 0.58208565 0.00022429 0.81235317
1778468389.715698 1.479226 0.002693 0.754313 -0.03956946 0.53498907 -0.01803401 0.84373913
1778468391.115378 1.720251 -0.004946 0.845536 -0.03626669 0.55060796 -0.01797491 0.83378205
1778468391.251911 1.713507 -0.010009 0.830118 -0.01970102 0.63369936 -0.02742744 0.77284198
1778468391.392561 1.703909 -0.011957 0.828325 -0.00465514 0.69466310 -0.00280229 0.71931471
1778468391.955358 1.685595 -0.008568 0.818499 -0.03082277 0.64651544 -0.00371837 0.76226893
1778468392.095289 1.667537 -0.008452 0.828674 -0.03576146 0.59221581 -0.02804244 0.80449684
1778468392.241683 1.653739 -0.004580 0.838512 -0.03590186 0.52458614 -0.02379181 0.85026724
1778468392.378983 1.648079 -0.004544 0.830285 -0.04016841 0.42493459 -0.01767664 0.90415963
1778468392.517322 1.660118 -0.004123 0.837693 -0.04670326 0.37722216 -0.02789724 0.92452366
1778468392.796892 1.674615 -0.007080 0.839300 -0.03548430 0.43092598 -0.02161016 0.90143034
1778468392.935023 1.688455 -0.006727 0.848259 -0.03881997 0.48259408 -0.02501238 0.87462583
1778468392.935023 1.683595 -0.006538 0.844694 -0.03792421 0.48521578 -0.02511813 0.87321045
1778468394.339206 1.814669 -0.012494 0.923068 -0.04282985 0.42041810 -0.02595250 0.90594740
1778468402.444774 1.957199 -0.018133 1.011689 -0.02808226 0.37357652 -0.03297761 0.92658753
1778468402.736420 1.955482 -0.017418 1.016026 -0.02545321 0.30961496 -0.02400385 0.95021815
1778468403.017124 1.953537 -0.015442 1.027032 -0.04176813 0.26180347 -0.01895080 0.96403072
1778468403.716017 1.961361 -0.018719 1.036364 -0.02351724 0.28742064 -0.03113938 0.95700922
1778468404.137200 1.969822 -0.018736 1.047506 -0.01947155 0.35746212 -0.01882004 0.93353495
1778468404.418276 1.972723 -0.018337 1.046235 -0.02706455 0.41676757 -0.02821594 0.90817188
1778468404.696320 1.976328 -0.017387 1.043879 -0.02179587 0.45651569 -0.02203037 0.88917548
1778468404.974878 1.983268 -0.017737 1.045424 -0.00389086 0.50106628 -0.02932349 0.86490322
1778468405.397709 2.000070 -0.017713 1.047148 -0.01966698 0.55139598 -0.03060061 0.83345023
1778468406.236243 2.037287 -0.019677 1.057959 -0.01465836 0.48270722 -0.02557807 0.87528546
1778468406.516907 2.052724 -0.021715 1.065274 -0.02599998 0.44506620 -0.03059162 0.89459724
1778468408.615700 2.175578 -0.027671 1.127177 -0.02650272 0.42052495 -0.02839496 0.90644917
1778468409.592452 2.200469 -0.028097 1.142091 -0.02065856 0.39022755 -0.02663674 0.92010117
1778468410.307234 2.224039 -0.028268 1.163455 -0.01774781 0.33706532 -0.01779142 0.94114582
1778468410.571446 2.229836 -0.029177 1.174491 -0.02230056 0.30263009 -0.03364116 0.95225311
1778468410.571446 2.229374 -0.029174 1.174159 -0.02168272 0.30351208 -0.03354891 0.95198989
1778468410.856531 2.232661 -0.028967 1.183618 -0.01231638 0.26262848 -0.01976821 0.96461589
1778468410.991462 2.232725 -0.028534 1.188918 -0.01237768 0.24410773 -0.01657627 0.96952743
1778468411.137478 2.232703 -0.028924 1.194671 -0.00953973 0.23293591 -0.02140945 0.97220959
1778468411.409701 2.230379 -0.029888 1.196454 -0.00396250 0.22343731 -0.03157490 0.97419869
1778468411.689309 2.220549 -0.029629 1.193195 -0.00051235 0.19993303 -0.03905731 0.97903067
1778468411.973220 2.216715 -0.029738 1.194532 -0.00754074 0.16256038 -0.03837860 0.98592309
1778468412.253783 2.206365 -0.029663 1.202071 -0.00198262 0.13946541 -0.03671273 0.98954416
1778468412.539535 2.206620 -0.029356 1.207273 -0.00077983 0.08503236 -0.03111155 0.99589204
1778468412.815228 2.198220 -0.029202 1.219322 0.00007865 0.06062565 -0.01911102 0.99797760
1778468413.095128 2.185725 -0.028479 1.233476 -0.00933847 0.04980823 -0.03097079 0.99823481
1778468414.221906 2.182335 -0.030197 1.266234 0.00680976 0.04734731 -0.02697394 0.99849099
1778468414.917230 2.189172 -0.030534 1.297384 0.00039341 -0.00651001 -0.02324293 0.99970857
1778468415.192621 2.190561 -0.030516 1.299580 0.00530513 -0.03530537 -0.03866171 0.99861437
1778468415.895376 2.185141 -0.030215 1.330254 -0.00266095 -0.00676848 -0.03556392 0.99934094
1778468416.314000 2.192596 -0.030427 1.346476 -0.00993354 -0.00846901 -0.01504438 0.99980161
1778468416.452174 2.182505 -0.030846 1.340910 -0.00885784 -0.01418355 -0.02827481 0.99946030
1778468416.452174 2.182407 -0.030857 1.340833 -0.00863723 -0.01439363 -0.02796130 0.99946805
1778468416.592530 2.179671 -0.030691 1.339848 -0.00111081 -0.04196174 -0.02775196 0.99873310
1778468416.733790 2.172732 -0.030213 1.339604 0.00147445 -0.06795343 -0.01462995 0.99758013
1778468416.875507 2.168864 -0.029301 1.342070 -0.01069689 -0.10378131 -0.01581927 0.99441680
1778468417.012233 2.152302 -0.028681 1.341009 -0.00532519 -0.12181664 -0.02062680 0.99232398
1778468417.155616 2.150015 -0.028634 1.343798 -0.00286852 -0.14819715 -0.01885752 0.98877387
1778468417.431825 2.133855 -0.028605 1.343347 0.00240503 -0.15227052 -0.02068661 0.98811941
1778468417.574465 2.122790 -0.028115 1.340453 0.00213973 -0.15324734 -0.02009669 0.98798117
1778468417.724329 2.107434 -0.027224 1.340153 0.00307992 -0.14514075 -0.02341716 0.98912907
1778468418.139364 2.123302 -0.028137 1.341939 -0.00732431 -0.15682454 -0.02430491 0.98730020
1778468418.410435 2.130186 -0.028182 1.343797 -0.00696181 -0.14471737 -0.02679644 0.98908562
1778468418.835520 2.136655 -0.028271 1.344682 0.00104999 -0.12450706 -0.03661029 0.99154252
1778468419.115140 2.143598 -0.028776 1.345699 -0.00450605 -0.10998586 -0.03268334 0.99338543
1778468419.404305 2.147970 -0.028945 1.351334 -0.00427850 -0.09374578 -0.03324269 0.99503183
1778468419.686169 2.153661 -0.029655 1.360674 0.00605420 -0.08079419 -0.03516826 0.99609178
1778468419.965292 2.154677 -0.030120 1.369804 0.01027392 -0.05782009 -0.01388966 0.99817752
1778468420.245373 2.161157 -0.030413 1.377643 0.00873640 -0.03920522 -0.01529538 0.99907591
1778468420.245373 2.161066 -0.030486 1.377316 0.00898145 -0.03947336 -0.01500407 0.99906760
1778468420.664995 2.166956 -0.030800 1.395342 0.01868085 -0.00995630 -0.01490306 0.99966484
1778468421.088793 2.165888 -0.030650 1.407759 0.01099357 -0.02358517 -0.02150383 0.99943007
1778468421.517083 2.172500 -0.031359 1.424813 0.00878258 -0.00015261 -0.02027422 0.99975587
1778468422.209707 2.174656 -0.031803 1.448740 0.01418437 -0.02215757 -0.02202807 0.99941113
1778468422.491470 2.172843 -0.032043 1.457447 0.01961954 -0.04621435 -0.01572680 0.99861503
1778468422.910328 2.161446 -0.032157 1.478428 0.01512806 -0.07435212 -0.01761347 0.99696172
1778468423.197234 2.156510 -0.032488 1.487758 0.01393270 -0.09338068 -0.02156003 0.99529950
1778468423.475450 2.151434 -0.032647 1.495504 0.01542560 -0.11460595 -0.01861958 0.99311673
1778468423.751577 2.149011 -0.032632 1.500374 0.01079788 -0.15337492 -0.01865188 0.98793302
1778468423.890018 2.146599 -0.032703 1.496805 0.00903320 -0.17522740 -0.01909052 0.98430143
1778468424.174680 2.144332 -0.032745 1.491760 0.01380378 -0.22775284 -0.02215277 0.97336907
1778468424.313481 2.140482 -0.032676 1.492896 0.01270617 -0.24129725 -0.02926661 0.96992662
1778468424.600473 2.134291 -0.032601 1.495829 0.00016070 -0.26851662 -0.02079234 0.96305061
1778468424.886646 2.131017 -0.032809 1.495877 0.00489687 -0.30141658 -0.01847615 0.95330095
1778468425.161330 2.125192 -0.032840 1.498492 0.01591352 -0.32938345 -0.00500729 0.94404885
1778468425.998968 2.089092 -0.033029 1.520470 0.02097553 -0.29966136 -0.00983915 0.95376427
1778468425.998968 2.089138 -0.033081 1.520144 0.02105555 -0.29833515 -0.00948682 0.95418175
1778468426.983443 2.063472 -0.032982 1.541528 0.01503356 -0.27941190 -0.00771147 0.96002266
1778468427.401563 2.047981 -0.033006 1.551006 0.01672862 -0.31276132 -0.00484078 0.94967209
1778468427.684117 2.032098 -0.033270 1.560306 0.01865496 -0.34309130 -0.01388410 0.93901416
1778468427.965314 2.022409 -0.033369 1.561285 0.01641895 -0.37573050 -0.00882155 0.92654152
1778468428.949967 2.006094 -0.033703 1.569067 0.03409676 -0.34286594 -0.00485635 0.93875277
1778468429.229347 2.002944 -0.033590 1.573198 0.02787272 -0.31788923 -0.00348540 0.94771167
1778468429.652073 1.990076 -0.033816 1.581632 0.03337121 -0.28010859 0.00521489 0.95937394
1778468430.072810 1.974789 -0.033497 1.588972 0.02619205 -0.31782079 -0.00426843 0.94777935
1778468430.635034 1.952552 -0.034104 1.605879 0.02220083 -0.28341759 -0.01302030 0.95865117
1778468430.914048 1.949367 -0.034461 1.611197 0.02147119 -0.25788816 -0.00694810 0.96591118
1778468431.332832 1.954294 -0.034256 1.612949 0.01427383 -0.22836977 -0.01314207 0.97338111
1778468431.473307 1.960958 -0.034753 1.616260 0.01194540 -0.20638611 -0.00960296 0.97835058
1778468431.613589 1.976449 -0.034653 1.614642 0.02344012 -0.17892109 -0.00303236 0.98357949
1778468431.755404 1.980486 -0.033963 1.609320 0.02313892 -0.13108026 -0.00070486 0.99110144
1778468431.898021 1.979505 -0.033762 1.607939 0.01964960 -0.08825794 -0.00495383 0.99589150
1778468432.035238 1.980519 -0.033660 1.600606 0.02955934 -0.04180377 -0.00812367 0.99865544
1778468432.035238 1.981786 -0.033601 1.599430 0.02879303 -0.04218760 -0.00788032 0.99866364
1778468432.174894 1.986513 -0.033552 1.599329 0.02493165 -0.00032737 -0.00033488 0.99968905
1778468432.458047 1.984375 -0.033566 1.596770 0.02578341 -0.02506055 0.00677745 0.99933040
1778468432.596536 1.982733 -0.033610 1.595779 0.02705775 -0.05203557 0.00742243 0.99825101
1778468432.741154 1.977729 -0.033427 1.592734 0.01814327 -0.07426889 0.00329970 0.99706773
1778468432.879685 1.969592 -0.033354 1.591677 0.02706458 -0.08894993 0.00483331 0.99565660
1778468433.157800 1.960616 -0.033347 1.592714 0.03283149 -0.09129651 0.00048155 0.99528228
1778468433.576347 1.943301 -0.033402 1.603420 0.03774104 -0.11020373 0.00407259 0.99318385
1778468434.001056 1.930424 -0.033185 1.613072 0.03144283 -0.12862909 -0.00153605 0.99119299
1778468434.419508 1.916483 -0.033618 1.632250 0.03843779 -0.16044976 0.00766768 0.98626549
1778468434.703211 1.909005 -0.035011 1.638577 0.04941561 -0.17703846 0.01530971 0.98284337
1778468435.121063 1.896107 -0.034550 1.652701 0.03646263 -0.18375480 0.00043732 0.98229551
1778468435.401495 1.899794 -0.034722 1.652725 0.05365201 -0.17665615 0.00226765 0.98280666
1778468435.685853 1.898695 -0.034010 1.652974 0.03601208 -0.14798248 0.00003649 0.98833411
1778468435.824352 1.903310 -0.033977 1.658668 0.04217603 -0.15242429 0.00264125 0.98741128
1778468435.962189 1.906273 -0.034720 1.662203 0.04648732 -0.15045426 0.00741730 0.98749553
1778468436.110479 1.910644 -0.034879 1.664059 0.04417029 -0.14251904 -0.00064081 0.98880579
1778468436.110479 1.911781 -0.034854 1.663101 0.04389381 -0.14210721 -0.00031530 0.98887753
1778468436.384049 1.914005 -0.034695 1.665101 0.03493880 -0.14091897 0.00085933 0.98940406
1778468436.804014 1.916823 -0.034781 1.662130 0.03801192 -0.11950716 -0.00049643 0.99210528
1778468437.083114 1.920749 -0.034855 1.661808 0.03716638 -0.10996651 -0.00079706 0.99323985
1778468437.228019 1.928026 -0.034938 1.660768 0.03496893 -0.11049203 -0.00281537 0.99325765
1778468437.365028 1.931975 -0.034922 1.659888 0.03258316 -0.09702553 -0.00446123 0.99473840
1778468438.065256 1.937523 -0.035147 1.660898 0.03704068 -0.09213772 -0.00160123 0.99505581
1778468438.207847 1.942789 -0.035234 1.660799 0.03846024 -0.06916589 0.00199445 0.99686153
1778468438.353442 1.953827 -0.035339 1.661739 0.03681343 -0.05472515 -0.00080948 0.99782227
1778468438.490943 1.970648 -0.035755 1.668148 0.03921115 -0.04268219 -0.00446430 0.99830896
1778468438.633052 2.000990 -0.036738 1.671702 0.03962555 -0.03332611 -0.00934855 0.99861494
1778468438.771323 2.019819 -0.037541 1.681297 0.03888597 -0.01507309 -0.01257125 0.99905087
1778468438.911393 2.029111 -0.038558 1.683883 0.04589094 0.01052189 -0.01628817 0.99875823
1778468439.054297 2.026244 -0.036889 1.685700 0.03869927 0.05602645 -0.00895073 0.99763886
1778468439.193011 2.039612 -0.036740 1.690941 0.04070132 0.08518146 -0.00656435 0.99551214
1778468439.332060 2.044874 -0.037232 1.689953 0.03988271 0.13594243 -0.01237089 0.98983634
1778468439.472879 2.051882 -0.037358 1.688252 0.03929818 0.19601119 -0.01348217 0.97972113
1778468439.472879 2.052202 -0.037638 1.685905 0.04051462 0.19637734 -0.01355594 0.97959724
1778468439.615646 2.057643 -0.037747 1.681858 0.01714974 0.24352440 -0.00725987 0.96971596
1778468439.891564 2.054023 -0.038059 1.681171 0.03870612 0.18257897 -0.00847990 0.98239241
1778468440.033856 2.049691 -0.038463 1.680876 0.03980427 0.15531701 -0.00903921 0.98702104
1778468440.175226 2.045253 -0.038752 1.681821 0.04468073 0.13579723 -0.00686248 0.98970483
1778468440.323501 2.038952 -0.039205 1.681009 0.05835956 0.11764100 -0.00181852 0.99133821
1778468440.455564 2.031061 -0.039460 1.679664 0.06389133 0.10065365 0.00093044 0.99286750
1778468440.732896 2.026132 -0.039682 1.674679 0.07785234 0.06402144 -0.00278128 0.99490328
1778468440.877083 2.011474 -0.039951 1.680940 0.07096593 0.06374408 -0.00414943 0.99543122
1778468441.018984 2.006665 -0.040150 1.686542 0.05875848 0.04772194 0.00104703 0.99713036
1778468441.296758 1.990427 -0.040431 1.701958 0.07184582 0.03583752 -0.00023701 0.99677169
1778468441.582237 1.987096 -0.040601 1.716434 0.08433315 0.01153631 -0.00506142 0.99635798
1778468442.136908 1.956262 -0.041613 1.742926 0.09199009 0.00422705 -0.00121114 0.99575021
1778468442.418394 1.918269 -0.040591 1.749008 0.07828403 0.01507127 -0.00132182 0.99681629
1778468442.698547 1.927926 -0.042109 1.764188 0.10519690 -0.00120999 -0.00675696 0.99442772
1778468443.120243 1.961122 -0.042639 1.785664 0.11199776 0.00743508 -0.00150220 0.99367951
1778468443.539149 1.958284 -0.043005 1.810883 0.10216650 0.00449961 -0.00308850 0.99475234
1778468443.539149 1.959204 -0.043802 1.807165 0.10528017 0.00549096 -0.00312849 0.99442252
1778468444.097490 1.995871 -0.044308 1.852034 0.12584707 0.01200661 -0.00189113 0.99197519
1778468444.518410 2.012188 -0.044842 1.887376 0.12008804 -0.00843018 -0.00002162 0.99272745
1778468444.804969 2.013415 -0.045086 1.907436 0.11479776 -0.02909511 0.00007710 0.99296271
1778468445.077725 2.009899 -0.044908 1.907872 0.10545866 -0.05581599 0.00418959 0.99284717
1778468445.359443 2.017014 -0.044871 1.927427 0.09405620 -0.10602289 0.00967058 0.98985810
1778468445.503007 2.008618 -0.045018 1.954747 0.09833920 -0.12869561 0.01300821 0.98671051
1778468445.641231 2.000447 -0.045058 1.952532 0.09065429 -0.14648082 0.01217199 0.98497564
1778468445.779933 1.984613 -0.044828 1.965894 0.08315957 -0.16821071 0.01485867 0.98212467
1778468445.926421 1.961367 -0.045403 1.965640 0.08582912 -0.18375861 0.01774532 0.97905630
1778468446.204496 1.938739 -0.044921 1.972297 0.07191434 -0.21520061 0.02021204 0.97370863
1778468446.502238 1.924186 -0.045832 1.989351 0.07590325 -0.24114308 0.02555531 0.96717922
1778468446.769930 1.907701 -0.046828 1.995530 0.07417296 -0.26796481 0.02053557 0.96034969
1778468447.057781 1.881911 -0.046858 1.994597 0.06489079 -0.29367859 0.01730325 0.95354217
1778468447.330065 1.868962 -0.047614 1.993695 0.05104242 -0.31739528 0.01241258 0.94683728
1778468447.890996 1.831634 -0.048278 2.021638 0.07583861 -0.30459954 0.02808498 0.94904102
1778468448.170010 1.814675 -0.048391 2.032597 0.06135252 -0.31962405 0.01958259 0.94535330
1778468448.170010 1.816997 -0.048655 2.029378 0.05988675 -0.31971147 0.01881388 0.94543333
1778468448.452442 1.822772 -0.048699 2.030520 0.05249814 -0.34989094 0.01784386 0.93514805
1778468448.878918 1.826108 -0.047913 2.023197 0.04042386 -0.37254498 0.01778400 0.92696272
1778468449.013206 1.833712 -0.047173 2.016182 0.03628246 -0.39695480 0.01213960 0.91704040
1778468449.147848 1.836672 -0.046090 2.009220 0.03331814 -0.42822246 0.00583975 0.90304005
1778468449.288109 1.838663 -0.045293 2.004884 0.02800613 -0.46601440 -0.00485310 0.88432046
1778468449.429019 1.838797 -0.044454 1.995612 0.01821409 -0.50217868 -0.01866976 0.86437044
1778468449.568042 1.829581 -0.044323 1.986408 -0.00959552 -0.53598394 -0.01962457 0.84394551
1778468449.711080 1.825395 -0.044343 1.982743 0.00083582 -0.58894162 0.03967485 0.80720071
1778468449.852094 1.828540 -0.044197 1.978134 0.00794525 -0.61721179 0.13631930 0.77485710
1778468449.988905 1.838918 -0.042684 1.982971 0.08240720 -0.62500297 0.19302080 0.75187985
1778468450.130850 1.840883 -0.043695 1.987188 0.21965051 -0.59784208 0.13232356 0.75949258
1778468450.269879 1.838047 -0.046603 1.980831 0.25164650 -0.57903579 0.04987640 0.77388884
1778468450.419233 1.834283 -0.046376 1.970972 0.20621482 -0.59022167 -0.01830168 0.78024284
1778468450.548520 1.846187 -0.044537 1.973113 0.17296700 -0.62967325 0.01582390 0.75719457
1778468450.688891 1.829576 -0.047201 1.962242 -0.15874641 0.69760198 -0.05697603 -0.69635105
1778468450.833158 1.853281 -0.043108 1.960539 -0.11609468 0.78973227 -0.11093883 -0.59206211
1778468450.833158 1.853658 -0.042983 1.959179 -0.11405624 0.79179274 -0.10630838 -0.59055394
1778468450.972490 1.855228 -0.042699 1.953924 -0.01507752 0.85905964 -0.14126705 -0.49176502
1778468451.114937 1.858910 -0.041485 1.951038 0.07212749 0.91417447 -0.12898414 -0.37741988
1778468451.253791 1.853126 -0.042760 1.925553 0.04265991 0.93145753 -0.08981215 -0.35000112
1778468451.395548 1.849917 -0.042669 1.918038 0.02594465 0.94455772 -0.03922431 -0.32496005
1778468451.677917 1.848574 -0.042263 1.909590 0.02200234 0.95460772 -0.03936926 -0.29443175
1778468451.965621 1.846375 -0.043125 1.906200 0.02988145 0.96616962 -0.04531131 -0.25213140
1778468452.234008 1.843676 -0.043644 1.901254 0.00324432 0.97760835 -0.03933026 -0.20669912
1778468453.359861 1.828371 -0.045597 1.875678 0.00406193 0.96791473 -0.03414475 -0.24891508
1778468453.778509 1.817717 -0.046234 1.865649 0.02043787 0.95267239 -0.03823466 -0.30089156
1778468454.063020 1.811828 -0.046092 1.860766 -0.00426144 0.93348448 -0.03183599 -0.35717648
1778468454.196774 1.810140 -0.046057 1.859366 0.00576068 0.91910805 -0.03095485 -0.39274548
1778468454.339644 1.806532 -0.045881 1.857612 0.00214485 0.90661716 -0.03008147 -0.42087508
1778468454.481520 1.805531 -0.046335 1.856951 0.01946258 0.89750300 -0.04071394 -0.43869345
1778468454.621410 1.804432 -0.046254 1.857279 0.02671932 0.89032718 -0.04578725 -0.45222463
1778468454.765413 1.802364 -0.045907 1.854962 0.01473455 0.87585420 -0.03819166 -0.48083646
1778468455.181545 1.802206 -0.046686 1.853377 0.01058325 0.89630782 -0.03365476 -0.44202675
1778468455.181545 1.802355 -0.046629 1.852890 0.01087397 0.89743243 -0.03352040 -0.43974216
1778468455.460103 1.802724 -0.046659 1.852192 0.02772618 0.90894881 -0.04267465 -0.41379004
1778468455.741472 1.803553 -0.046491 1.851700 0.03888925 0.92166362 -0.04218898 -0.38372371
1778468455.889668 1.803899 -0.046410 1.851669 0.04274632 0.93428869 -0.04216630 -0.35142481
1778468456.033994 1.803557 -0.046177 1.852158 0.04194364 0.94762319 -0.04239112 -0.31377382
1778468456.164880 1.803397 -0.045944 1.852553 0.04413857 0.96033633 -0.04251480 -0.27202650
1778468456.307491 1.803752 -0.046112 1.851554 -0.00800151 0.97152398 -0.02492782 -0.23549041
1778468456.444315 1.803132 -0.045913 1.851485 0.02106911 0.98196503 -0.03162142 -0.18520490
1778468456.584554 1.803649 -0.045943 1.850563 0.02219765 0.98894382 -0.03210633 -0.14306140
1778468456.719910 1.804607 -0.046149 1.848818 -0.01839589 0.99457731 -0.02412065 -0.09947738
1778468456.859895 1.805488 -0.046255 1.846930 -0.05152045 0.99679169 -0.02144227 -0.05737760
1778468457.002374 1.806149 -0.046421 1.846009 -0.06144797 0.99768035 -0.02177748 -0.01959113
1778468457.140490 1.806564 -0.046286 1.846374 -0.06837618 0.99724659 -0.02321819 0.01687732
1778468457.278530 1.806353 -0.046267 1.846598 -0.12380290 0.98984541 -0.02697868 0.06442870
1778468457.420556 1.806175 -0.046232 1.846488 -0.16523563 0.97395754 -0.04322327 0.14911623
1778468457.558466 1.806640 -0.046181 1.845531 -0.16879728 0.95073955 -0.05788219 0.25347868
1778468457.696779 1.807045 -0.046020 1.845354 -0.14454591 0.93917560 -0.05787560 0.30611450
1778468457.696779 1.808208 -0.046208 1.844345 -0.14204633 0.94061391 -0.05638016 0.30313295
1778468457.839391 1.809608 -0.046016 1.843955 -0.16012619 0.91814612 -0.06970193 0.35568097
1778468457.983999 1.813312 -0.045753 1.842298 -0.15506598 0.90757960 -0.07055824 0.38376470
1778468458.123089 1.816196 -0.046269 1.841373 -0.20276987 0.87596926 -0.10025071 0.42604229
1778468458.263874 1.817859 -0.046106 1.841128 -0.18445989 0.84506027 -0.10722000 0.49025663
1778468458.540479 1.823055 -0.046211 1.838111 -0.17512164 0.80635656 -0.11317264 0.55345592
1778468458.819162 1.827813 -0.046541 1.835592 -0.20641563 0.76156114 -0.15233278 0.59515707
1778468459.102031 1.834467 -0.048091 1.831144 -0.15364601 0.73311310 -0.12446007 0.65072866
1778468459.380827 1.839463 -0.048268 1.827403 -0.17722501 0.70369076 -0.15095385 0.67128499
1778468459.670831 1.842950 -0.049297 1.826609 -0.16297215 0.68678904 -0.14615557 0.69310853
1778468460.223135 1.850147 -0.049649 1.820965 -0.16717594 0.70865014 -0.14157560 0.67068885
1778468460.512761 1.856623 -0.051787 1.814694 -0.18876305 0.72172073 -0.15431243 0.64782357
1778468460.783964 1.860529 -0.052564 1.811751 -0.18654936 0.75679402 -0.14032019 0.61055089
1778468461.342511 1.864922 -0.054095 1.808667 -0.16385394 0.72454257 -0.13290716 0.65614453
1778468461.629682 1.866729 -0.054541 1.807157 -0.13363095 0.70264750 -0.11424445 0.68947623
1778468461.908820 1.868606 -0.055279 1.805498 -0.16638722 0.66812183 -0.15359759 0.70875687
1778468462.186026 1.871131 -0.055196 1.803770 -0.15956267 0.63582498 -0.15698524 0.73866229
1778468462.186026 1.871572 -0.055238 1.803309 -0.16000965 0.63476078 -0.15767867 0.73933288
1778468462.464765 1.872857 -0.055567 1.802930 -0.15047594 0.61924623 -0.15328115 0.75524565
1778468463.026974 1.877444 -0.056395 1.800431 -0.13058500 0.66024634 -0.12317795 0.72928014
1778468463.319262 1.880518 -0.057226 1.798319 -0.15268493 0.69597164 -0.13209835 0.68910146
1778468463.732729 1.886057 -0.060594 1.794256 -0.29479887 0.70758464 -0.22999455 0.59959995
1778468464.010865 1.886082 -0.069906 1.796456 -0.17967957 0.78181274 -0.11578832 0.58572789
1778468464.152690 1.887415 -0.074471 1.795784 0.16363530 0.80310714 0.15772198 0.55078688
1778468464.430569 1.889250 -0.079956 1.794880 -0.01463844 0.83095371 0.04637350 0.55421219
1778468464.709485 1.891592 -0.079076 1.792949 -0.19321115 0.78767138 -0.07959142 0.57957609
1778468464.850512 1.894039 -0.078880 1.790869 -0.11556286 0.78577637 -0.03372119 0.60668246
1778468465.129611 1.899800 -0.082314 1.786637 -0.16106242 0.75398304 -0.09230883 0.63011710
1778468465.409522 1.906389 -0.084855 1.781510 -0.13162217 0.79348507 -0.07285887 0.58970215
1778468465.694947 1.912249 -0.083299 1.775951 0.10948109 0.83626835 0.10493736 0.52693197
1778468465.969811 1.917626 -0.083347 1.770147 -0.10342249 0.83687661 -0.00276087 0.53752554
1778468466.252952 1.924634 -0.087161 1.763068 -0.06968142 0.85043710 0.01175858 0.52130890
1778468466.532758 1.933740 -0.088574 1.754153 -0.12613868 0.83350002 -0.03688979 0.53666180
1778468466.682372 1.937307 -0.091747 1.749753 -0.14217216 0.83216730 -0.06449933 0.53209445
1778468466.682372 1.935853 -0.091918 1.749669 -0.13954347 0.83968787 -0.06094476 0.52128460
1778468466.956146 1.944282 -0.095970 1.740787 -0.30511030 0.81917412 -0.14659590 0.46300228
1778468467.093250 1.946048 -0.101278 1.738265 -0.27011400 0.82505843 -0.14575998 0.47441653
1778468467.232100 1.949142 -0.108449 1.734290 -0.06367517 0.84658184 -0.09340971 0.52011469
1778468467.375600 1.948075 -0.107728 1.733824 -0.02947297 0.83465954 -0.14583798 0.53028868
1778468467.656998 1.949719 -0.112121 1.729777 -0.20346562 0.78834060 -0.24295278 0.52734693
1778468467.790479 1.952890 -0.111909 1.724199 -0.26066896 0.73240772 -0.28225436 0.56210595
1778468467.931321 1.954436 -0.112084 1.720668 -0.22221205 0.67812859 -0.26315161 0.64924160
1778468468.071724 1.955428 -0.108626 1.719765 -0.23381036 0.61557104 -0.28380157 0.69703779
1778468468.210896 1.957802 -0.102557 1.718862 -0.20148954 0.62020343 -0.19754672 0.73193235
1778468468.353345 1.958067 -0.098620 1.715800 -0.15178615 0.61548128 -0.10364116 0.76642173
1778468468.490665 1.965176 -0.095655 1.712009 -0.15010367 0.59972681 -0.08368685 0.78153256
1778468468.631454 1.977586 -0.091379 1.708791 -0.17756508 0.56101671 -0.12162928 0.79933548
1778468468.776275 1.985312 -0.087129 1.704113 -0.10991264 0.53015707 -0.07831705 0.83708968
1778468468.920009 1.994599 -0.084455 1.696723 -0.09627480 0.50846997 -0.10115754 0.84968030
1778468478.027092 2.050933 -0.079333 1.684587 -0.07566711 0.48650833 -0.06635139 0.86786037
1778468478.168330 2.052147 -0.079633 1.688028 -0.08400107 0.46787250 -0.07899273 0.87624157
1778468478.168330 2.048720 -0.079616 1.687395 -0.08353007 0.46894250 -0.07743958 0.87585317
1778468478.303750 2.045377 -0.078549 1.688579 -0.08269839 0.43735080 -0.08126679 0.89178527
1778468478.719209 2.053174 -0.076488 1.693072 -0.07337279 0.38464530 -0.07165213 0.91734966
1778468479.139409 2.070849 -0.071822 1.699663 -0.07190611 0.35232168 -0.06759756 0.93066079
1778468479.417601 2.063951 -0.073098 1.704566 -0.06736289 0.32087382 -0.07487521 0.94175153
1778468479.556801 2.041598 -0.070320 1.718901 -0.06939657 0.29251508 -0.08092943 0.95029967
1778468479.698631 2.055135 -0.070405 1.718994 -0.05879232 0.24012762 -0.05259362 0.96753093
1778468479.843377 2.032160 -0.071383 1.723337 -0.05030879 0.20011127 -0.04525536 0.97743361
1778468480.121716 2.046370 -0.072353 1.725260 -0.05054251 0.21851687 -0.05812837 0.97278822
1778468480.265671 2.062117 -0.069240 1.727996 -0.04743214 0.22893912 -0.03148428 0.97177457
1778468480.823918 2.091380 -0.063822 1.748740 -0.06274955 0.22521116 -0.05352533 0.97081279
1778468481.244745 2.097678 -0.062990 1.766416 -0.04756703 0.22715286 -0.03131939 0.97219240
1778468481.522073 2.120788 -0.061700 1.769406 -0.05526624 0.24137597 -0.03004540 0.96839071
1778468481.666706 2.140624 -0.062156 1.769623 -0.05267108 0.26213636 -0.03223889 0.96305293
1778468481.810674 2.143734 -0.059910 1.760430 -0.05180754 0.29207729 -0.02848516 0.95456557
1778468482.085211 2.144983 -0.061575 1.764916 -0.05417903 0.27082211 -0.03521268 0.96045827
1778468482.235423 2.138052 -0.062567 1.769496 -0.05422141 0.25358177 -0.04493426 0.96474724
1778468482.235423 2.135731 -0.063006 1.768679 -0.05419898 0.25306034 -0.04457371 0.96490213
1778468482.361943 2.116682 -0.061250 1.774482 -0.06173500 0.23547992 -0.05768615 0.96819952
1778468482.503566 2.076263 -0.055867 1.795387 -0.06119396 0.22407575 -0.05435760 0.97112852
1778468482.648127 2.069716 -0.052593 1.812064 -0.05875429 0.20280537 -0.05509680 0.97590074
1778468483.342308 1.984174 -0.040302 1.870379 -0.05519157 0.20679255 -0.04823732 0.97563512
1778468483.905965 2.047711 -0.039325 1.879578 -0.05643348 0.17806928 -0.04246130 0.98148033
1778468484.183843 2.030090 -0.039172 1.888764 -0.05219906 0.19357296 -0.04460308 0.97868040
1778468484.747000 2.046743 -0.037407 1.927880 -0.05240342 0.20085569 -0.02896614 0.97778926
1778468485.027192 2.099093 -0.036016 1.921354 -0.05601661 0.18687178 -0.02830490 0.98037743
1778468485.308115 2.124825 -0.042805 1.919768 -0.04858153 0.19074455 -0.02339616 0.98015763
1778468485.443397 2.136669 -0.041124 1.920764 -0.05190509 0.19873026 -0.03591823 0.97801944
1778468486.009383 2.157282 -0.038146 1.940856 -0.05632235 0.21304106 -0.03205982 0.97489152
1778468486.286564 2.193926 -0.044484 1.922077 -0.05246616 0.20794566 -0.03728316 0.97602042
1778468486.427169 2.206919 -0.043484 1.937351 -0.04993949 0.23038953 -0.02814622 0.97140851
1778468486.848562 2.214189 -0.048916 1.920289 -0.04936670 0.24483650 -0.03060329 0.96782305
1778468486.994388 2.175813 -0.042213 1.927151 -0.05467225 0.30869261 -0.03873733 0.94879884
1778468487.411184 2.142622 -0.042772 1.919689 -0.05468314 0.34232193 -0.03730542 0.93724797
1778468487.411184 2.142526 -0.042713 1.919682 -0.05438705 0.34311369 -0.03642059 0.93701045
1778468488.537391 2.134898 -0.043022 1.917026 -0.06070816 0.40700847 -0.05335542 0.90984165
1778468488.683137 2.123323 -0.042630 1.911562 -0.06057359 0.50660505 -0.05725878 0.85813962
1778468488.818977 2.110608 -0.042370 1.907472 -0.07524840 0.66347537 -0.06759698 0.74132905
1778468488.958386 2.096961 -0.042414 1.910808 -0.06267685 0.83251222 -0.03274396 0.54947507
1778468489.105130 2.116973 -0.044220 1.903202 -0.00699182 0.81634030 0.01770652 0.57725741
1778468489.384906 2.148416 -0.047203 1.888120 -0.04643093 0.76162221 0.00222523 0.64635194
1778468489.941508 2.184812 -0.050151 1.877120 -0.06423625 0.66167388 -0.00160877 0.74703333
1778468490.079513 2.169954 -0.049765 1.883693 -0.09956016 0.54417868 -0.06381804 0.83059292
1778468490.221287 2.192983 -0.047393 1.885510 -0.05496623 0.41469860 -0.02448693 0.90796706
1778468490.366126 2.178522 -0.045793 1.895298 -0.04403448 0.35802693 -0.01532677 0.93254639
1778468490.502788 2.177397 -0.045255 1.893279 -0.04001656 0.28088002 -0.01461423 0.95879691
1778468490.640026 2.174668 -0.047069 1.894443 -0.04377759 0.21740363 -0.03337508 0.97452824
1778468490.789316 2.159776 -0.046430 1.902892 -0.03688121 0.18729317 -0.01479674 0.98149992
1778468490.924902 2.168687 -0.045711 1.903645 -0.04436601 0.12724646 -0.03840662 0.99013379
1778468491.065718 2.151127 -0.045913 1.908458 -0.04124750 0.09829001 -0.02907123 0.99387755
1778468491.205445 2.139260 -0.044391 1.915245 -0.03572896 0.06360687 -0.03934270 0.99655896
1778468491.205445 2.139064 -0.044426 1.915264 -0.03515232 0.06417517 -0.03837794 0.99658065
1778468491.907253 2.131915 -0.043992 1.915192 -0.03023376 0.03868792 -0.04050765 0.99797209
1778468492.185898 2.138420 -0.044363 1.912866 -0.02984474 0.05242230 -0.04136755 0.99732137
1778468492.327605 2.149209 -0.044879 1.908558 -0.02921426 0.07801201 -0.03139001 0.99602978
1778468492.468363 2.167403 -0.045097 1.902400 -0.03703682 0.10391921 -0.02454636 0.99359275
1778468492.603606 2.178921 -0.046228 1.900321 -0.04019543 0.13304069 -0.02033730 0.99008631
1778468492.744970 2.178875 -0.046409 1.906600 -0.04018050 0.16125614 -0.01863565 0.98591820
1778468493.581411 2.205732 -0.047605 1.885374 -0.03738997 0.14073111 -0.01982396 0.98914294
1778468493.720404 2.208419 -0.047042 1.886535 -0.03853905 0.14889667 -0.02401580 0.98780958
1778468493.864145 2.227792 -0.045218 1.886794 -0.03948942 0.16771914 -0.01495544 0.98493005
1778468494.011420 2.294504 -0.051813 1.856882 -0.04289231 0.15980423 -0.01930605 0.98602745
1778468494.149858 2.298027 -0.049894 1.846745 -0.03643066 0.19522363 -0.01099812 0.98002020
1778468494.290186 2.289709 -0.052605 1.833701 -0.05234430 0.21151577 -0.01441001 0.97586552
1778468494.428345 2.334344 -0.047470 1.836049 -0.05046747 0.24816579 -0.00014887 0.96740206
1778468494.565862 2.254559 -0.048639 1.880671 -0.05457216 0.39774475 -0.01565802 0.91573785
1778468494.706556 2.109816 -0.045966 1.873924 -0.04046599 0.56288319 0.00060256 0.82554506
1778468494.987693 2.131798 -0.045913 1.921517 -0.05066661 0.54401176 0.01410381 0.83742771
1778468494.987693 2.131798 -0.045913 1.921517 -0.05066661 0.54401176 0.01410381 0.83742771
1778468495.268106 2.142851 -0.045351 1.920328 -0.08520782 0.54051727 -0.06391012 0.83456348
1778468495.410158 2.161865 -0.045252 1.918829 -0.06198821 0.60082362 -0.03074990 0.79638111
1778468495.828489 2.193889 -0.046971 1.919945 -0.06994467 0.54762312 -0.02673487 0.83336781
1778468495.969738 2.211897 -0.046624 1.918393 -0.06068182 0.50685266 -0.03684677 0.85910442
1778468496.526005 2.274660 -0.046381 1.917569 -0.08292715 0.47847090 -0.05577237 0.87239792
1778468500.591554 2.274907 -0.048163 1.912587 -0.06213474 0.51861603 -0.04298608 0.85166242
1778468500.731120 2.271240 -0.048072 1.910129 -0.05814564 0.56856990 -0.03963652 0.81961960
1778468501.014406 2.279061 -0.047974 1.907060 -0.05173464 0.66022366 -0.02740964 0.74878365
1778468501.294092 2.289737 -0.048292 1.903956 -0.02843534 0.72688994 -0.00307527 0.68615813
1778468501.579591 2.306122 -0.048324 1.899294 -0.03880806 0.77824241 -0.02528633 0.62625337
1778468501.858288 2.322438 -0.049779 1.893790 -0.01380649 0.83097423 -0.01429408 0.55595583
1778468502.270786 2.340700 -0.050137 1.891593 -0.04445640 0.75915580 -0.03476943 0.64845754
1778468502.553095 2.358413 -0.050315 1.889882 -0.03852331 0.68821527 -0.03659160 0.72355839
1778468502.691328 2.363675 -0.051422 1.890715 -0.06146403 0.65419149 -0.04265798 0.75261940
1778468502.974723 2.375688 -0.051489 1.892641 -0.05295494 0.57226946 -0.03413833 0.81764174
1778468503.253314 2.385470 -0.050653 1.893453 -0.04693992 0.50193228 -0.03372692 0.86297342
1778468503.253314 2.385470 -0.050653 1.893453 -0.04693992 0.50193228 -0.03372692 0.86297342
1778468503.533993 2.392606 -0.051344 1.897742 -0.05113741 0.45157443 -0.05529727 0.88904877
1778468503.813173 2.400959 -0.050655 1.907827 -0.03165196 0.42497000 -0.02841202 0.90420762
1778468504.094424 2.408880 -0.050806 1.913012 -0.04583528 0.38534190 -0.05351012 0.92008011
1778468504.373095 2.425877 -0.050442 1.923797 -0.03100523 0.36375751 -0.02593873 0.93061610
1778468504.654404 2.435511 -0.049721 1.932087 -0.03804232 0.34204108 -0.02978988 0.93844193
1778468504.939878 2.448029 -0.050079 1.944536 -0.03546426 0.32379474 -0.02774411 0.94505530
1778468505.356998 2.452787 -0.050801 1.955428 -0.03763368 0.29885456 -0.03893431 0.95276113
1778468506.196664 2.495275 -0.051744 1.954571 -0.03366617 0.31556624 -0.02026364 0.94808962
1778468506.624974 2.511154 -0.051512 1.954357 -0.03709781 0.35163986 -0.02997285 0.93491967
1778468507.454014 2.554045 -0.053763 1.954338 -0.04134491 0.33339360 -0.03994015 0.94103352
1778468507.732752 2.561979 -0.054538 1.960660 -0.04436053 0.32201296 -0.04958063 0.94439481
1778468508.015097 2.565232 -0.054545 1.962850 -0.03705753 0.28931448 -0.03715031 0.95579481
1778468508.294331 2.562894 -0.054129 1.964837 -0.04029404 0.26291860 -0.05840597 0.96220525
1778468508.570972 2.572201 -0.053219 1.967190 -0.03498007 0.22751092 -0.04605534 0.97205662
1778468508.997591 2.585459 -0.054907 1.971062 -0.03691112 0.19674598 -0.05555941 0.97818288
1778468509.695373 2.604446 -0.052982 1.979621 -0.03634253 0.21116057 -0.04069090 0.97592760
1778468509.695373 2.604446 -0.052982 1.979621 -0.03634253 0.21116057 -0.04069090 0.97592760
1778468510.958609 2.598541 -0.052634 1.979820 -0.03666517 0.18020298 -0.05622901 0.98133626
1778468511.094481 2.595159 -0.052306 1.978480 -0.03494444 0.16583050 -0.04227607 0.98462778
1778468511.233513 2.598152 -0.052252 1.979406 -0.03303957 0.14754244 -0.02792370 0.98810925
1778468511.376421 2.586392 -0.051481 1.983914 -0.03204726 0.13168972 -0.02655425 0.99041691
1778468511.513984 2.580233 -0.050572 1.986559 -0.03041086 0.11596655 -0.02650719 0.99243353
1778468511.654193 2.566596 -0.049677 1.992725 -0.03179104 0.10616377 -0.02459246 0.99353601
1778468511.796449 2.551531 -0.049013 1.999022 -0.02930305 0.09465623 -0.02706192 0.99471060
1778468511.933851 2.545802 -0.047724 2.003252 -0.02995797 0.08343769 -0.03420359 0.99547516
1778468512.074232 2.535277 -0.046013 2.004108 -0.03355842 0.07321692 -0.04625122 0.99567763
1778468512.356726 2.519683 -0.044598 2.008224 -0.03619013 0.05429070 -0.05101180 0.99656439
1778468512.777483 2.520367 -0.045238 2.008979 -0.03398209 0.02604096 -0.06012758 0.99727216
1778468513.196456 2.498416 -0.041542 2.014326 -0.04137542 0.01549732 -0.06962737 0.99659417
1778468513.615236 2.488729 -0.043746 2.019822 -0.03038850 0.02881542 -0.04890644 0.99792503
1778468513.895466 2.487847 -0.042105 2.030196 -0.03032493 0.03934251 -0.05838263 0.99705769
1778468514.034403 2.485851 -0.041668 2.030547 -0.03121538 0.05812105 -0.05771352 0.99615094
1778468514.176529 2.482215 -0.039552 2.032462 -0.03599821 0.07512932 -0.05716906 0.99488261
1778468514.176529 2.482215 -0.039552 2.032462 -0.03599821 0.07512932 -0.05716906 0.99488261
1778468514.318433 2.480962 -0.039343 2.031581 -0.03584794 0.08959184 -0.06002772 0.99352146
1778468514.460843 2.476748 -0.039044 2.028647 -0.03598879 0.10434949 -0.06384654 0.99183648
1778468514.597523 2.484007 -0.039154 2.031547 -0.03855453 0.11420749 -0.07663664 0.98974594
1778468514.737511 2.492680 -0.040392 2.031497 -0.03707634 0.12580306 -0.07243082 0.98871265
1778468514.875431 2.503628 -0.041809 2.031573 -0.03578522 0.13435625 -0.06425846 0.98819971
1778468515.155592 2.521599 -0.044659 2.029481 -0.03139326 0.14249754 -0.04792840 0.98813551
1778468515.438482 2.542235 -0.046389 2.029208 -0.03316467 0.15817605 -0.06079659 0.98497930
1778468515.729609 2.567662 -0.048728 2.024970 -0.03197069 0.16208070 -0.05495960 0.98472695
1778468516.143787 2.600109 -0.051299 2.032586 -0.03115426 0.18696005 -0.05042448 0.98057775
1778468516.562846 2.631522 -0.054889 2.035966 -0.02933000 0.20372832 -0.04437920 0.97758120
1778468516.983577 2.649152 -0.056590 2.040698 -0.03682281 0.22068025 -0.05446781 0.97312772
1778468518.101755 2.683234 -0.054491 2.063204 -0.03792806 0.20403126 -0.05318575 0.97678246
1778468518.807028 2.701771 -0.056637 2.076431 -0.03186414 0.18350877 -0.04488245 0.98147581
1778468519.643259 2.757274 -0.060862 2.080892 -0.03588473 0.20874676 -0.04839136 0.97611237
1778468520.340971 2.773923 -0.061214 2.090188 -0.03886747 0.18598262 -0.06487994 0.97963788
1778468520.762517 2.765150 -0.061351 2.101030 -0.03552148 0.16710280 -0.05637064 0.98368553
1778468520.762517 2.765150 -0.061351 2.101030 -0.03552148 0.16710280 -0.05637064 0.98368553
1778468521.049304 2.759398 -0.060918 2.106421 -0.03527988 0.15523105 -0.06714780 0.98496184
1778468521.322990 2.759682 -0.060911 2.111749 -0.02989597 0.14049301 -0.05337458 0.98818981
1778468521.604721 2.753897 -0.059401 2.117021 -0.03264786 0.12913087 -0.07394691 0.98832747
1778468521.882769 2.745774 -0.059409 2.127392 -0.02950520 0.12442768 -0.05198471 0.99042657
1778468522.164737 2.740445 -0.058461 2.132380 -0.03399705 0.11497640 -0.06411921 0.99071356
1778468522.441800 2.734243 -0.057847 2.140040 -0.03442093 0.10689922 -0.05454079 0.99217592
1778468522.723555 2.732410 -0.057927 2.145492 -0.03817580 0.09821384 -0.05544213 0.99288611
1778468525.667120 2.714244 -0.055261 2.144342 -0.03289640 0.10074245 -0.05276737 0.99296747
1778468525.805831 2.692527 -0.052577 2.149522 -0.03348261 0.10522736 -0.06548898 0.99172441
1778468525.941469 2.672453 -0.050497 2.152783 -0.03999592 0.10597330 -0.07763982 0.99052615
1778468526.085122 2.640220 -0.045463 2.162138 -0.04238424 0.11735036 -0.09315323 0.98780309
1778468526.222588 2.606889 -0.041793 2.172308 -0.04229247 0.12802233 -0.06406163 0.98879610
1778468526.362061 2.590555 -0.040046 2.176904 -0.03965266 0.09172230 -0.06446030 0.99290461
1778468526.501438 2.574300 -0.043115 2.178760 -0.03934598 0.06928078 -0.04338042 0.99587660
1778468526.644192 2.574271 -0.042919 2.173317 -0.04166257 0.02137328 -0.07117754 0.99636398
1778468526.928294 2.576710 -0.039725 2.172093 -0.03348884 0.01471250 -0.09586923 0.99472163
1778468526.928294 2.576710 -0.039725 2.172093 -0.03348884 0.01471250 -0.09586923 0.99472163
1778468527.206445 2.575924 -0.039475 2.170609 -0.03363168 -0.00479715 -0.09912773 0.99449464
1778468527.479347 2.565674 -0.036963 2.167952 -0.03123021 -0.01656880 -0.11298919 0.99296706
1778468527.624903 2.556790 -0.035404 2.169238 -0.03169236 -0.03175686 -0.11874667 0.99191044
1778468528.179998 2.530923 -0.030295 2.173021 -0.03475281 -0.03407290 -0.09665146 0.99412765
1778468528.596412 2.506661 -0.026179 2.181106 -0.02835534 -0.05210542 -0.11832231 0.99120171
1778468528.750787 2.487185 -0.022250 2.181572 -0.02548792 -0.06600871 -0.12897572 0.98912005
1778468528.878532 2.452504 -0.015521 2.181301 -0.02673690 -0.06636515 -0.12123661 0.99004166
1778468529.021025 2.413841 -0.009802 2.181919 -0.02869240 -0.06381128 -0.12087676 0.99019881
1778468529.157554 2.396268 -0.009746 2.188430 -0.03237128 -0.10153443 -0.11809391 0.98726728
1778468529.299662 2.353023 -0.003070 2.185836 -0.03342964 -0.08511785 -0.13115758 0.98713479
1778468529.439041 2.323206 0.002871 2.185108 -0.03022735 -0.09354045 -0.11787005 0.98815138
1778468529.580397 2.347232 -0.002033 2.182203 -0.02146372 -0.21388573 -0.13195121 0.96766786
1778468529.720007 2.337661 -0.000709 2.178951 -0.02193373 -0.26262288 -0.12151127 0.95696559
1778468529.861510 2.344477 -0.004004 2.177847 0.01330650 -0.42177630 -0.16270469 0.89188277
1778468530.007168 2.328101 -0.002411 2.176903 0.02845398 -0.54971535 -0.14004303 0.82303788
1778468530.567975 2.315945 0.000376 2.182379 0.02723801 -0.46147247 -0.16020703 0.87214388
1778468530.567975 2.315945 0.000376 2.182379 0.02723801 -0.46147247 -0.16020703 0.87214388
1778468530.710442 2.309359 0.000593 2.184046 -0.00350720 -0.39755362 -0.11737150 0.91003448
1778468531.968236 2.229450 0.011588 2.200117 0.02656175 -0.58759909 -0.13793044 0.79686698
1778468532.672026 2.184088 0.016165 2.207495 0.02209562 -0.63613036 -0.10843862 0.76360397
1778468532.807656 2.177982 0.016275 2.206139 0.05040267 -0.67271127 -0.12786748 0.72702753
1778468532.946000 2.167070 0.018122 2.204401 -0.05386473 0.73491407 0.10426957 -0.66792796
1778468533.084900 2.170836 0.018934 2.201354 -0.06534104 0.81546034 0.09396257 -0.56738525
1778468533.231090 2.176642 0.016491 2.199492 -0.00819854 0.89557583 0.04011266 -0.44302109
1778468533.363653 2.189259 0.014943 2.195852 -0.01653414 0.92982036 0.02754027 -0.36660913
1778468533.507959 2.201384 0.013802 2.190174 -0.01294786 0.94883893 0.01699737 -0.31503672
1778468533.666430 2.192254 0.014717 2.190171 0.00300728 0.96928558 0.00574823 -0.24585236
1778468534.909832 2.198342 0.014107 2.197068 -0.02589648 0.95847410 0.01343672 -0.28368331
1778468535.050662 2.202955 0.014377 2.198397 -0.01944121 0.94621313 0.02198511 -0.32221020
1778468535.188548 2.198426 0.015334 2.201872 -0.04621659 0.92510321 0.03284048 -0.37545915
1778468535.326508 2.180449 0.017176 2.203118 -0.06924849 0.86993901 0.06302882 -0.48418812
1778468535.462999 2.178170 0.015984 2.206777 -0.09113974 0.77237703 0.11841769 -0.61733663
1778468535.604828 2.181845 0.016004 2.210935 0.03702074 -0.64975562 -0.10390599 0.75209750
1778468535.604828 2.181845 0.016004 2.210935 0.03702074 -0.64975562 -0.10390599 0.75209750
1778468535.824136 2.184662 0.015955 2.210325 0.03427945 -0.56330571 -0.12771454 0.81559831
1778468535.966575 2.175818 0.016999 2.213474 -0.00867228 -0.27009884 -0.16322021 0.94885751
1778468536.095468 2.171888 0.016925 2.218284 -0.02807157 -0.21540019 -0.13399816 0.96688119
1778468536.654957 2.154834 0.017383 2.221484 -0.02192828 -0.25587676 -0.11964169 0.95902664
1778468537.500051 2.101873 0.023518 2.238420 0.00441097 -0.37466714 -0.15503926 0.91409403
1778468538.193280 2.037985 0.030733 2.256360 0.03016719 -0.64145414 -0.11989283 0.75713423
1778468538.333414 2.003940 0.035392 2.261014 -0.06067399 0.82400752 0.07936026 -0.55770263
1778468538.473786 1.987020 0.035941 2.259464 -0.04973588 0.90979339 0.03600984 -0.41049435
1778468538.614035 1.979989 0.037973 2.255835 -0.03225004 0.94549460 0.01575337 -0.32365371
1778468538.756651 1.967879 0.038468 2.254665 -0.02110086 0.95505887 0.00640628 -0.29559477
1778468539.597226 1.931027 0.043770 2.244825 -0.01706888 0.96764638 -0.00077325 -0.25173110
1778468539.737369 1.924865 0.042736 2.241337 -0.02273684 0.97008446 -0.00473940 -0.24165412
1778468540.298805 1.875979 0.053689 2.232606 0.00455719 0.97199497 -0.00323027 -0.23493526
1778468540.445866 1.859124 0.052734 2.230946 -0.00408248 0.97881295 -0.01137671 -0.20439941
1778468541.003204 1.836846 0.058304 2.219341 -0.01151229 0.97826022 -0.00251413 -0.20704611
1778468541.282899 1.818695 0.060108 2.210606 -0.01433621 0.98475696 -0.00180841 -0.17333475
1778468541.282899 1.818695 0.060108 2.210606 -0.01433621 0.98475696 -0.00180841 -0.17333475
1778468541.983953 1.781856 0.064934 2.196188 0.00034276 0.98667872 -0.00622754 -0.16256141
1778468542.689972 1.740408 0.073657 2.172989 0.01186483 0.98701556 -0.00630522 -0.16006171
1778468543.242050 1.707668 0.080519 2.153905 0.01832111 0.98626328 -0.01002940 -0.16385508
1778468543.524676 1.680390 0.086481 2.145006 0.01476925 0.98032565 -0.00252228 -0.19681750
1778468544.232201 1.630874 0.092989 2.132117 0.01683383 0.97825048 -0.01072264 -0.20646462
1778468544.640634 1.602479 0.097230 2.123770 -0.00673496 0.97989908 -0.00176097 -0.19937232
1778468544.919022 1.601376 0.097264 2.117029 -0.00900393 0.98412439 -0.00402312 -0.17720588
1778468545.059704 1.607939 0.095359 2.113026 -0.00272251 0.98777986 -0.00644035 -0.15569858
1778468545.200014 1.610613 0.096102 2.111155 0.01004431 0.99232427 -0.01272336 -0.12259598
1778468545.340315 1.617517 0.096897 2.111546 0.02230119 0.99553277 -0.01523087 -0.09047196
1778468545.480928 1.621591 0.093016 2.109021 0.03259852 0.99776958 -0.01691837 -0.05574023
1778468545.627548 1.628001 0.092984 2.105820 0.02670392 0.99901234 -0.01903847 -0.02997981
1778468545.763227 1.633023 0.095122 2.092258 0.03828324 0.99888888 -0.02313621 -0.01483659
1778468546.327024 1.647841 0.097392 2.086231 0.05952461 0.99798274 -0.02184952 -0.00314025
1778468546.740668 1.664551 0.094843 2.069529 0.03580758 0.99906757 -0.02392372 0.00307608
1778468547.161537 1.678399 0.099905 2.043269 0.05609718 0.99821571 -0.01633178 -0.01231979
1778468547.161537 1.678399 0.099905 2.043269 0.05609718 0.99821571 -0.01633178 -0.01231979
1778468548.148081 1.699202 0.105191 1.993665 0.05044001 0.99856616 -0.01657314 -0.00683762
1778468548.701264 1.712575 0.110413 1.963164 0.03424173 0.99930122 -0.01417860 -0.00485207
1778468549.677967 1.748127 0.120084 1.893657 0.05683783 0.99822244 -0.01488608 0.00999116
1778468549.827752 1.750499 0.119121 1.886272 0.03174109 0.99872830 -0.01357276 0.03674322
1778468550.384835 1.774146 0.123250 1.858688 0.04936875 0.99767251 -0.01813322 0.04339899
1778468550.664862 1.783728 0.126590 1.838401 0.03433299 0.99923418 -0.01774485 -0.00611786
1778468551.223650 1.799994 0.131801 1.801817 0.05243039 0.99851341 -0.01462208 0.00286669
1778468551.642882 1.815364 0.136266 1.773818 0.03933013 0.99908830 -0.01561491 0.00564652
1778468551.921968 1.823109 0.137708 1.757296 0.05509644 0.99838339 -0.01106558 0.00851697
1778468552.197734 1.835750 0.141269 1.736050 0.04263631 0.99892149 -0.01550525 0.00987916
1778468552.338095 1.843922 0.140263 1.730843 0.02241647 0.99846583 -0.01027397 0.04957762
1778468553.178779 1.880126 0.142573 1.688840 0.04186851 0.99320496 -0.01219391 0.10789925
1778468553.315495 1.889689 0.141619 1.688657 0.04525434 0.98181469 -0.01138857 0.18401703
1778468553.466473 1.890528 0.141607 1.694870 0.05277870 0.95407119 -0.00335026 0.29487513
1778468553.599847 1.883755 0.137373 1.700446 0.07736415 0.88772944 -0.00337131 0.45380597
1778468553.739737 1.896910 0.144826 1.693680 0.08338514 0.84505884 0.03944535 0.52665600
1778468553.739737 1.896910 0.144826 1.693680 0.08338514 0.84505884 0.03944535 0.52665600
1778468554.018800 1.904062 0.145501 1.684913 0.08314905 0.88085909 0.03516162 0.46469038
1778468554.156124 1.910519 0.146504 1.672272 0.08578423 0.92400959 0.01421907 0.37235085
1778468554.296204 1.912845 0.146624 1.667236 0.12315253 0.95376551 0.01166556 0.27391373
1778468554.438784 1.925266 0.145787 1.664416 0.11646096 0.96913412 0.00272470 0.21727512
1778468555.002521 1.953338 0.150102 1.638442 0.11279945 0.93381722 0.03912402 0.33724025
1778468555.140836 1.962899 0.148414 1.634916 0.09131707 0.89969442 0.01948572 0.42641699
1778468555.558993 1.991576 0.148629 1.622392 0.10728357 0.89016814 0.02614009 0.44204933
1778468555.977372 2.020929 0.146725 1.612079 0.08874100 0.83855458 0.04240738 0.53586646
1778468556.115458 2.024945 0.146011 1.615671 0.08518510 0.79812202 0.03715839 0.59528480
1778468556.262646 2.031411 0.143886 1.617059 0.05611046 0.72901034 0.02342394 0.68179679
1778468556.399305 2.041022 0.141930 1.617882 0.04057701 0.68872923 0.00776702 0.72384061
1778468556.816493 2.058409 0.140652 1.613363 0.04859398 0.63126588 0.03161943 0.77339655
1778468557.379701 2.065867 0.140475 1.614417 0.04663752 0.55132375 0.04364523 0.83184263
1778468557.520737 2.060509 0.140821 1.614554 0.02879515 0.48792266 0.01701164 0.87224591
1778468557.660049 2.053796 0.139410 1.618402 0.01362968 0.42897264 0.00088400 0.90321422
1778468557.801801 2.063363 0.137867 1.623849 0.00254387 0.37006125 -0.01323453 0.92890960
1778468557.801801 2.063363 0.137867 1.623849 0.00254387 0.37006125 -0.01323453 0.92890960
1778468558.359745 2.061959 0.137530 1.625141 0.01706239 0.36458425 0.02043202 0.93078984
1778468559.478344 2.068988 0.138726 1.629132 0.01483198 0.36528243 0.03166678 0.93023974
1778468559.904818 2.088707 0.133354 1.636990 0.00934625 0.36027835 0.00731029 0.93276938
1778468560.748108 2.094067 0.132162 1.635994 0.00351131 0.41239647 0.00062518 0.91099749
1778468562.148805 2.097919 0.132903 1.633722 0.01680357 0.44761120 0.01620852 0.89392345
1778468562.295419 2.082582 0.134446 1.627333 0.01736893 0.50913750 0.00479903 0.86049654
1778468562.434772 2.066685 0.134892 1.625918 0.00922904 0.61455442 -0.00213376 0.78881756
1778468562.574337 2.069074 0.135637 1.627028 0.05071612 0.71653807 0.02943779 0.69507876
1778468562.724229 2.069064 0.134622 1.627271 0.03948079 0.81386445 0.00107857 0.57971093
1778468562.856631 2.061205 0.137325 1.627132 0.02974529 0.89224362 -0.01838073 0.45019851
1778468562.999595 2.069214 0.137275 1.622600 0.06906207 0.94138334 -0.00268502 0.33018272
1778468563.140618 2.076482 0.137777 1.615857 0.06482339 0.94908693 -0.01624295 0.30784426
1778468563.977056 2.082688 0.136979 1.613862 0.05353499 0.97457630 -0.02231298 0.21641896
1778468564.116791 2.096739 0.137006 1.600138 0.05411559 0.98559976 -0.02168044 0.15872797
1778468564.263579 2.088502 0.137545 1.601660 0.06616291 0.99222997 -0.03014890 0.10096138
1778468564.405315 2.074485 0.140495 1.581904 0.04702926 0.99153521 -0.02564186 0.11827373
1778468564.405315 2.074485 0.140495 1.581904 0.04702926 0.99153521 -0.02564186 0.11827373
