1778755153.596083 0.000000 -0.000000 -0.000000 0.00000000 0.00000000 -0.00000000 1.00000000
1778755154.411234 0.012387 -0.022327 -0.009223 -0.02714446 -0.00274317 -0.00753863 0.99959933
1778755158.121973 0.067752 -0.033870 -0.104159 -0.03674306 0.02891688 -0.02152386 0.99867436
1778755158.280539 0.108954 -0.036872 -0.096784 -0.04360012 0.04147436 -0.02620185 0.99784386
1778755158.961802 0.039275 -0.026279 -0.073376 -0.03486428 0.03426669 -0.00987239 0.99875563
1778755159.103605 0.017046 -0.025236 -0.057755 -0.03149019 0.00788091 -0.00224009 0.99947048
1778755159.385232 -0.013095 -0.019496 -0.022063 -0.04432168 -0.01811009 -0.00854836 0.99881657
1778755168.901544 0.042463 -0.032832 -0.101798 -0.04462660 0.01377023 -0.02099560 0.99868816
1778755169.042620 0.094653 -0.038786 -0.128713 -0.04481043 0.03931035 -0.02888560 0.99780376
1778755169.180408 0.164409 -0.043009 -0.173247 -0.04302805 0.06936278 -0.03332674 0.99610578
1778755169.342285 0.119660 -0.036603 -0.115583 -0.04564480 0.16935520 -0.03886559 0.98373006
1778755169.462192 0.096058 -0.044546 -0.127165 -0.03327523 0.29553489 -0.04528688 0.95367761
1778755169.604209 0.113392 -0.045207 -0.098258 -0.04356264 0.41785264 -0.07092894 0.90469363
1778755169.750512 0.144256 -0.036276 -0.116700 -0.03962508 0.51856671 -0.05007198 0.85264953
1778755169.883756 0.252045 -0.058505 -0.190458 -0.03757756 0.58710529 -0.06662638 0.80588847
1778755170.035737 0.274145 -0.086652 -0.290745 -0.04301250 0.63483378 -0.07737915 0.76756007
1778755170.167444 0.255650 -0.112876 -0.427345 -0.05076831 0.68527836 -0.09859154 0.71978875
1778755170.167444 0.255715 -0.112979 -0.427460 -0.05078744 0.68526090 -0.09860797 0.71980178
1778755170.306261 0.250335 -0.112549 -0.426870 -0.03442475 0.74271404 -0.07473607 0.66453391
1778755170.454746 0.255469 -0.112350 -0.424654 -0.02847909 0.78446773 -0.08600219 0.61351687
1778755170.587740 0.255962 -0.113937 -0.432745 -0.04635857 0.80777782 -0.09679691 0.57963457
1778755170.728154 0.250124 -0.114128 -0.435163 -0.05221457 0.81960829 -0.09927893 0.56183591
1778755171.008131 0.253832 -0.116146 -0.443319 -0.03548325 0.83397371 -0.08779780 0.54361783
1778755171.285351 0.268008 -0.117472 -0.461674 -0.04912218 0.79036548 -0.08323132 0.60496444
1778755171.428489 0.309427 -0.119105 -0.466641 -0.05435546 0.75846066 -0.07676574 0.64489528
1778755171.565493 0.351785 -0.124209 -0.489108 -0.05514633 0.72528125 -0.08758334 0.68062850
1778755171.718765 0.406366 -0.128112 -0.504455 -0.06080420 0.70338426 -0.08899575 0.70259034
1778755171.992174 0.482688 -0.131220 -0.497742 -0.04534640 0.68417780 -0.07942021 0.72355848
1778755173.675526 0.702074 -0.143175 -0.491629 -0.03876751 0.67704415 -0.08506621 0.72998085
1778755174.647535 0.782500 -0.146018 -0.492519 -0.03842802 0.69879669 -0.08246187 0.70951146
1778755174.926399 0.790212 -0.144767 -0.482480 -0.03059226 0.68388881 -0.07158076 0.72542154
1778755175.072896 0.803260 -0.145151 -0.474079 -0.03872419 0.65545941 -0.07752483 0.75024216
1778755175.210186 0.810797 -0.146051 -0.469122 -0.04166806 0.63852391 -0.08238131 0.76404470
1778755175.488995 0.814599 -0.148774 -0.472470 -0.04750875 0.62649382 -0.07705764 0.77415149
1778755175.488995 0.815350 -0.149747 -0.475769 -0.04806270 0.62645277 -0.07738294 0.77411807
1778755178.642361 0.822296 -0.150500 -0.475391 -0.05476297 0.63349580 -0.08557401 0.76704705
1778755178.775512 0.827988 -0.153206 -0.481733 -0.05805051 0.64371360 -0.08456474 0.75836122
1778755178.912089 0.816383 -0.152957 -0.486454 -0.05879169 0.67036251 -0.09284873 0.73385063
1778755179.062457 0.818565 -0.155098 -0.494750 -0.06238233 0.70990736 -0.10636471 0.69341656
1778755179.197438 0.820352 -0.157779 -0.505843 -0.05961392 0.76045254 -0.08502347 0.64103753
1778755179.344050 0.823019 -0.159805 -0.516689 -0.06195637 0.80071019 -0.10030047 0.58733671
1778755179.479353 0.829979 -0.161389 -0.522707 -0.09025862 0.82702832 -0.12271632 0.54112683
1778755179.622580 0.847976 -0.170006 -0.557455 -0.06570574 0.83576247 -0.12158521 0.53141404
1778755180.045142 0.893814 -0.177177 -0.584147 -0.05775380 0.81176540 -0.10825995 0.57094764
1778755180.323276 0.939859 -0.182044 -0.619431 -0.06449985 0.79599559 -0.11072608 0.59158306
1778755181.161022 1.015284 -0.196211 -0.688218 -0.04858663 0.79728306 -0.11654047 0.59025196
1778755181.440275 1.037038 -0.200834 -0.719213 -0.03238217 0.80518000 -0.10873429 0.58207682
1778755181.720959 1.063423 -0.208442 -0.735981 -0.04295586 0.78323231 -0.12167530 0.60819163
1778755182.009109 1.094057 -0.209138 -0.752357 -0.05791969 0.76647675 -0.13062460 0.62617563
1778755182.697632 1.142941 -0.221192 -0.785336 -0.04253032 0.77860534 -0.13684469 0.61093243
1778755182.839685 1.153187 -0.220193 -0.804788 -0.02001975 0.78722480 -0.11951062 0.60464331
1778755182.839685 1.153703 -0.222478 -0.814159 -0.02025146 0.78660488 -0.12035970 0.60527364
1778755183.121514 1.157259 -0.226296 -0.827590 -0.04180336 0.79364902 -0.14044484 0.59046503
1778755183.401160 1.169158 -0.231431 -0.849230 -0.03130639 0.80484703 -0.14100427 0.57563788
1778755183.682344 1.187157 -0.235581 -0.863749 -0.04733823 0.78703345 -0.15129161 0.59619484
1778755183.959335 1.204998 -0.236604 -0.874773 -0.05373293 0.77277281 -0.15541588 0.61300967
1778755184.239100 1.216152 -0.235770 -0.876044 -0.06593506 0.75313550 -0.15993899 0.63471175
1778755184.391494 1.218821 -0.237649 -0.881083 -0.05307011 0.74118173 -0.15169722 0.65178306
1778755184.516268 1.229894 -0.237627 -0.881732 -0.06955443 0.72252806 -0.15992938 0.66898279
1778755184.660838 1.223318 -0.239372 -0.886606 -0.06864022 0.68992870 -0.13737518 0.70740015
1778755184.817775 1.233658 -0.239755 -0.884837 -0.07498097 0.65681128 -0.14196025 0.73676596
1778755184.942570 1.237604 -0.238409 -0.884931 -0.07987766 0.64064475 -0.13367380 0.75188110
1778755185.222413 1.249550 -0.236471 -0.875365 -0.05942828 0.60396372 -0.10738882 0.78750476
1778755186.341415 1.283603 -0.227035 -0.839178 -0.03604257 0.55234544 -0.07374015 0.82956485
1778755186.480850 1.290477 -0.224941 -0.835267 -0.05780570 0.50828481 -0.07098726 0.85630944
1778755186.622966 1.293011 -0.225292 -0.825635 -0.05901367 0.46179245 -0.07380971 0.88193948
1778755187.048162 1.291783 -0.224091 -0.826367 -0.07522275 0.37395218 -0.04300489 0.92339151
1778755187.462776 1.295798 -0.223158 -0.818220 -0.06157199 0.42842668 -0.04130279 0.90052959
1778755187.462776 1.295657 -0.223141 -0.818508 -0.06415622 0.41463174 -0.03600204 0.90701067
1778755187.603559 1.294925 -0.223311 -0.819116 -0.04939160 0.47677964 -0.05611865 0.87583808
1778755187.744504 1.296921 -0.222446 -0.817336 -0.03290933 0.50451234 -0.05230374 0.86119022
1778755187.896485 1.307802 -0.219087 -0.808388 -0.02495881 0.50152720 -0.02022637 0.86454521
1778755188.300380 1.324127 -0.213698 -0.795396 -0.04469503 0.50486465 -0.06827508 0.85933262
1778755189.140655 1.347823 -0.203920 -0.777719 -0.07297200 0.47561412 -0.07494735 0.87341238
1778755189.977615 1.367658 -0.196990 -0.761427 -0.07558240 0.46867035 -0.10825052 0.87345133
1778755190.116063 1.373060 -0.194018 -0.758271 -0.02319335 0.52195271 -0.02313458 0.85234514
1778755190.258823 1.374634 -0.193259 -0.756386 -0.00997302 0.55210014 -0.02900238 0.83321356
1778755190.542606 1.382907 -0.189265 -0.753620 -0.02468325 0.58130199 -0.06417517 0.81077757
1778755190.957225 1.397454 -0.182497 -0.744484 -0.03170253 0.59578418 -0.08137573 0.79838221
1778755193.618784 1.491215 -0.147999 -0.696719 -0.03145684 0.47721445 -0.04015686 0.87730511
1778755194.606279 1.535158 -0.134071 -0.675997 0.01687457 0.54394724 -0.04483958 0.83775059
1778755194.885488 1.546291 -0.129406 -0.670323 -0.00670691 0.56450034 -0.10165234 0.81912221
1778755195.858734 1.602096 -0.114092 -0.645422 -0.00208583 0.43844607 -0.09237893 0.89399487
1778755195.999488 1.619192 -0.103919 -0.638256 -0.04758964 0.34079238 -0.05978742 0.93702788
1778755196.281491 1.643053 -0.098011 -0.624265 -0.04984483 0.23572513 -0.00927591 0.97049632
1778755196.281491 1.643552 -0.097688 -0.623759 -0.05369867 0.22195664 -0.00561101 0.97356059
1778755196.701480 1.676595 -0.087331 -0.608520 -0.04027632 0.22650806 0.00617186 0.97315663
1778755197.123009 1.723300 -0.072651 -0.587895 -0.03710846 0.21279537 0.00907481 0.97634970
1778755197.261752 1.721969 -0.071500 -0.586099 -0.06054009 0.14462705 0.03613585 0.98697118
1778755197.403290 1.719977 -0.072915 -0.587282 -0.08710431 0.05996143 0.03397073 0.99381259
1778755197.542028 1.754136 -0.058253 -0.565900 -0.11791125 -0.00663714 0.04339581 0.99205327
1778755197.826801 1.785318 -0.046164 -0.545892 -0.13398216 -0.06581679 0.05420367 0.98730891
1778755197.962554 1.787498 -0.042953 -0.540704 -0.14318224 -0.09203431 0.06912079 0.98298059
1778755198.103476 1.796075 -0.040018 -0.533562 -0.15140884 -0.11940730 0.07544932 0.97832748
1778755198.537255 1.820902 -0.029717 -0.513682 -0.15565520 -0.13205480 0.08216205 0.97549084
1778755198.943146 1.839474 -0.022253 -0.500492 -0.14903369 -0.12347652 0.08800757 0.97713723
1778755199.081211 1.857504 -0.013708 -0.490173 -0.15448324 -0.12026052 0.11681023 0.97366714
1778755199.223254 1.870118 -0.007069 -0.482491 -0.15072888 -0.10933084 0.10552031 0.97682805
1778755199.364724 1.884530 -0.003557 -0.475316 -0.13691795 -0.10555972 0.09363172 0.98048137
1778755199.506121 1.905197 0.006029 -0.465191 -0.14604939 -0.10687514 0.11551820 0.97667949
1778755199.784117 1.932127 0.014192 -0.449260 -0.14675567 -0.13342343 0.09110370 0.97588989
1778755200.346409 1.978752 0.033420 -0.423048 -0.14775140 -0.13553564 0.09587362 0.97499121
1778755200.346409 1.979385 0.033711 -0.422695 -0.14891313 -0.13824996 0.09564918 0.97445526
1778755200.902396 2.012310 0.046958 -0.404929 -0.14766262 -0.15120566 0.08211089 0.97395606
1778755201.323179 2.027893 0.053509 -0.395702 -0.15099639 -0.15790985 0.09331243 0.97136881
1778755202.031374 2.052350 0.061716 -0.380467 -0.14615013 -0.16586268 0.07430975 0.97242366
1778755202.167708 2.053977 0.060240 -0.378158 -0.14199889 -0.16438244 0.09448560 0.97153857
1778755202.724180 2.073631 0.066165 -0.367893 -0.14531286 -0.16024319 0.12329931 0.96850585
1778755203.143007 2.094922 0.072539 -0.357889 -0.14033535 -0.15653734 0.13113199 0.96881704
1778755203.708952 2.122492 0.083592 -0.344173 -0.14718610 -0.16300581 0.10869430 0.96951065
1778755204.407563 2.138764 0.088520 -0.336948 -0.13437749 -0.15445093 0.09430937 0.97426554
1778755204.555948 2.159528 0.096252 -0.329168 -0.12684759 -0.15070182 0.07468676 0.97755846
1778755204.683356 2.155771 0.095581 -0.330746 -0.10888598 -0.12917446 0.07418512 0.98282978
1778755204.824860 2.163457 0.097878 -0.327635 -0.10256628 -0.11463679 0.09180394 0.98382448
1778755204.962605 2.177196 0.102276 -0.323982 -0.09507161 -0.11376384 0.06919099 0.98652511
1778755205.243651 2.189567 0.105778 -0.317806 -0.07714837 -0.09935226 0.06032255 0.99022141
1778755205.382735 2.182155 0.103973 -0.321818 -0.07069663 -0.09228631 0.04197015 0.99233247
1778755205.522709 2.198221 0.108297 -0.316016 -0.05229201 -0.07661838 0.00495283 0.99567597
1778755205.808860 2.218973 0.114488 -0.310241 -0.06117825 -0.08057085 0.04049913 0.99404496
1778755205.808860 2.218786 0.114499 -0.310353 -0.06757509 -0.08921264 0.04322559 0.99277704
1778755205.946440 2.229144 0.122487 -0.308172 -0.09922513 -0.08913690 0.11280075 0.98462428
1778755206.230855 2.246029 0.127576 -0.301563 -0.10615981 -0.07131827 0.05395532 0.99031946
1778755206.648048 2.270372 0.138952 -0.293370 -0.12476671 -0.06566215 0.11489046 0.98332189
1778755207.203496 2.305962 0.152619 -0.280090 -0.08902088 -0.07336587 0.03496044 0.99270867
1778755207.481307 2.301342 0.148563 -0.280550 -0.08102206 -0.11212970 -0.00773007 0.99035479
1778755207.636150 2.297222 0.147403 -0.281502 -0.09532442 -0.13800406 0.00133437 0.98583282
1778755207.771379 2.301680 0.148300 -0.278915 -0.10855019 -0.15144737 0.02534917 0.98215985
1778755207.906447 2.308202 0.150589 -0.275975 -0.11294746 -0.15956819 0.03336984 0.98013638
1778755208.183684 2.338366 0.163491 -0.263555 -0.12343693 -0.16470277 0.03867221 0.97782452
1778755208.468649 2.332706 0.163529 -0.264395 -0.12570441 -0.17176052 0.04020252 0.97625841
1778755208.603422 2.324543 0.160481 -0.267654 -0.13300415 -0.18175511 0.03726911 0.97359437
1778755208.745665 2.321016 0.161117 -0.268638 -0.14258076 -0.18677932 0.05151344 0.97063411
1778755208.881840 2.316395 0.159455 -0.269833 -0.14897947 -0.18984736 0.06605486 0.96819412
1778755209.024737 2.323093 0.164208 -0.266956 -0.15564467 -0.19566691 0.06362439 0.96614757
1778755209.160079 2.317837 0.164067 -0.268120 -0.16300472 -0.20052724 0.06787131 0.96364504
1778755209.302658 2.310615 0.164028 -0.269822 -0.16449377 -0.20388302 0.06650477 0.96278275
1778755209.302658 2.301074 0.161702 -0.273587 -0.16435779 -0.20380451 0.06659535 0.96281634
1778755209.448847 2.285293 0.157368 -0.280050 -0.16596159 -0.20487148 0.06893737 0.96214971
1778755209.732980 2.256003 0.154591 -0.290408 -0.16944823 -0.20634654 0.07517370 0.96075872
1778755210.984476 2.197438 0.152250 -0.308657 -0.16962303 -0.20770915 0.07893233 0.96013261
1778755211.964991 2.151062 0.152922 -0.323836 -0.17453032 -0.21245060 0.07644283 0.95841557
1778755212.242042 2.112999 0.146379 -0.337619 -0.17687944 -0.21452623 0.08083316 0.95716151
1778755213.232642 2.034340 0.139956 -0.364163 -0.18036262 -0.21864665 0.08455280 0.95525588
1778755216.029088 1.788810 0.117763 -0.446691 -0.17937385 -0.22178153 0.09844038 0.95338736
1778755216.310739 1.720378 0.106589 -0.470922 -0.19215681 -0.23240270 0.10629605 0.94750509
1778755216.727644 1.629304 0.091824 -0.504921 -0.20643656 -0.24527113 0.10996315 0.94081567
1778755217.291846 1.563656 0.077086 -0.528747 -0.23719072 -0.27427350 0.12084421 0.92407320
1778755217.570051 1.539551 0.069057 -0.537112 -0.31308286 -0.33163015 0.14692208 0.87773257
1778755217.847542 1.516090 0.059486 -0.547095 -0.49892041 -0.50464958 0.11585241 0.69497154
1778755217.992175 1.463223 0.047347 -0.565483 0.30584321 0.94945580 0.03202599 -0.06299174
1778755218.128346 1.426508 0.040920 -0.579326 0.14331512 0.98837567 -0.01160373 0.04939307
1778755218.706797 1.334241 0.018229 -0.612084 0.13642777 0.99043602 -0.00682015 0.01942771
1778755218.833565 1.260556 0.008134 -0.640389 0.54153421 0.73314923 -0.04436716 -0.40897979
1778755218.833565 1.249409 0.004840 -0.644514 0.52157814 0.77368066 -0.02425190 -0.35886813
1778755218.971354 1.241874 0.002699 -0.647000 -0.36775927 -0.41041327 0.16609312 0.81775739
1778755219.107656 1.234676 0.002738 -0.648093 -0.23429938 -0.29200134 0.12469940 0.91885204
1778755219.245775 1.211203 0.003697 -0.652374 -0.19113112 -0.25748854 0.10529598 0.94131892
1778755219.383970 1.156049 -0.004504 -0.670574 -0.14767614 -0.22134374 0.06302816 0.96188677
1778755219.522020 1.239377 0.010406 -0.636433 -0.14983410 -0.22244228 0.06937288 0.96086242
1778755219.662415 1.237045 0.019024 -0.630259 -0.14498566 -0.21645208 0.07730609 0.96236761
1778755219.804779 1.211056 0.009000 -0.636517 -0.12787353 -0.20620733 0.04006524 0.96928926
1778755219.948798 1.193751 0.006455 -0.642776 -0.11645609 -0.19282409 0.03595907 0.97363432
1778755220.086269 1.150389 0.003307 -0.658617 -0.11708907 -0.18500323 0.05851592 0.97398144
1778755220.226301 1.151664 0.008183 -0.653602 -0.11330811 -0.18266227 0.05501227 0.97507406
1778755220.375189 1.034364 -0.000260 -0.690242 -0.10751298 -0.17569870 0.05184751 0.97718103
1778755220.647509 0.970322 -0.019997 -0.708957 -0.10703120 -0.18164937 0.05132920 0.97617270
1778755220.790258 0.916640 -0.025934 -0.722608 -0.10928131 -0.18946914 0.05039351 0.97448424
1778755221.207472 0.736152 -0.024619 -0.774376 -0.10483294 -0.18210142 0.06103020 0.97576864
1778755221.626659 0.570132 -0.045987 -0.814592 -0.09305077 -0.17442326 0.05121214 0.97892563
1778755221.767726 0.364335 -0.055807 -0.873529 -0.08887773 -0.16842765 0.05352038 0.98023897
1778755221.767726 0.364164 -0.055866 -0.873588 -0.08867485 -0.16838986 0.05314288 0.98028438
1778755221.911576 0.364428 -0.055880 -0.873629 -0.08798350 -0.16633049 0.05014791 0.98085588
1778755222.187458 0.363731 -0.055906 -0.873417 -0.08581222 -0.16444996 0.03951822 0.98185069
1778755222.332536 0.356743 -0.056276 -0.874483 -0.08565679 -0.16108685 0.04026787 0.98239118
1778755223.031049 0.328860 -0.056198 -0.878820 -0.08122434 -0.16365099 0.02156419 0.98293232
1778755223.169298 0.328250 -0.055971 -0.878217 -0.07990140 -0.16189972 0.02522773 0.98324351
1778755223.449669 0.316893 -0.056761 -0.880183 -0.07974622 -0.15966605 0.02796750 0.98354721
1778755223.730735 0.310888 -0.055804 -0.881609 -0.07742559 -0.15854186 0.02121272 0.98408322
1778755224.008567 0.302717 -0.056342 -0.883759 -0.07666981 -0.16020243 0.01794110 0.98393853
1778755224.149742 0.288011 -0.056704 -0.887557 -0.07687302 -0.16213026 0.02078731 0.98355081
1778755224.295964 0.285295 -0.056864 -0.888285 -0.07581483 -0.16488385 0.01505131 0.98327966
1778755224.570232 0.266951 -0.057200 -0.892221 -0.08041980 -0.16234855 0.02644652 0.98309521
1778755224.709682 0.285414 -0.056835 -0.887908 -0.07986899 -0.15701134 0.03036669 0.98389341
1778755224.848614 0.287465 -0.056735 -0.886539 -0.07765757 -0.15413600 0.02295560 0.98472556
1778755224.992496 0.283930 -0.057155 -0.887019 -0.07815400 -0.15174824 0.02471580 0.98501449
1778755225.270945 0.279080 -0.056369 -0.887414 -0.07399339 -0.14987392 0.01280620 0.98584927
1778755226.110610 0.280156 -0.054384 -0.883575 -0.06972549 -0.14581057 0.00404656 0.98684409
1778755226.110610 0.280081 -0.054449 -0.883585 -0.06957860 -0.14578294 0.00358340 0.98686033
1778755226.246476 0.283365 -0.053798 -0.881873 -0.06647070 -0.14349457 -0.00279268 0.98741235
1778755226.530082 0.289133 -0.053654 -0.879050 -0.06521450 -0.14040331 0.00031599 0.98794427
1778755227.367849 0.301601 -0.052517 -0.872387 -0.06555585 -0.14212021 -0.01153943 0.98760879
1778755227.650385 0.302534 -0.052545 -0.870733 -0.06402215 -0.14420373 -0.00952913 0.98742880
1778755228.210721 0.305324 -0.052319 -0.868173 -0.06738557 -0.14164007 0.00415829 0.98761328
1778755228.911140 0.314050 -0.051646 -0.862902 -0.06444996 -0.13796871 -0.00590727 0.98831976
1778755229.892564 0.323372 -0.050218 -0.856834 -0.06495005 -0.13834081 -0.00969741 0.98820508
1778755230.029410 0.323370 -0.050346 -0.856248 -0.06358071 -0.14097534 -0.01114922 0.98790644
1778755230.311522 0.321526 -0.050305 -0.855428 -0.06602565 -0.14335411 -0.01219407 0.98739127
1778755231.150610 0.321431 -0.049289 -0.852712 -0.06534170 -0.13503694 0.00623687 0.98866404
1778755231.291680 0.328038 -0.050026 -0.848575 -0.06371416 -0.12774036 0.00296454 0.98975457
1778755231.429177 0.335471 -0.049983 -0.845845 -0.06244266 -0.12445654 -0.00060483 0.99025811
1778755231.719090 0.350262 -0.048834 -0.839731 -0.06059940 -0.11816531 -0.00708830 0.99111777
1778755232.549246 0.391215 -0.047140 -0.823470 -0.06084500 -0.11141387 -0.02205106 0.99166455
1778755232.691083 0.390151 -0.047408 -0.822754 -0.05765949 -0.11621759 -0.02421085 0.99125309
1778755232.971276 0.398126 -0.048079 -0.818191 -0.05849476 -0.12021355 -0.02622918 0.99067608
1778755232.971276 0.397985 -0.048290 -0.818151 -0.05837665 -0.12004382 -0.02672829 0.99069029
1778755233.536355 0.409569 -0.047599 -0.812105 -0.05877980 -0.12116518 -0.01936607 0.99070121
1778755234.090477 0.417909 -0.047939 -0.805688 -0.05847718 -0.12403636 -0.02046922 0.99034156
1778755234.234050 0.417695 -0.048428 -0.804476 -0.05725006 -0.12627789 -0.02512391 0.99002278
1778755234.655090 0.417828 -0.048714 -0.801574 -0.05943730 -0.12918154 -0.01600669 0.98970861
1778755236.194579 0.423298 -0.050088 -0.788551 -0.06125152 -0.12685469 -0.00921323 0.98998548
1778755236.471241 0.419777 -0.050950 -0.786306 -0.05949707 -0.13188307 -0.01001976 0.98942739
1778755236.613219 0.416352 -0.051785 -0.785246 -0.05989054 -0.13615102 -0.00724688 0.98884959
1778755237.317022 0.409410 -0.052409 -0.781406 -0.06226102 -0.12946104 -0.00084444 0.98962755
1778755237.593773 0.406563 -0.054590 -0.779241 -0.05977847 -0.13849543 -0.01163768 0.98848880
1778755238.154214 0.397949 -0.056239 -0.775961 -0.06546224 -0.13452861 0.00220337 0.98874258
1778755239.279119 0.384329 -0.059737 -0.766195 -0.06686127 -0.12011453 0.00171090 0.99050449
1778755239.414163 0.382324 -0.059622 -0.764069 -0.06306931 -0.11297317 0.00688784 0.99157041
1778755239.831752 0.380995 -0.060880 -0.760241 -0.06447087 -0.11776302 -0.01559244 0.99082403
1778755240.110899 0.379646 -0.061541 -0.757159 -0.06211675 -0.12432696 -0.02741076 0.98991564
1778755240.393404 0.368994 -0.062353 -0.755705 -0.07293126 -0.12634988 -0.02349308 0.98902215
1778755241.928661 0.361126 -0.063545 -0.753040 -0.07119010 -0.12993504 -0.03034866 0.98849776
1778755241.928661 0.360965 -0.063869 -0.752905 -0.07090881 -0.12970937 -0.03112121 0.98852359
1778755245.849590 0.359957 -0.064249 -0.747683 -0.06441500 -0.11322732 -0.01719281 0.99132976
1778755245.990531 0.361174 -0.064915 -0.743679 -0.06994777 -0.10532769 0.00477473 0.99196300
1778755246.284111 0.362662 -0.064330 -0.732382 -0.06412926 -0.09399786 -0.00493139 0.99349259
1778755247.391350 0.370193 -0.063210 -0.702129 -0.07115322 -0.07792159 -0.01153689 0.99435021
1778755247.952979 0.364501 -0.062617 -0.689152 -0.07279497 -0.08269010 -0.02512074 0.99359559
1778755248.100533 0.358906 -0.064470 -0.687479 -0.07084882 -0.09288061 -0.02758107 0.99277033
1778755248.378648 0.350662 -0.062892 -0.678609 -0.07967988 -0.10138365 -0.02738349 0.99127323
1778755248.932204 0.337915 -0.063143 -0.658041 -0.07771803 -0.08153772 -0.01635657 0.99350087
1778755249.215913 0.337515 -0.064022 -0.646925 -0.07135291 -0.06043182 -0.00837071 0.99558359
1778755249.634408 0.341716 -0.062150 -0.634370 -0.06913360 -0.03794455 -0.01639828 0.99675065
1778755249.777509 0.354794 -0.065002 -0.612507 -0.06018092 -0.01215752 -0.01580917 0.99798824
1778755249.911994 0.364042 -0.062293 -0.597605 -0.06900600 0.00852222 -0.00870063 0.99754190
1778755250.196331 0.377017 -0.065060 -0.576653 -0.04503802 0.04275985 -0.02201431 0.99782691
1778755250.754183 0.387148 -0.064161 -0.533372 -0.05757267 0.03900275 -0.02932684 0.99714799
1778755251.174945 0.417674 -0.061887 -0.508084 -0.05900792 0.08462683 -0.02573770 0.99433090
1778755251.312727 0.430965 -0.067849 -0.493969 -0.03883688 0.12273584 -0.01903594 0.99149647
1778755251.312727 0.430988 -0.068086 -0.493888 -0.03879990 0.12341225 -0.02017175 0.99139149
1778755251.453859 0.442322 -0.067201 -0.481327 -0.04547708 0.15830235 -0.00005938 0.98634284
1778755251.591685 0.464515 -0.067033 -0.468603 -0.03549718 0.21675145 -0.01041542 0.97552564
1778755251.733747 0.505551 -0.067918 -0.444151 -0.00387080 0.28956755 -0.02702721 0.95676809
1778755251.883854 0.533575 -0.065788 -0.428607 -0.00627570 0.33458530 -0.03160054 0.94181458
1778755252.017960 0.558944 -0.066710 -0.415503 -0.00439802 0.37582348 -0.04568306 0.92555412
1778755253.277450 0.601802 -0.068336 -0.376004 -0.02919407 0.36924214 -0.04096794 0.92797068
1778755253.413739 0.594823 -0.069002 -0.377401 -0.03340786 0.32791862 -0.03927522 0.94329781
1778755253.556108 0.585021 -0.068789 -0.378625 -0.03771080 0.27535744 -0.03201484 0.96006834
1778755253.695520 0.572016 -0.069771 -0.379013 -0.04529435 0.21998035 -0.02500513 0.97413131
1778755253.836604 0.563614 -0.069893 -0.381258 -0.06689043 0.15971374 -0.03286232 0.98434611
1778755253.976189 0.548990 -0.070917 -0.388104 -0.07612704 0.09849859 -0.03485709 0.99160864
1778755254.119095 0.537358 -0.073297 -0.396719 -0.08255745 0.04235304 -0.03109742 0.99520020
1778755254.250775 0.519068 -0.071381 -0.374356 -0.09024572 0.00893292 -0.03113560 0.99539263
1778755254.393318 0.514852 -0.073369 -0.356903 -0.09778754 -0.02624239 -0.04765044 0.99371946
1778755254.533433 0.513619 -0.074949 -0.344072 -0.10214553 -0.05043354 -0.05958547 0.99170173
1778755254.814225 0.519803 -0.072057 -0.304864 -0.10738423 -0.07652416 -0.04588725 0.99020555
1778755254.814225 0.520688 -0.073072 -0.305910 -0.10583140 -0.07407718 -0.04653242 0.99052866
1778755255.093263 0.523594 -0.075128 -0.314752 -0.10558542 -0.04901099 -0.04778165 0.99205169
1778755255.527869 0.518983 -0.074435 -0.302552 -0.09675687 -0.01671517 -0.04294848 0.99424048
1778755256.072755 0.521538 -0.073211 -0.264543 -0.08607839 0.02091898 -0.04884307 0.99487048
1778755256.633389 0.523995 -0.073059 -0.250148 -0.08794848 0.04794886 -0.04310649 0.99403612
1778755259.719892 0.552885 -0.082331 -0.305377 -0.07075193 0.08264496 -0.05566352 0.99250468
1778755259.851541 0.534786 -0.083586 -0.318994 -0.04979074 0.16041963 -0.05981150 0.98397612
1778755259.991660 0.540016 -0.085751 -0.323196 -0.04421876 0.25501440 -0.07222529 0.96322161
1778755260.133892 0.537450 -0.089031 -0.335377 -0.01778468 0.34404741 -0.08610753 0.93482649
1778755260.274105 0.574340 -0.094463 -0.331970 -0.00129378 0.45378012 -0.10931969 0.88438178
1778755260.422712 0.619830 -0.104193 -0.352043 -0.01589351 0.52830516 -0.12676934 0.83938703
1778755260.551437 0.675331 -0.121055 -0.402016 -0.01827417 0.52435441 -0.12072494 0.84270042
1778755260.696685 0.657079 -0.114674 -0.388959 0.00598943 0.57887562 -0.09145180 0.81024917
1778755260.835859 0.670232 -0.120972 -0.407199 0.02140716 0.59555414 -0.08019402 0.79901559
1778755260.977052 0.741223 -0.129299 -0.448115 -0.02333092 0.55267735 -0.06382586 0.83062005
1778755261.116176 0.784316 -0.138598 -0.456117 -0.04697462 0.47808193 -0.08536815 0.87289365
1778755261.402541 0.839108 -0.146245 -0.477826 -0.05444453 0.48099305 -0.07748703 0.87159465
1778755261.402541 0.839058 -0.146582 -0.478231 -0.05366622 0.47657127 -0.07823332 0.87400189
1778755261.815978 0.840050 -0.145203 -0.464778 -0.05090173 0.47674350 -0.06767902 0.87495382
1778755262.383987 0.830461 -0.144525 -0.454909 -0.05155109 0.49053850 -0.06994947 0.86707643
1778755262.800465 0.824210 -0.143957 -0.439773 -0.05439739 0.51301909 -0.07271932 0.85355974
1778755264.471834 0.816455 -0.142273 -0.420888 -0.04694521 0.54287411 -0.06015767 0.83634018
1778755264.611748 0.791934 -0.138317 -0.390450 -0.03838198 0.58592539 -0.05879123 0.80731769
1778755264.754399 0.771112 -0.133883 -0.368009 -0.04958938 0.55382085 -0.05386552 0.82941056
1778755264.903513 0.768763 -0.134354 -0.370980 -0.05821162 0.42875402 -0.06321438 0.89932493
1778755265.038856 0.765285 -0.134272 -0.366822 -0.05867119 0.33687636 -0.06617758 0.93738601
1778755265.177808 0.765596 -0.136509 -0.368000 -0.05615534 0.26897849 -0.04489958 0.96045884
1778755265.323642 0.778055 -0.133535 -0.354616 -0.05964536 0.23335887 -0.04344537 0.96958680
1778755266.017922 0.802766 -0.124799 -0.276520 -0.07281129 0.24217703 -0.02134380 0.96726069
1778755268.018138 0.847371 -0.113902 -0.165439 -0.09049257 0.26882598 -0.03770304 0.95818692
1778755268.679106 0.863521 -0.113914 -0.128690 -0.08088016 0.28867178 -0.04991590 0.95269901
1778755269.094779 0.880524 -0.113670 -0.121411 -0.08098215 0.30024683 -0.02285220 0.95014289
1778755269.660199 0.911984 -0.111544 -0.076400 -0.09331680 0.33774772 -0.01901346 0.93640640
1778755269.806009 0.921075 -0.113244 -0.072447 -0.08332584 0.37583943 -0.03319409 0.92233382
1778755269.806009 0.921075 -0.113244 -0.072447 -0.08332584 0.37583943 -0.03319409 0.92233382
1778755269.938463 0.929708 -0.112292 -0.061070 -0.08210641 0.39305416 -0.00432855 0.91583198
1778755270.218295 0.985803 -0.108144 0.001411 -0.09413045 0.42172925 -0.02716407 0.90141334
1778755270.777745 1.100195 -0.108695 0.155575 -0.11367360 0.44203624 -0.01897669 0.88956290
1778755271.758106 1.306661 -0.101962 0.416683 -0.12686116 0.53119545 0.00337114 0.83769104
1778755272.042727 1.362631 -0.102281 0.466187 -0.11561803 0.56285079 0.01882311 0.81821583
1778755272.317148 1.388005 -0.102477 0.501638 -0.14243303 0.53225360 0.00759146 0.83448266
1778755272.462436 1.381934 -0.101158 0.498299 -0.15904804 0.48198598 -0.00745785 0.86159016
1778755272.597470 1.446902 -0.092227 0.609457 -0.19446135 0.44179214 0.00493540 0.87577402
1778755272.737549 1.474697 -0.098931 0.666979 -0.20996638 0.38389070 -0.01348055 0.89908861
1778755272.878752 1.491588 -0.100757 0.703395 -0.20791564 0.34820447 -0.00882035 0.91402786
1778755273.016845 1.504442 -0.098424 0.735030 -0.20757352 0.32531442 0.00143202 0.92254090
1778755273.294374 1.505369 -0.097052 0.765871 -0.19938498 0.28859964 0.00575426 0.93644154
1778755273.438025 1.506243 -0.022191 0.858828 -0.33407896 0.25053110 -0.00566051 0.90862169
1778755273.720325 1.518187 -0.002635 0.926211 -0.35871032 0.28620181 0.01952031 0.88827607
1778755273.856150 1.530013 -0.028902 0.943233 -0.32138256 0.30604584 0.00272301 0.89612598
1778755274.141518 1.555771 -0.033065 1.031490 -0.28239546 0.35828301 0.01139832 0.88980681
1778755274.141518 1.555771 -0.033065 1.031490 -0.28239546 0.35828301 0.01139832 0.88980681
1778755274.426051 1.578311 -0.026821 1.081339 -0.26403323 0.39647132 0.04341170 0.87818698
1778755274.981168 1.620159 -0.012617 1.193854 -0.25233370 0.44989643 0.06515642 0.85421048
1778755275.397040 1.657919 -0.004832 1.278145 -0.23919234 0.48194299 0.07638824 0.83945388
1778755275.816019 1.655868 -0.002231 1.286876 -0.28464059 0.40796167 0.04982583 0.86606259
1778755275.963022 1.640274 0.008518 1.287706 -0.36197468 0.33787876 0.01233396 0.86871178
1778755276.109636 1.656577 0.019522 1.347816 -0.36147601 0.33591652 0.03593435 0.86902469
1778755276.384089 1.652366 0.010998 1.300979 -0.33213989 0.38860285 0.05361805 0.85778553
1778755276.523985 1.664756 0.015937 1.323146 -0.31833377 0.42621078 0.06591410 0.84419388
1778755276.802123 1.680265 0.022072 1.370115 -0.30170891 0.46494856 0.07851765 0.82863113
1778755277.078127 1.688388 0.031389 1.384204 -0.32185404 0.43616880 0.10517666 0.83372935
1778755277.497702 1.704429 0.040316 1.452570 -0.33911918 0.41375692 0.08990296 0.84007193
1778755277.636956 1.704297 0.038005 1.451432 -0.34452779 0.38127616 0.01992236 0.85763174
1778755278.202992 1.729295 0.058598 1.527347 -0.35113812 0.38996441 0.06943625 0.84841522
1778755278.480125 1.723799 0.064109 1.520822 -0.35590934 0.39750012 0.05866719 0.84373002
1778755279.177415 1.762993 0.102089 1.649185 -0.36253241 0.42477772 0.07054909 0.82653310
1778755279.319791 1.778885 0.109957 1.701734 -0.35203860 0.42389836 0.10049191 0.82842041
1778755279.319791 1.778885 0.109957 1.701734 -0.35203860 0.42389836 0.10049191 0.82842041
1778755279.741873 1.801211 0.128213 1.773004 -0.38052892 0.36942618 0.03151866 0.84718865
1778755279.882622 1.807332 0.148535 1.798728 -0.41845369 0.34636333 0.02059327 0.83934788
1778755280.024489 1.814562 0.154675 1.839056 -0.39005139 0.38625270 0.07883424 0.83213817
1778755280.996957 1.851242 0.198665 1.957550 -0.38632059 0.40246275 0.13129953 0.81947579
1778755281.149435 1.868029 0.222688 2.026983 -0.43979224 0.37637049 0.12290209 0.80611607
1778755281.288286 1.866780 0.223398 2.027211 -0.42953345 0.36495863 0.07515615 0.82259210
1778755281.565887 1.871453 0.228201 2.055022 -0.36798788 0.40005798 0.12148352 0.83053013
1778755281.712565 1.888046 0.247148 2.111540 -0.40553754 0.38759660 0.13428231 0.81686990
1778755281.988531 1.894704 0.251918 2.138168 -0.39756078 0.37289628 0.08317538 0.83425155
1778755282.119950 1.893718 0.265011 2.155333 -0.41769077 0.36031663 0.07468023 0.83074016
1778755282.683158 1.910618 0.284127 2.236790 -0.41173521 0.36781305 0.05883974 0.83170040
1778755282.960702 1.918771 0.301600 2.283336 -0.41641832 0.38547291 0.08226626 0.81929157
1778755283.115332 1.928333 0.315016 2.306707 -0.43136522 0.39940420 0.12767459 0.79881133
1778755283.252869 1.931651 0.314965 2.317824 -0.44237524 0.40283281 0.09832078 0.79521249
1778755283.384800 1.938484 0.320629 2.336781 -0.40204674 0.45791900 0.10868871 0.78540141
1778755283.530924 1.941992 0.320691 2.343271 -0.35787698 0.50797656 0.15261535 0.76850012
1778755283.530924 1.941992 0.320691 2.343271 -0.35787698 0.50797656 0.15261535 0.76850012
1778755283.803302 1.948810 0.322281 2.357988 -0.29737042 0.55396191 0.12446251 0.76759763
1778755283.944080 1.962686 0.335656 2.398395 -0.27646662 0.57264356 0.10919973 0.76401635
1778755284.084154 1.974719 0.346255 2.430933 -0.29620338 0.57659150 0.14231478 0.74803229
1778755284.643723 1.999576 0.359965 2.473281 -0.27082870 0.58944045 0.10917967 0.75318760
1778755284.782465 2.015177 0.376504 2.511967 -0.29562386 0.58986037 0.14854689 0.73661734
1778755284.927361 2.026894 0.379748 2.540421 -0.27173357 0.59872548 0.14170714 0.74000524
1778755285.762731 2.057749 0.404964 2.611686 -0.30135456 0.59048793 0.10871652 0.74073623
1778755286.045273 2.078818 0.416384 2.648671 -0.27312099 0.60159174 0.15302037 0.73489936
1778755286.462649 2.093136 0.421938 2.684150 -0.27784930 0.59557688 0.11900318 0.74426217
1778755286.743991 2.105872 0.426654 2.728752 -0.25259895 0.60055926 0.07807723 0.75460340
1778755287.447876 2.145367 0.438412 2.815048 -0.26868680 0.59998668 0.13151829 0.74197461
1778755287.725941 2.145255 0.445388 2.830696 -0.31694042 0.56430465 0.15556555 0.74626295
1778755287.859561 2.144039 0.449705 2.849113 -0.35190378 0.52077661 0.16049650 0.76104948
1778755288.000553 2.144530 0.453148 2.869592 -0.40220747 0.44511234 0.16165998 0.78356251
1778755288.140586 2.142309 0.453120 2.872445 -0.44569735 0.33707285 0.11137622 0.82178531
1778755288.282848 2.137008 0.450669 2.874345 -0.49400327 0.11610590 0.01968798 0.86144795
1778755288.282848 2.137008 0.450669 2.874345 -0.49400327 0.11610590 0.01968798 0.86144795
1778755288.421705 2.132260 0.450061 2.867806 -0.46000173 -0.01905772 -0.05513221 0.88599980
1778755288.558504 2.121818 0.448972 2.857740 -0.45897771 -0.00863386 -0.06101554 0.88630808
1778755288.698067 2.116264 0.450741 2.856600 -0.45349799 -0.03138742 -0.09653492 0.88545774
1778755288.850012 2.114746 0.455251 2.878109 -0.46726670 -0.05530970 -0.11930372 0.87428216
1778755289.124977 2.110197 0.456106 2.889693 -0.44668523 -0.07194765 -0.14625496 0.87971889
1778755289.267103 2.108405 0.456132 2.894898 -0.43761030 -0.03881042 -0.13437967 0.88821905
1778755289.685516 2.100093 0.455632 2.889445 -0.43942328 -0.08224043 -0.10173833 0.88870299
1778755289.823330 2.099311 0.457877 2.904136 -0.42358511 -0.15992359 -0.11231856 0.88452509
1778755289.963181 2.091921 0.460254 2.910170 -0.38453603 -0.24093139 -0.11417318 0.88376954
1778755290.105172 2.089505 0.460661 2.917767 -0.30049895 -0.35174088 -0.10252250 0.88060654
1778755290.245543 2.089353 0.461468 2.915518 -0.19568839 -0.44029799 -0.07752650 0.87283067
1778755290.386444 2.083014 0.465371 2.943606 -0.18616632 -0.45827919 -0.08672827 0.86475459
1778755290.532703 2.083021 0.465197 2.944964 -0.15523552 -0.48315231 -0.05406548 0.85996669
1778755290.809167 2.075671 0.466963 2.954705 -0.17693180 -0.48154355 -0.05443290 0.85664929
1778755290.956210 2.070819 0.466782 2.953633 -0.15857351 -0.50586065 -0.06584644 0.84535418
1778755291.090771 2.065482 0.467842 2.948775 -0.16319965 -0.51040669 -0.06096084 0.84210133
1778755291.090771 2.065482 0.467842 2.948775 -0.16319965 -0.51040669 -0.06096084 0.84210133
1778755291.231155 2.063550 0.469065 2.952251 -0.16232324 -0.52178344 -0.05466167 0.83570647
1778755291.643652 2.058433 0.472052 2.961535 -0.15718922 -0.53217389 -0.04011515 0.83094721
1778755291.923795 2.055673 0.472588 2.967406 -0.12746880 -0.54064819 -0.02939074 0.83101590
1778755292.069498 2.055210 0.471292 2.970003 -0.10675199 -0.54153686 -0.01853213 0.83366564
1778755292.911544 2.054232 0.471201 2.973639 -0.07863172 -0.54039192 0.00862817 0.83768680
1778755295.010971 2.053577 0.470334 2.978576 -0.04055360 -0.53549186 0.02771320 0.84311082
1778755295.292736 2.052758 0.469557 2.981404 -0.00971108 -0.53891503 0.03219083 0.84168880
1778755295.847062 2.052349 0.470106 2.983748 -0.04043368 -0.53891353 0.04939429 0.83993901
1778755297.111058 2.051007 0.470571 2.982676 -0.06526677 -0.54050533 0.00688825 0.83877696
1778755303.976232 2.047575 0.472475 2.989606 -0.08969048 -0.54482229 -0.00316115 0.83373515
1778755304.813733 2.046073 0.473228 2.992080 -0.09423832 -0.54693409 -0.03775720 0.83099737
1778755305.509727 2.045282 0.472823 2.992040 -0.10286932 -0.54773225 -0.02573401 0.82990665
1778755305.931810 2.045521 0.473058 2.996335 -0.10496657 -0.53731592 -0.03730262 0.83599171
1778755306.074661 2.044868 0.473722 2.998695 -0.13466314 -0.52533381 -0.04988271 0.83869061
1778755306.223447 2.044446 0.473157 3.000774 -0.13928559 -0.51651224 -0.06217828 0.84258441
1778755306.490785 2.043652 0.473177 3.005769 -0.13903114 -0.50493376 -0.02763810 0.85143900
1778755306.490785 2.043652 0.473177 3.005769 -0.13903114 -0.50493376 -0.02763810 0.85143900
1778755307.337775 2.043168 0.473254 3.007542 -0.09078815 -0.51465208 -0.01810024 0.85238672
1778755307.615092 2.042720 0.473139 3.010594 -0.06821913 -0.51676748 0.01568060 0.85325942
1778755308.452548 2.040815 0.473183 3.019882 -0.04049806 -0.53926552 0.00487385 0.84114734
1778755309.296306 2.038964 0.473287 3.025510 -0.03145895 -0.52601204 0.04942814 0.84845656
1778755309.714297 2.038251 0.473668 3.030814 -0.07075111 -0.51596880 -0.00207786 0.85367802
1778755310.273200 2.037390 0.473788 3.037071 -0.04150157 -0.51070840 0.02619790 0.85835203
1778755310.553798 2.037309 0.474215 3.040956 -0.06803460 -0.47715497 -0.00317300 0.87617599
1778755310.969131 2.037039 0.473875 3.043379 -0.03053680 -0.50832824 0.02107914 0.86036363
1778755311.108820 2.036486 0.473999 3.044414 -0.03625836 -0.53257707 0.02565948 0.84521511
1778755311.265670 2.035752 0.473975 3.045527 -0.02373300 -0.55015757 0.02421651 0.83437219
1778755311.537493 2.035803 0.474017 3.045846 -0.02457178 -0.56118428 0.04472568 0.82611624
1778755311.963189 2.034767 0.473888 3.049205 -0.02966842 -0.56111676 0.09602272 0.82161269
1778755312.378882 2.033856 0.474110 3.051157 -0.02826085 -0.57476469 0.07698739 0.81419888
1778755312.935306 2.032806 0.473981 3.054312 -0.01992160 -0.57721095 0.11875929 0.80766756
1778755313.220225 2.031651 0.474319 3.056370 -0.05357512 -0.56565846 0.05827343 0.82083154
1778755313.644210 2.031268 0.474537 3.056959 -0.05688027 -0.55015847 0.06654554 0.83045890
1778755313.644210 2.031268 0.474537 3.056959 -0.05688027 -0.55015847 0.06654554 0.83045890
1778755314.193935 2.030878 0.474791 3.058374 -0.06983404 -0.54756526 0.01993809 0.83360540
1778755314.618141 2.030391 0.474806 3.060500 -0.05346966 -0.54400913 0.04159831 0.83634003
1778755314.896843 2.030151 0.474937 3.061672 -0.07549667 -0.53721981 0.01119070 0.83998208
1778755315.040760 2.029895 0.475159 3.062601 -0.09713049 -0.53005560 -0.00143303 0.84238036
1778755315.316399 2.029805 0.475427 3.063997 -0.14500423 -0.50607920 -0.03392493 0.84953323
1778755315.454069 2.029614 0.475641 3.064978 -0.17824027 -0.49116218 -0.08068426 0.84881103
1778755315.594475 2.029646 0.475758 3.065293 -0.20882540 -0.47848725 -0.09901795 0.84713479
1778755315.873710 2.029676 0.475977 3.066762 -0.23034161 -0.44950638 -0.11249176 0.85570576
1778755316.582198 2.029434 0.476390 3.069675 -0.22354959 -0.43336307 -0.13047108 0.86324928
1778755317.974541 2.029252 0.476668 3.072161 -0.19163840 -0.46399104 -0.10304538 0.85870174
1778755318.260487 2.028663 0.477026 3.074253 -0.18408430 -0.48333255 -0.11020956 0.84873816
1778755318.819480 2.028202 0.477570 3.076088 -0.20493525 -0.49172654 -0.11584753 0.83832327
1778755319.515350 2.028135 0.477818 3.077783 -0.22656045 -0.47645862 -0.12368268 0.84045235
1778755319.654879 2.028161 0.477682 3.077379 -0.23996100 -0.45290577 -0.13489370 0.84799692
1778755319.792888 2.028589 0.477832 3.078217 -0.27056278 -0.42139652 -0.13546970 0.85490860
1778755319.938291 2.028679 0.477816 3.077500 -0.31704648 -0.37434711 -0.15915172 0.85674763
1778755319.938291 2.028679 0.477816 3.077500 -0.31704648 -0.37434711 -0.15915172 0.85674763
1778755320.072463 2.028733 0.477824 3.077665 -0.33570708 -0.33652863 -0.16258009 0.86464845
1778755320.354810 2.028795 0.477891 3.078141 -0.37269557 -0.28343658 -0.16712985 0.86765738
1778755321.202432 2.028801 0.478173 3.079504 -0.33983405 -0.34245013 -0.18523048 0.85611354
1778755321.756391 2.028790 0.478429 3.080703 -0.30450357 -0.39012998 -0.16132608 0.85384429
1778755322.176075 2.028579 0.478847 3.082678 -0.27104893 -0.42028705 -0.14833077 0.85316426
1778755324.134952 2.028184 0.479589 3.086107 -0.24047958 -0.44899141 -0.12481010 0.85146857
1778755324.696676 2.027931 0.479906 3.087463 -0.21812521 -0.47138584 -0.11272976 0.84705890
1778755325.258666 2.027799 0.479976 3.087629 -0.20998520 -0.48656551 -0.10995441 0.84087469
1778755325.672919 2.027492 0.480165 3.088644 -0.17595713 -0.50882328 -0.09216474 0.83764170
1778755326.865191 2.027272 0.480582 3.090347 -0.20095037 -0.49462775 -0.09170706 0.84056657
1778755327.288601 2.026932 0.480858 3.091381 -0.19021715 -0.51277182 -0.09262138 0.83204794
1778755328.133117 2.026326 0.481354 3.093454 -0.16010187 -0.53638762 -0.06891338 0.82577639
1778755328.984098 2.025539 0.481777 3.094817 -0.13799544 -0.56027318 -0.06230403 0.81435215
1778755329.398025 2.025328 0.481992 3.095577 -0.15556511 -0.54590431 -0.06840095 0.82043238
1778755329.528239 2.025421 0.482086 3.096388 -0.16725251 -0.52765500 -0.07181150 0.82972881
1778755329.670710 2.025473 0.482057 3.096006 -0.20384600 -0.50585112 -0.09365006 0.83294125
1778755329.670710 2.025473 0.482057 3.096006 -0.20384600 -0.50585112 -0.09365006 0.83294125
1778755329.814531 2.025478 0.482007 3.095757 -0.21277333 -0.49364295 -0.09739239 0.83759111
1778755330.375796 2.025486 0.482410 3.097796 -0.22841334 -0.47731164 -0.11401178 0.84083426
1778755330.522333 2.025664 0.482640 3.099217 -0.24679842 -0.45753573 -0.12146373 0.84557564
1778755330.647094 2.025573 0.482746 3.099696 -0.25952632 -0.43697884 -0.13131343 0.85114767
1778755330.926021 2.025635 0.483496 3.103300 -0.28687749 -0.41514448 -0.13998374 0.85191603
1778755331.208703 2.026116 0.483618 3.104699 -0.29748396 -0.40037865 -0.15470966 0.85279842
1778755331.354101 2.026615 0.483811 3.106805 -0.31052306 -0.37729875 -0.15022060 0.85945032
1778755331.634466 2.027219 0.483938 3.107714 -0.33931618 -0.35266016 -0.14437143 0.86003036
1778755331.905824 2.026893 0.484067 3.108593 -0.27931649 -0.41475320 -0.15371576 0.85225205
1778755332.046393 2.025769 0.484123 3.106717 -0.26792076 -0.43327624 -0.15653309 0.84616048
1778755332.183145 2.025579 0.483689 3.104841 -0.21320334 -0.48491742 -0.12433982 0.83901075
1778755332.322390 2.025424 0.483273 3.102630 -0.17035011 -0.52826404 -0.10042045 0.82573221
1778755332.464442 2.025711 0.484019 3.107085 -0.13260671 -0.57035395 -0.05450497 0.80878986
1778755332.604413 2.025314 0.483642 3.104555 -0.11119215 -0.58724362 -0.03059537 0.80115240
1778755332.744841 2.025923 0.483599 3.105693 -0.09761093 -0.61042231 -0.03501123 0.78525851
1778755332.894797 2.025927 0.483555 3.105252 -0.09187109 -0.61683252 -0.01952984 0.78147036
1778755332.894797 2.025927 0.483555 3.105252 -0.09187109 -0.61683252 -0.01952984 0.78147036
1778755333.650301 2.025362 0.483664 3.105043 -0.07282319 -0.63025584 -0.00071122 0.77296433
1778755333.758023 2.024443 0.483614 3.103470 -0.01989699 -0.66937099 0.05280390 0.74078225
1778755334.022169 2.024285 0.483430 3.102195 -0.06051898 0.73573492 -0.16420221 -0.65426999
1778755334.167153 2.023367 0.483229 3.099857 -0.07254026 0.76654315 -0.22699724 -0.59634031
1778755334.446585 2.023183 0.483228 3.099601 -0.05601486 0.78505352 -0.26753780 -0.55585684
1778755335.547273 2.021497 0.482936 3.096131 -0.06919864 0.76657014 -0.26375143 -0.58139225
1778755335.684273 2.021285 0.482972 3.095499 -0.03188377 0.76682556 -0.24481198 -0.59247707
1778755335.965038 2.020748 0.482925 3.094417 -0.04543436 0.75359794 -0.22361625 -0.61645895
1778755336.244661 2.020745 0.482961 3.094539 -0.05145339 0.76847664 -0.22565862 -0.59655209
1778755336.662988 2.019960 0.482861 3.093008 -0.05566691 0.74854379 -0.20683170 -0.62753807
1778755336.809377 2.019588 0.482895 3.092323 -0.00517466 0.74170617 -0.19680717 -0.64118025
1778755336.956469 2.019192 0.482952 3.091915 0.00208893 0.71790501 -0.15388899 -0.67891547
1778755337.087127 2.018990 0.482942 3.091786 0.00330159 -0.69639062 0.11966763 0.70760784
1778755337.234942 2.018894 0.482966 3.091754 -0.01877439 -0.67214757 0.07710724 0.73615192
1778755337.372908 2.018828 0.483014 3.092046 -0.03038809 -0.65265164 0.04766891 0.75554621
1778755337.506300 2.019295 0.482959 3.092266 -0.04789210 -0.63950824 0.02897455 0.76674379
1778755337.506300 2.019295 0.482959 3.092266 -0.04789210 -0.63950824 0.02897455 0.76674379
1778755337.642732 2.019302 0.482998 3.092495 -0.04587810 -0.64634308 0.03358842 0.76092551
1778755337.785910 2.019284 0.483001 3.092609 -0.05206561 -0.64758621 0.02675828 0.75974026
1778755339.191265 2.019225 0.482962 3.092404 -0.06402148 -0.63837329 0.00929760 0.76700348
1778755339.326138 2.019195 0.482941 3.092133 -0.05736477 -0.63469857 0.01615629 0.77045830
1778755339.469047 2.019128 0.482888 3.091683 -0.05778267 -0.63305927 0.01175985 0.77185415
1778755339.602720 2.019083 0.482874 3.091464 -0.03985337 -0.66247877 0.04864670 0.74643626
1778755339.742935 2.019051 0.482863 3.091344 -0.00913568 -0.69690628 0.09820362 0.71034796
1778755339.882075 2.018952 0.482849 3.091130 -0.03188797 0.71567302 -0.13318472 -0.68487744
1778755340.026025 2.018854 0.482844 3.090964 -0.02926403 0.73085251 -0.15639786 -0.66373032
1778755340.170699 2.018792 0.482843 3.090860 -0.04323973 0.74395794 -0.17843866 -0.64250802
1778755340.304242 2.018747 0.482831 3.090716 -0.05730548 0.76148739 -0.20875603 -0.61096151
1778755340.446220 2.018590 0.482808 3.090326 -0.05386450 0.79205051 -0.27716065 -0.54123616
1778755340.589620 2.018486 0.482797 3.090062 -0.06561879 0.80691626 -0.30056316 -0.50422427
1778755340.872131 2.018286 0.482748 3.089551 -0.05023640 0.82277575 -0.34859859 -0.44608899
1778755341.702560 2.018042 0.482629 3.088778 -0.00917140 0.84579552 -0.42079334 -0.32783957
1778755341.842969 2.017941 0.482611 3.088377 0.01338235 0.86688638 -0.43930314 -0.23524812
1778755341.842969 2.017941 0.482611 3.088377 0.01338235 0.86688638 -0.43930314 -0.23524812
1778755341.989957 2.017928 0.482577 3.088191 0.02722252 0.86537413 -0.45118798 -0.21636995
1778755342.422226 2.017816 0.482506 3.087568 0.05858599 0.87232758 -0.45068559 -0.18026307
1778755342.830076 2.017846 0.482433 3.087284 0.04533052 0.87841245 -0.46017313 -0.12073690
1778755342.972786 2.017970 0.482402 3.087146 0.00749439 0.87590940 -0.45377250 -0.16375921
1778755343.113540 2.017983 0.482358 3.086955 0.03043715 0.87960059 -0.46149790 -0.11133765
1778755343.533600 2.017959 0.482303 3.086609 0.06766008 0.88148912 -0.46567987 -0.03925947
1778755344.088499 2.017890 0.482253 3.086250 0.10512806 0.87449964 -0.47347650 -0.00429799
1778755344.377462 2.017877 0.482236 3.086191 0.12864915 0.87963842 -0.41046750 0.20298293
1778755344.515782 2.017890 0.482225 3.086109 0.11228064 0.88206509 -0.35313560 0.29094583
1778755344.651612 2.017880 0.482194 3.085988 0.08863317 0.86430414 -0.27058380 0.41461659
1778755344.792721 2.017865 0.482168 3.085923 0.06859645 0.84054211 -0.21427969 0.49281610
1778755344.929801 2.017897 0.482167 3.085895 0.03464081 0.82488860 -0.14298502 0.54581507
1778755345.067517 2.017935 0.482153 3.085959 0.00051744 0.80833216 -0.12199230 0.57594855
1778755345.208886 2.017987 0.482182 3.086128 -0.01371532 0.80093639 -0.09576354 0.59088250
1778755345.352730 2.017994 0.482184 3.086226 -0.05035443 0.78147100 -0.06568102 0.61842825
1778755345.496925 2.017980 0.482201 3.086256 -0.08995832 0.75133709 -0.03347691 0.65290074
1778755345.496925 2.017980 0.482201 3.086256 -0.08995832 0.75133709 -0.03347691 0.65290074
1778755345.631258 2.017960 0.482197 3.086216 -0.10994363 0.73593438 -0.01878174 0.66780254
1778755345.770312 2.017964 0.482198 3.086228 -0.12454627 0.72204337 0.00688906 0.68051020
1778755345.916465 2.017967 0.482193 3.086199 -0.14410005 0.70812937 0.01491780 0.69106109
1778755346.056906 2.017981 0.482203 3.086272 -0.15068492 0.69896608 0.00391524 0.69908879
1778755346.203358 2.017992 0.482210 3.086338 -0.16081911 0.69439996 0.02748775 0.70084972
1778755346.334909 2.018016 0.482207 3.086322 -0.15380167 0.70156682 0.01275557 0.69569127
1778755346.480839 2.018018 0.482223 3.086423 -0.12199608 0.72181109 -0.00458502 0.68123762
1778755346.618471 2.018113 0.482211 3.086415 -0.10707461 0.73172192 -0.00581487 0.67311534
1778755346.760622 2.018185 0.482206 3.086479 -0.09374331 0.74015746 -0.01263509 0.66574731
1778755346.893121 2.018239 0.482214 3.086542 -0.07912849 0.74768495 -0.01119498 0.65922725
1778755347.030921 2.018307 0.482204 3.086518 -0.07785050 0.75260889 -0.01841081 0.65359024
1778755347.176641 2.018390 0.482194 3.086595 -0.06913342 0.75775232 -0.03122090 0.64811823
1778755347.608141 2.018465 0.482169 3.086535 -0.06587390 0.76206341 -0.04271704 0.64272486
1778755347.743134 2.018463 0.482158 3.086433 -0.06091113 0.76336129 -0.03271777 0.64226079
1778755348.016706 2.018495 0.482150 3.086454 -0.04563354 0.77049818 -0.03984452 0.63455698
1778755348.433127 2.018555 0.482129 3.086347 -0.05127912 0.76973799 -0.03800782 0.63516083
1778755348.433127 2.018555 0.482129 3.086347 -0.05127912 0.76973799 -0.03800782 0.63516083
1778755349.698577 2.018730 0.482095 3.086374 -0.05819134 0.76096576 -0.03855618 0.64502581
1778755349.847782 2.018761 0.482096 3.086417 -0.07172349 0.75554673 -0.02983567 0.65047268
1778755349.987829 2.018779 0.482101 3.086489 -0.08122490 0.75280135 -0.03245127 0.65241058
1778755350.125923 2.018778 0.482107 3.086535 -0.08276112 0.75416445 -0.03238739 0.65064401
1778755350.255640 2.018796 0.482113 3.086588 -0.08294808 0.75071155 -0.03277271 0.65458210
1778755350.396757 2.018803 0.482117 3.086630 -0.08489569 0.74928468 -0.03596567 0.65579849
1778755350.537351 2.018800 0.482118 3.086641 -0.09593770 0.74285897 -0.02430127 0.66209211
1778755350.815488 2.018791 0.482120 3.086647 -0.10800711 0.73067368 -0.00811182 0.67408058
