1779361432.515536 0.000000 0.000000 0.000000 0.00000000 0.00000000 0.00000000 1.00000000
1779361439.543506 -0.003952 0.001804 0.070935 -0.01204662 0.01676661 0.00019099 0.99978684
1779361440.667159 0.001882 0.001888 0.135484 -0.00862208 0.05255601 0.00991352 0.99853155
1779361441.793170 0.012763 0.003070 0.206992 -0.00931073 0.10167339 -0.00210100 0.99477204
1779361442.216978 0.024261 0.005507 0.225698 -0.02357929 0.12890349 0.00278974 0.99137285
1779361443.200204 0.044834 0.004728 0.232764 -0.02488715 0.16508984 0.00047808 0.98596437
1779361443.479689 0.058141 0.002480 0.225461 -0.01815768 0.22263565 0.00299288 0.97472802
1779361443.761676 0.054322 0.001064 0.231667 -0.01530557 0.24812241 0.00333950 0.96860201
1779361444.195698 0.064041 0.003783 0.254676 -0.01458949 0.27503466 -0.00221956 0.96132105
1779361444.327298 0.076262 0.003426 0.261826 -0.02125996 0.31531136 0.02470742 0.94842833
1779361444.466406 0.085714 0.006915 0.280421 -0.02474000 0.34970114 0.02158943 0.93628571
1779361444.744393 0.116961 0.006578 0.306108 -0.02201796 0.39183248 0.02793938 0.91934863
1779361445.022333 0.145958 0.007945 0.320495 -0.02046538 0.43393763 0.00761495 0.90067825
1779361445.307550 0.180185 0.009948 0.324675 -0.02536654 0.46634069 0.02094251 0.88399339
1779361445.447008 0.181614 0.007073 0.322609 -0.01891615 0.50349840 0.01608497 0.86363929
1779361445.734073 0.216263 0.011628 0.341946 -0.02466770 0.54406486 0.02568737 0.83828700
1779361446.571775 0.238848 0.018366 0.378334 -0.03318795 0.50998193 -0.00420427 0.85953436
1779361446.571775 0.238848 0.018366 0.378334 -0.03318795 0.50998193 -0.00420427 0.85953436
1779361448.116232 0.263604 0.019238 0.391800 -0.03298110 0.54973914 -0.01244299 0.83459230
1779361448.820090 0.279169 0.019120 0.397457 -0.02288459 0.58409758 -0.00949209 0.81130525
1779361448.959027 0.285736 0.019930 0.398217 -0.02258077 0.60085954 0.02586811 0.79861678
1779361449.522935 0.304752 0.020342 0.396962 -0.03667193 0.63037191 0.01318392 0.77531452
1779361450.929160 0.351524 0.022552 0.400436 -0.03231561 0.67314933 0.01160658 0.73870899
1779361453.879316 0.434757 0.024860 0.401477 -0.04270856 0.67052651 0.00378221 0.74064558
1779361456.407613 0.491701 0.026151 0.402574 -0.04638322 0.62388600 0.00386166 0.78012816
1779361456.686285 0.504816 0.026312 0.408906 -0.04106160 0.58926720 -0.00966883 0.80683618
1779361456.981708 0.515463 0.026465 0.413145 -0.04667985 0.55436346 -0.00249311 0.83096085
1779361457.243159 0.517184 0.025753 0.416204 -0.03610741 0.53207448 -0.00730074 0.84589580
1779361457.814409 0.523092 0.024670 0.417278 -0.02930603 0.50467304 -0.00276172 0.86280858
1779361458.303029 0.545147 0.027390 0.433472 -0.03381958 0.49217526 0.01482267 0.86971262
1779361459.006939 0.549979 0.025425 0.439486 -0.03151124 0.49133176 -0.00740199 0.87037081
1779361463.856080 0.679006 0.034637 0.523147 -0.03922257 0.51205194 0.01802598 0.85786914
1779361465.687230 0.707248 0.034328 0.540650 -0.03917866 0.51711464 0.00194068 0.85501679
1779361469.344383 0.817756 0.037681 0.586034 -0.02843270 0.53789455 -0.00713704 0.84250228
1779361469.344383 0.817756 0.037681 0.586034 -0.02843270 0.53789455 -0.00713704 0.84250228
1779361469.758056 0.826503 0.038070 0.584025 -0.03268917 0.57538103 -0.02250696 0.81692198
1779361470.039772 0.831468 0.038251 0.582587 -0.02839031 0.59368039 -0.01844313 0.80398846
1779361470.179629 0.834308 0.037788 0.580354 -0.01313761 0.60692388 -0.00918799 0.79459825
1779361470.318412 0.836282 0.038047 0.579487 -0.02471095 0.62055510 -0.01146923 0.78368948
1779361470.466039 0.838199 0.037328 0.577788 -0.02333106 0.64072398 -0.02236254 0.76709084
1779361470.611367 0.844471 0.037550 0.575850 -0.01102695 0.68670379 0.00186358 0.72685132
1779361470.743459 0.852769 0.037504 0.572416 -0.01706168 0.72273306 0.00428789 0.69090335
1779361470.885222 0.859184 0.037432 0.567421 -0.01727733 0.74453327 -0.00182909 0.66735924
1779361471.164236 0.868755 0.036507 0.561163 -0.00562241 0.76721082 -0.00274248 0.64136450
1779361471.869840 0.880303 0.035256 0.555351 -0.02664938 0.75475278 -0.02491182 0.65499424
1779361472.574953 0.892930 0.034245 0.546987 -0.00596316 0.78138005 -0.01385058 0.62387324
1779361473.133370 0.902242 0.033899 0.541736 -0.02051434 0.77239809 -0.02626853 0.63426360
1779361473.553824 0.907721 0.033302 0.540753 -0.02545248 0.75787590 -0.04395168 0.65041874
1779361474.820603 0.925542 0.032225 0.531373 -0.01757024 0.75732600 -0.02472342 0.65233225
1779361475.804182 0.933975 0.031399 0.527371 -0.01611907 0.78195065 -0.03936578 0.62188720
1779361476.363935 0.936992 0.030894 0.524673 -0.00478724 0.80243867 -0.03727363 0.59555011
1779361476.363935 0.936992 0.030894 0.524673 -0.00478724 0.80243867 -0.03727363 0.59555011
1779361476.643847 0.941094 0.030599 0.520688 0.00564714 0.82401000 -0.02411126 0.56603382
1779361476.928044 0.944427 0.029996 0.517356 -0.00069272 0.84037554 -0.02021781 0.54162692
1779361477.486784 0.951154 0.029557 0.512637 -0.01366563 0.80602341 -0.03788813 0.59051164
1779361478.193263 0.955627 0.029175 0.509658 -0.01347182 0.78842041 -0.02885688 0.61431185
1779361478.750391 0.959173 0.028834 0.508839 -0.01664595 0.76141676 -0.02344506 0.64762471
1779361479.034250 0.961869 0.028890 0.508153 -0.00330045 0.73557020 -0.01396524 0.67729651
1779361479.175040 0.963559 0.028613 0.508189 -0.01118278 0.70900736 -0.02061442 0.70481101
1779361479.314563 0.966850 0.028481 0.509501 -0.01140089 0.70378179 -0.01786544 0.71010002
1779361479.455366 0.967153 0.028823 0.513607 -0.00556287 0.70309954 -0.02194552 0.71073095
1779361479.600447 0.969489 0.028775 0.513763 -0.00965260 0.68267926 -0.02292001 0.73029482
1779361479.732864 0.970800 0.028796 0.515026 -0.00952480 0.64000229 -0.02431080 0.76792925
1779361479.872745 0.971836 0.028727 0.518238 -0.02404154 0.61381663 -0.03413461 0.78834382
1779361480.031926 0.972328 0.028515 0.521372 -0.03007969 0.57693617 -0.02663105 0.81580062
1779361480.159129 0.972261 0.028571 0.524383 -0.02455632 0.54463588 -0.03588751 0.83754452
1779361480.440458 0.973303 0.028124 0.526684 -0.02852684 0.49862785 -0.05009364 0.86489717
1779361480.862606 0.975366 0.028653 0.529741 -0.02223267 0.48994052 -0.02359841 0.87115275
1779361480.862606 0.975366 0.028653 0.529741 -0.02223267 0.48994052 -0.02359841 0.87115275
1779361481.147289 0.976847 0.028515 0.531142 -0.01461013 0.48760804 -0.03610968 0.87219323
1779361481.561769 0.979415 0.028324 0.533030 -0.01279833 0.48283417 -0.02336304 0.87530654
1779361481.987678 0.981390 0.028162 0.535314 -0.02838919 0.44316300 -0.03401294 0.89534559
1779361482.266387 0.982191 0.028426 0.537205 -0.01968832 0.41584070 -0.03483731 0.90855668
1779361483.390462 0.984965 0.027828 0.542499 -0.02247116 0.43766947 -0.03182182 0.89829163
1779361483.669451 0.986168 0.027747 0.543363 -0.01902206 0.46665644 -0.02929834 0.88374857
1779361483.952013 0.986966 0.027804 0.543863 -0.01507839 0.48321057 -0.01302763 0.87527737
1779361484.374615 0.989503 0.027855 0.545568 -0.02487956 0.50499267 -0.02646053 0.86235912
1779361484.655293 0.990949 0.027701 0.546216 -0.02393959 0.51806623 -0.02604143 0.85460875
1779361485.917557 0.996740 0.027322 0.549503 -0.02869403 0.53240286 -0.03294990 0.84536274
1779361486.198469 0.997464 0.027286 0.549265 -0.02040657 0.54816175 -0.02255391 0.83581911
1779361486.623115 0.999134 0.027347 0.550946 -0.02376836 0.52906379 -0.04074420 0.84727001
1779361487.191109 1.002194 0.027439 0.553048 -0.02130356 0.51247645 -0.01770240 0.85825444
1779361488.598347 1.012744 0.026904 0.557744 -0.01959675 0.55198902 -0.01243777 0.83352828
1779361488.736689 1.013203 0.026895 0.557648 -0.00838305 0.56810686 -0.02089048 0.82264689
1779361489.017708 1.016496 0.026808 0.557762 -0.01928858 0.58921337 -0.00349646 0.80773964
1779361489.017708 1.016496 0.026808 0.557762 -0.01928858 0.58921337 -0.00349646 0.80773964
1779361489.292222 1.019006 0.026663 0.555557 -0.01886305 0.62168259 -0.01676312 0.78286266
1779361489.435251 1.019398 0.026453 0.553338 0.00149503 0.63917940 -0.00849867 0.76900925
1779361489.577170 1.021731 0.026484 0.552057 0.01037893 0.64281004 0.02225649 0.76563188
1779361490.002190 1.026164 0.026290 0.549939 -0.00779037 0.65729542 0.00333143 0.75358539
1779361491.398245 1.037764 0.025563 0.544492 -0.01269549 0.67433445 -0.02114481 0.73801407
1779361491.544599 1.038754 0.025721 0.542061 0.00267306 0.67631651 0.01616587 0.73642888
1779361491.824074 1.039763 0.025534 0.537227 -0.00262875 0.67397495 -0.00020219 0.73874949
1779361491.963028 1.041360 0.025484 0.534289 -0.00386806 0.68239573 0.00766419 0.73093253
1779361492.105902 1.042137 0.025277 0.532338 -0.00455040 0.69273732 0.01257613 0.72106597
1779361492.383026 1.043971 0.025706 0.527427 -0.00340708 0.69897335 0.01239643 0.71503216
1779361492.533823 1.043454 0.025686 0.523158 -0.00057893 0.70914714 0.00829496 0.70501148
1779361492.815927 1.043851 0.025722 0.520593 0.01283806 0.72822750 0.02508022 0.68475607
1779361493.228659 1.045827 0.025619 0.517076 -0.01952045 0.73523346 -0.00017105 0.67753279
1779361493.652281 1.048274 0.025806 0.517305 -0.02276492 0.71009428 -0.01599881 0.70355662
1779361493.936277 1.049561 0.025612 0.518020 -0.02167791 0.69605238 -0.01782612 0.71744225
1779361494.775009 1.053050 0.025276 0.517553 -0.01119585 0.70038455 0.00241624 0.71367381
1779361494.775009 1.053050 0.025276 0.517553 -0.01119585 0.70038455 0.00241624 0.71367381
1779361495.060538 1.053345 0.025236 0.517426 -0.00914995 0.71925281 -0.00745423 0.69464819
1779361495.477334 1.054168 0.025003 0.516119 -0.01925350 0.73504684 -0.01333638 0.67761168
1779361495.617029 1.054683 0.024953 0.515081 -0.01811749 0.75043545 0.00393264 0.66068369
1779361495.759969 1.054955 0.024867 0.513791 -0.02269987 0.77978005 -0.00474210 0.62562394
1779361495.907001 1.053888 0.025068 0.514932 0.01517852 0.83141978 0.02453370 0.55489536
1779361496.041474 1.054656 0.024837 0.514128 -0.02132809 0.88588350 0.00960265 0.46331773
1779361496.177712 1.055207 0.025073 0.514015 -0.03580591 0.92172323 -0.01981982 0.38568302
1779361496.319313 1.055522 0.025054 0.511839 0.02052407 0.93734165 0.01421950 0.34751575
1779361496.600707 1.057110 0.025037 0.509164 -0.03546150 0.96167523 -0.00836311 0.27175961
1779361497.726112 1.058195 0.024600 0.504057 -0.09989574 0.92514926 -0.03258105 0.36477139
1779361498.008077 1.059464 0.024670 0.501434 -0.06548142 0.89551571 -0.03275261 0.43896589
1779361498.428140 1.060079 0.024790 0.501105 -0.04946202 0.87787334 -0.02058783 0.47588660
1779361499.273846 1.061389 0.024743 0.499735 -0.04274209 0.86014965 -0.01809282 0.50792552
1779361499.411938 1.061432 0.024576 0.500442 -0.06351308 0.83756131 -0.02686166 0.54197379
1779361499.561540 1.060005 0.024606 0.503651 -0.05112680 0.81096122 -0.02485708 0.58233158
1779361499.692276 1.061962 0.024469 0.500205 -0.05545993 0.77672267 -0.03005245 0.62667610
1779361499.692276 1.061588 0.024458 0.501357 -0.05514950 0.77645695 -0.03004047 0.62703326
1779361499.831274 1.061387 0.024503 0.502391 -0.05564042 0.75859365 -0.03311694 0.64833872
1779361499.975974 1.062232 0.024611 0.503277 -0.04256788 0.75202220 -0.03615563 0.65676736
1779361500.255944 1.063629 0.024601 0.503010 -0.03044962 0.74178892 -0.01082942 0.66985427
1779361500.395766 1.062790 0.024382 0.504618 -0.02455679 0.76587511 -0.02401185 0.64207142
1779361500.537142 1.062801 0.024365 0.504597 -0.01259485 0.77932017 0.00916864 0.62643226
1779361500.817100 1.063471 0.024310 0.504106 -0.02197668 0.80447526 -0.00620362 0.59354705
1779361501.520597 1.065437 0.024177 0.501068 -0.04090168 0.82661659 -0.01402946 0.56110181
1779361501.660487 1.065779 0.024198 0.500640 -0.01409047 0.84577420 0.01384128 0.53317527
1779361501.942297 1.066276 0.024088 0.499426 -0.02212630 0.88541814 -0.00816005 0.46419667
1779361502.084868 1.065798 0.024194 0.500133 0.01721345 0.92094280 0.02061640 0.38877117
1779361502.374937 1.066453 0.023970 0.498648 -0.01661234 0.95741782 -0.00465622 0.28819000
1779361502.645734 1.066524 0.024009 0.498649 -0.02323405 0.96960021 0.00883517 0.24342876
1779361504.892910 1.071866 0.023960 0.483927 -0.04162376 0.90934725 0.00119930 0.41394880
1779361506.156258 1.074626 0.024125 0.479755 -0.04897811 0.91411126 -0.00437440 0.40247064
1779361510.655885 1.076833 0.023915 0.474799 -0.03010125 0.94121238 -0.00230432 0.33646376
1779361510.796002 1.075857 0.023893 0.476332 -0.01358560 0.95954241 -0.01237489 0.28096380
1779361510.796002 1.075650 0.023885 0.476969 -0.01334295 0.96067858 -0.01254949 0.27705800
1779361511.076074 1.075509 0.023847 0.476829 -0.02295341 0.98182071 -0.01951898 0.18740395
1779361511.214910 1.075081 0.023859 0.476373 -0.00673833 0.99369606 0.00080579 0.11190208
1779361511.494935 1.074778 0.023797 0.472725 0.00059952 0.99926012 -0.00908435 -0.03736759
1779361511.798917 1.073437 0.023845 0.471303 -0.00885319 0.99929479 -0.00574631 -0.03603508
1779361511.928182 1.072906 0.023737 0.470531 0.00351740 0.99596525 -0.01645926 -0.08814725
1779361513.184913 1.072808 0.024565 0.478018 -0.08090544 0.96468529 0.01864986 0.24997755
1779361513.333243 1.080798 0.025277 0.474173 -0.06737879 0.99568128 0.03511091 -0.05334899
1779361513.467142 1.081913 0.025134 0.472467 -0.04603618 0.98110613 0.02077769 -0.18676115
1779361513.603314 1.077929 0.024497 0.473328 -0.03527427 0.97760741 0.01064890 -0.20718609
1779361513.749743 1.076398 0.024169 0.477694 -0.03748734 0.98172125 0.00227901 -0.18658216
1779361513.893507 1.070139 0.023745 0.477073 -0.00714609 0.97267526 0.00522437 -0.23200103
1779361514.029320 1.071521 0.024040 0.473443 -0.03579587 0.93808802 0.01783979 0.34408032
1779361514.310296 1.075814 0.024338 0.473055 -0.01861735 0.96989601 0.01231645 0.24249418
1779361514.592528 1.079916 0.024569 0.473331 -0.03232320 0.96757998 -0.00866095 0.25033813
1779361514.732876 1.074965 0.024182 0.467937 -0.03953197 0.99703240 -0.00109573 -0.06604858
1779361514.873078 1.073840 0.024540 0.470871 -0.09164588 0.96143358 -0.02951856 0.25763377
1779361514.873078 1.073840 0.024540 0.470871 -0.09164588 0.96143358 -0.02951856 0.25763377
1779361515.298623 1.073632 0.024577 0.471022 -0.07276268 0.93911464 -0.02391014 0.33495909
1779361516.556212 1.075862 0.024407 0.465757 -0.01894439 0.98328681 -0.01875741 0.18010087
1779361516.696650 1.076021 0.024736 0.464102 -0.00831415 0.99487159 -0.00495281 0.10068203
1779361516.845690 1.075977 0.024599 0.461859 -0.03039484 0.99944932 -0.01282344 -0.00357355
1779361516.979456 1.075753 0.024754 0.462589 0.03780312 0.98793952 -0.01800017 -0.14907185
1779361517.128228 1.075890 0.024692 0.462444 0.00809768 0.96136355 -0.00645430 -0.27508706
1779361517.261750 1.075648 0.024527 0.462827 -0.01236684 0.95100040 -0.01317027 -0.30866137
1779361517.402384 1.075764 0.024631 0.462398 -0.00935179 0.93499187 -0.01080151 -0.35438125
1779361517.681707 1.075183 0.024571 0.463237 -0.03615494 0.93037008 -0.00627971 -0.36478061
1779361518.525136 1.073648 0.024502 0.464679 -0.07813623 0.99101991 -0.01470685 -0.10750802
1779361519.228878 1.074527 0.024363 0.463044 -0.07437593 0.98417871 -0.01850271 -0.15974398
1779361519.789937 1.074586 0.024372 0.462944 -0.05257733 0.97839381 -0.02325670 -0.19859583
1779361520.214148 1.074191 0.024306 0.462796 -0.06640672 0.99454911 -0.01977642 -0.07791725
1779361521.068716 1.075558 0.023980 0.460301 -0.08176188 0.98412941 -0.02328337 0.15576324
1779361521.182508 1.075566 0.023916 0.460133 -0.07584493 0.98938938 -0.02273596 0.12181653
1779361521.359290 1.075107 0.024036 0.460651 -0.10036384 0.97843519 -0.03115698 0.17782271
1779361521.359290 1.075107 0.024036 0.460651 -0.10036384 0.97843519 -0.03115698 0.17782271
1779361521.474193 1.075359 0.024056 0.460099 -0.11670376 0.96839838 -0.04405708 0.21597173
1779361521.757849 1.075642 0.023995 0.459302 -0.06254794 0.96152721 -0.04333628 0.26396049
1779361522.103288 1.075959 0.023955 0.458544 -0.06259846 0.95593358 -0.03705161 0.28442856
1779361522.581599 1.076077 0.024038 0.459263 -0.05454149 0.96109765 -0.01866222 0.27012635
1779361523.053902 1.076368 0.024027 0.458752 -0.05173772 0.96109653 -0.01953590 0.27061970
1779361523.288450 1.076874 0.023912 0.457810 -0.06322844 0.96370302 -0.02731718 0.25793880
1779361523.764372 1.076696 0.023982 0.458374 -0.06630636 0.96448681 -0.02752779 0.25418671
1779361523.866531 1.077235 0.023873 0.456579 -0.06456968 0.98115033 -0.01786882 0.18126085
1779361524.245099 1.077371 0.023898 0.456133 -0.03642691 0.99609243 -0.01223278 0.07951926
1779361524.358052 1.077516 0.023868 0.455904 -0.06749369 0.99746658 -0.01853627 0.01270515
1779361525.066735 1.078191 0.023718 0.452914 -0.05271436 0.99761495 -0.01575915 -0.04168032
1779361525.405515 1.078365 0.023661 0.452350 -0.06192529 0.99698473 -0.01070433 -0.04552060
1779361525.697678 1.078507 0.023500 0.450945 -0.07441774 0.99679603 -0.01774235 -0.02334277
1779361526.111830 1.078435 0.023428 0.450660 -0.06874366 0.99749356 -0.01307186 -0.01048922
1779361526.393164 1.078311 0.023253 0.449371 -0.07647481 0.99541793 -0.01048535 0.05643414
1779361526.673264 1.077748 0.023542 0.450641 -0.09143654 0.99237467 -0.02862690 0.07753949
1779361526.673264 1.077748 0.023542 0.450641 -0.09143654 0.99237467 -0.02862690 0.07753949
1779361526.810986 1.077583 0.023518 0.450459 -0.06064151 0.99742198 -0.03816111 0.00396645
1779361527.094507 1.077522 0.023420 0.449936 -0.00922480 0.99498453 -0.02539612 -0.09631053
1779361527.372114 1.077587 0.023396 0.449529 -0.05405783 0.98038817 -0.02973073 -0.18717071
1779361527.511676 1.077535 0.023434 0.449810 -0.07605604 0.96277795 -0.02596666 -0.25806941
1779361527.652413 1.077589 0.023270 0.449212 -0.08149630 0.94688449 -0.00913785 -0.31094149
1779361527.801133 1.077557 0.023191 0.448722 -0.06988152 0.93949615 -0.00934639 -0.33522559
1779361527.932851 1.077519 0.023183 0.448278 -0.04526399 0.92937912 -0.01926753 -0.36583382
1779361528.071918 1.077405 0.023157 0.447757 -0.04779604 0.92824827 -0.01867884 -0.36840437
1779361528.633443 1.077295 0.023096 0.447035 -0.07769389 0.92154643 -0.01373287 -0.38016738
1779361528.912791 1.077315 0.023105 0.446476 -0.05896035 0.91820675 -0.01550252 -0.39138180
1779361529.331880 1.077277 0.023029 0.446234 -0.06430726 0.91747780 -0.01506001 -0.39226554
1779361529.615792 1.077268 0.023000 0.445873 -0.06214895 0.91423576 -0.01944837 -0.39991529
1779361530.037683 1.077271 0.022994 0.445738 -0.05835512 0.89774227 -0.02117047 -0.43612534
1779361530.593983 1.077222 0.022954 0.445398 -0.06284949 0.89260366 -0.03237557 -0.44526449
1779361531.015278 1.077177 0.022951 0.445393 -0.06325091 0.89122113 -0.03651671 -0.44765025
1779361531.161814 1.077491 0.023037 0.445372 -0.05229058 0.86436798 -0.02355504 -0.49957867
1779361531.161814 1.077491 0.023037 0.445372 -0.05229058 0.86436798 -0.02355504 -0.49957867
1779361531.298949 1.077460 0.023038 0.445305 -0.05925866 0.85458060 -0.02906947 -0.51510714
1779361531.436615 1.077462 0.023028 0.445357 -0.05657245 0.84928802 -0.03042804 -0.52400721
1779361531.576203 1.077369 0.023012 0.445416 -0.05044505 0.84809259 -0.02754940 -0.52672127
1779361531.716330 1.077437 0.023024 0.445388 -0.05372484 0.84972009 -0.02897815 -0.52368852
1779361531.860280 1.077377 0.023012 0.445431 -0.06203851 0.85757366 -0.02565021 -0.50996148
1779361532.140615 1.077301 0.022993 0.445487 -0.09083467 0.85927062 -0.00783801 -0.50333053
1779361532.276711 1.077254 0.022978 0.445500 -0.09353932 0.87155521 -0.01927186 -0.48090592
1779361532.415606 1.077199 0.022972 0.445598 -0.05804203 0.86918046 -0.02777530 -0.49029071
1779361532.555199 1.077151 0.022949 0.445571 -0.05788263 0.85053660 -0.02315751 -0.52220764
1779361532.696088 1.077031 0.022937 0.445732 -0.07584967 0.86969987 -0.00014455 -0.48771811
1779361532.836828 1.076969 0.022914 0.445795 -0.08304649 0.87275615 0.00550079 -0.48100906
1779361532.976339 1.076932 0.022909 0.445806 -0.07629127 0.86496385 0.00849783 -0.49592839
1779361533.116668 1.076874 0.022913 0.445911 -0.09191717 0.86999604 0.00386633 -0.48439980
1779361533.258571 1.076836 0.022897 0.445903 -0.09032818 0.86628520 -0.00238267 -0.49130958
1779361533.401397 1.076812 0.022880 0.445871 -0.09461718 0.85414258 0.00288322 -0.51135089
1779361533.676660 1.076829 0.022876 0.445885 -0.11652407 0.84264430 -0.00003742 -0.52571163
1779361533.676660 1.076829 0.022876 0.445885 -0.11652407 0.84264430 -0.00003742 -0.52571163
1779361533.962023 1.076829 0.022876 0.445881 -0.09656381 0.84025246 -0.00451076 -0.53350809
1779361535.783236 1.076829 0.022876 0.445880 -0.09584973 0.84164531 -0.00586494 -0.53142413
