# camera_optical trajectory from onboard odometry (NOT ground truth)
1779361432.515536 -11.477870 18.681535 0.320546 0.708681 0.026845 -0.010891 -0.704934
1779361432.659801 -11.477865 18.682042 0.320508 0.708774 0.026845 -0.010835 -0.704841
1779361432.797142 -11.477878 18.681860 0.320502 0.708742 0.026869 -0.010905 -0.704872
1779361432.935984 -11.477867 18.681902 0.320412 0.708770 0.026871 -0.010928 -0.704843
1779361433.078433 -11.477814 18.681834 0.320429 0.708710 0.026819 -0.010945 -0.704905
1779361433.216572 -11.477831 18.681864 0.320400 0.708734 0.026823 -0.010924 -0.704881
1779361433.358451 -11.477846 18.681869 0.320261 0.708754 0.026859 -0.011027 -0.704858
1779361433.501450 -11.477731 18.681913 0.320024 0.708771 0.026731 -0.010951 -0.704847
1779361433.644903 -11.480802 18.677279 0.319903 0.706902 0.033609 -0.011549 -0.706418
1779361433.782804 -11.487730 18.673698 0.307454 0.710344 0.044562 -0.012940 -0.702324
1779361433.926424 -11.490627 18.678482 0.310620 0.711276 0.049393 -0.013969 -0.701036
1779361434.066546 -11.491900 18.682616 0.311827 0.711644 0.050422 -0.014611 -0.700577
1779361434.202941 -11.492380 18.684430 0.311473 0.711672 0.050815 -0.015266 -0.700506
1779361434.347875 -11.492927 18.685084 0.311170 0.711631 0.051441 -0.015910 -0.700487
1779361434.485129 -11.493098 18.685551 0.311084 0.711611 0.051628 -0.016159 -0.700488
1779361434.629812 -11.493271 18.686137 0.310996 0.711601 0.051729 -0.016449 -0.700484
1779361434.765875 -11.493522 18.686831 0.310976 0.711533 0.051872 -0.016843 -0.700533
1779361434.905138 -11.493667 18.687541 0.310916 0.711521 0.051894 -0.017108 -0.700537
1779361435.020983 -11.493735 18.688250 0.310850 0.711566 0.051898 -0.017054 -0.700492
1779361435.184352 -11.493896 18.689270 0.310767 0.711538 0.051924 -0.017389 -0.700510
1779361435.326766 -11.494128 18.689865 0.310729 0.711504 0.052028 -0.017739 -0.700528
1779361435.469824 -11.494095 18.690238 0.310744 0.711464 0.051955 -0.017770 -0.700574
1779361435.595492 -11.494122 18.690651 0.310713 0.711477 0.051931 -0.017951 -0.700558
1779361435.750789 -11.494190 18.691127 0.310690 0.711449 0.051933 -0.017944 -0.700587
1779361435.888351 -11.494216 18.691209 0.310676 0.711461 0.051962 -0.017956 -0.700572
1779361436.029914 -11.494167 18.691235 0.310664 0.711465 0.051942 -0.017907 -0.700571
1779361436.169785 -11.494271 18.691234 0.310661 0.711459 0.052017 -0.017947 -0.700570
1779361436.309081 -11.494219 18.691226 0.310660 0.711427 0.051978 -0.018028 -0.700603
1779361436.450202 -11.494354 18.691293 0.310702 0.711419 0.052097 -0.018070 -0.700601
1779361436.589834 -11.494450 18.691343 0.310744 0.711380 0.052162 -0.018142 -0.700634
1779361436.733149 -11.494484 18.692188 0.310650 0.711155 0.051875 -0.018261 -0.700881
1779361436.873922 -11.492875 18.709462 0.304303 0.711426 0.043372 -0.022180 -0.701070
1779361437.024947 -11.502815 18.760316 0.297712 0.713569 0.044496 -0.025501 -0.698705
1779361437.157229 -11.519459 18.844633 0.294124 0.717590 0.045125 -0.033513 -0.694194
1779361437.302505 -11.528945 18.935762 0.308689 0.708262 0.046184 -0.028187 -0.703873
1779361437.435157 -11.542877 19.050226 0.303868 0.714137 0.048263 -0.021228 -0.698017
1779361437.576494 -11.554891 19.160719 0.295006 0.717155 0.049468 -0.029121 -0.694545
1779361437.730745 -11.559974 19.238056 0.307158 0.712989 0.042501 -0.039370 -0.698778
1779361437.861559 -11.569949 19.330885 0.301039 0.714817 0.044564 -0.036256 -0.696948
1779361438.000786 -11.580606 19.394109 0.308047 0.711422 0.048740 -0.032828 -0.700304
1779361438.139099 -11.597199 19.487490 0.302981 0.711431 0.050758 -0.040274 -0.699762
1779361438.280533 -11.602660 19.561092 0.308025 0.708894 0.048883 -0.043075 -0.702299
1779361438.419982 -11.599988 19.641065 0.305360 0.708486 0.039615 -0.022709 -0.704246
1779361438.558179 -11.603291 19.711796 0.310225 0.710611 0.034749 -0.010065 -0.702654
1779361438.701036 -11.607501 19.794364 0.304739 0.712417 0.029455 -0.010216 -0.701064
1779361438.841350 -11.606030 19.864658 0.299367 0.715387 0.024294 -0.013657 -0.698172
1779361438.985215 -11.605298 19.946816 0.303008 0.713719 0.014804 -0.015149 -0.700111
1779361439.124802 -11.608052 20.024198 0.302837 0.717016 0.018317 -0.004591 -0.696801
1779361439.264930 -11.616109 20.096604 0.306895 0.714527 0.022015 -0.005945 -0.699236
1779361439.404336 -11.607607 20.181397 0.299057 0.716358 0.010963 0.002828 -0.697641
1779361439.543506 -11.590669 20.249176 0.308169 0.713929 -0.012182 0.007854 -0.700068
1779361439.683674 -11.575225 20.328974 0.298831 0.716128 -0.017428 0.022606 -0.697385
1779361439.829550 -11.570311 20.417219 0.311427 0.710763 -0.017906 0.029920 -0.702567
1779361439.967244 -11.566789 20.533959 0.305216 0.708697 -0.024445 0.021333 -0.704766
1779361440.107966 -11.562067 20.649895 0.309153 0.712821 -0.018548 0.037218 -0.700112
1779361440.246129 -11.559280 20.746080 0.304854 0.714426 -0.022008 0.041082 -0.698157
1779361440.388893 -11.555905 20.853616 0.307838 0.712544 -0.023037 0.034765 -0.700387
1779361440.555791 -11.539763 20.969050 0.311827 0.708005 -0.034184 0.026175 -0.704894
1779361440.667159 -11.525139 21.066363 0.311239 -0.706000 0.029556 -0.039476 0.706493
1779361440.813337 -11.512125 21.193646 0.305502 0.718435 -0.024442 0.052712 -0.693163
1779361440.951040 -11.500720 21.340157 0.298519 0.722792 -0.036474 0.031931 -0.689364
1779361441.091370 -11.481955 21.478496 0.301282 0.720679 -0.032965 0.041003 -0.691270
1779361441.236720 -11.466036 21.604549 0.307299 0.714415 -0.032603 0.043701 -0.697594
1779361441.379543 -11.449088 21.706016 0.298734 0.721754 -0.036860 0.034248 -0.690319
1779361441.514959 -11.394519 21.839720 0.304052 0.713721 -0.067458 0.064626 -0.694172
1779361441.654058 -11.351652 21.980516 0.316870 -0.698046 0.079893 -0.093175 0.705455
1779361441.793170 -11.302963 22.116092 0.310024 0.706737 -0.107412 0.089206 -0.693561
1779361441.933259 -11.243986 22.236460 0.297517 0.714389 -0.114813 0.110889 -0.681300
1779361442.076325 -11.180217 22.393992 0.293019 0.710142 -0.112838 0.120307 -0.684465
1779361442.216978 -11.151105 22.480575 0.300417 0.713486 -0.111671 0.125393 -0.680253
1779361442.355251 -11.119350 22.580448 0.299350 0.708255 -0.116620 0.124942 -0.684956
1779361442.496557 -11.082350 22.677534 0.303807 0.707892 -0.116862 0.122546 -0.685722
1779361442.637131 -11.049048 22.764266 0.305089 0.707034 -0.118844 0.122232 -0.686322
1779361442.783124 -11.002640 22.843509 0.303341 0.705721 -0.132150 0.149032 -0.679915
1779361442.918849 -10.958577 22.910370 0.309361 0.701308 -0.147760 0.169256 -0.676526
1779361443.055886 -10.906078 22.987068 0.299743 0.699070 -0.165282 0.175185 -0.673271
1779361443.200204 -10.835979 23.037314 0.306575 0.686991 -0.209256 0.201954 -0.665935
1779361443.339458 -10.757433 23.092399 0.308534 0.674094 -0.232671 0.246733 -0.656189
1779361443.479689 -10.700957 23.141618 0.314827 0.665851 -0.244805 0.273201 -0.649673
1779361443.618172 -10.627933 23.214828 0.310366 0.659376 -0.262083 0.269521 -0.651071
1779361443.761676 -10.559937 23.273351 0.317182 0.657897 -0.262314 0.283410 -0.646562
1779361443.901877 -10.486000 23.336099 0.308476 0.657440 -0.270884 0.291370 -0.639920
1779361444.040614 -10.409609 23.400599 0.317573 0.645321 -0.279185 0.306328 -0.641701
1779361444.195698 -10.280685 23.445243 0.307458 0.626610 -0.345910 0.320952 -0.620239
1779361444.327298 -10.160665 23.481579 0.310519 0.615391 -0.367578 0.359811 -0.597257
1779361444.466406 -10.014846 23.531699 0.314651 -0.592781 0.384108 -0.384899 0.594074
1779361444.603929 -9.902023 23.545107 0.301939 0.582169 -0.417576 0.391441 -0.577480
1779361444.744393 -9.722684 23.558110 0.303124 0.556867 -0.443606 0.429606 -0.555474
1779361444.883144 -9.565678 23.580909 0.311844 -0.544947 0.439570 -0.458286 0.547527
1779361445.022333 -9.433260 23.596238 0.316014 0.540734 -0.458257 0.453870 -0.540009
1779361445.162053 -9.296859 23.579586 0.316479 0.512396 -0.487599 0.487846 -0.511570
1779361445.307550 -9.134681 23.555967 0.303727 -0.483740 0.514281 -0.504449 0.497032
1779361445.447008 -8.990893 23.527079 0.302608 -0.475235 0.536694 -0.515016 0.469968
1779361445.585872 -8.870634 23.505758 0.311754 -0.459296 0.540154 -0.531113 0.463897
1779361445.734073 -8.741404 23.496774 0.305450 0.479785 -0.522533 0.526651 -0.468405
1779361445.867661 -8.654452 23.500908 0.311627 0.493880 -0.510796 0.525545 -0.467946
1779361446.008429 -8.581594 23.508024 0.309988 0.496879 -0.502494 0.524512 -0.474866
1779361446.151994 -8.522517 23.511780 0.312628 0.503373 -0.498798 0.522830 -0.473777
1779361446.292821 -8.463047 23.518789 0.302313 0.507356 -0.499234 0.516976 -0.475490
1779361446.430570 -8.408841 23.522431 0.302661 0.506647 -0.496498 0.511665 -0.484766
1779361446.571775 -8.348629 23.519511 0.313385 0.496547 -0.491739 0.521544 -0.489516
1779361446.712723 -8.281178 23.522275 0.314210 0.500751 -0.489226 0.527025 -0.481821
1779361446.854333 -8.213910 23.528626 0.311582 0.502614 -0.492552 0.519643 -0.484503
1779361446.992002 -8.133793 23.533570 0.303726 0.504884 -0.494763 0.512606 -0.487377
1779361447.133491 -8.064254 23.532895 0.313733 0.498260 -0.494500 0.515297 -0.491605
1779361447.273851 -7.985423 23.536572 0.312760 0.503174 -0.488931 0.524153 -0.482727
1779361447.416594 -7.913630 23.539313 0.312992 0.506135 -0.492673 0.519295 -0.481076
1779361447.562308 -7.832007 23.540318 0.304434 0.505937 -0.498814 0.510597 -0.484254
1779361447.697198 -7.757070 23.519481 0.310475 0.487368 -0.511969 0.524461 -0.474659
1779361447.837886 -7.682987 23.495419 0.311473 0.473910 -0.523162 0.543394 -0.454349
1779361447.979713 -7.622102 23.480629 0.318325 0.466538 -0.523344 0.557258 -0.444879
1779361448.116232 -7.540404 23.464157 0.313847 0.460375 -0.532422 0.558674 -0.438709
1779361448.254770 -7.450596 23.447605 0.308117 0.454305 -0.541817 0.550720 -0.443564
1779361448.399119 -7.348217 23.419829 0.324113 0.438556 -0.536758 0.563396 -0.449605
1779361448.542182 -7.243998 23.388919 0.310339 0.445736 -0.549280 0.561108 -0.429848
1779361448.680457 -7.121131 23.337068 0.321570 0.416054 -0.555163 0.584450 -0.420846
1779361448.820090 -7.003499 23.275373 0.312717 -0.393943 0.591507 -0.576220 0.403608
1779361448.959027 -6.876170 23.202958 0.310905 -0.382561 0.595706 -0.594917 0.380598
1779361449.099201 -6.738206 23.131499 0.312667 0.376452 -0.587172 0.612108 -0.372608
1779361449.242073 -6.623753 23.060335 0.328039 0.363757 -0.593033 0.614666 -0.371724
1779361449.380658 -6.507248 22.986741 0.310576 -0.368603 0.608410 -0.607315 0.353747
1779361449.522935 -6.365240 22.911032 0.308033 0.366651 -0.605811 0.609725 -0.356083
1779361449.662348 -6.231283 22.837706 0.321559 0.365517 -0.598798 0.618513 -0.353950
1779361449.805223 -6.111720 22.771622 0.312606 0.367208 -0.603993 0.615754 -0.348134
1779361449.947694 -5.997934 22.712184 0.307333 -0.364440 0.609829 -0.607077 0.356018
1779361450.086880 -5.886031 22.613604 0.316405 0.333532 -0.620438 0.622121 -0.341730
1779361450.225300 -5.769881 22.520971 0.320112 0.321673 -0.619851 0.639829 -0.320828
1779361450.365688 -5.700156 22.453905 0.308769 -0.312206 0.638841 -0.628077 0.316115
1779361450.505655 -5.601633 22.358674 0.308246 -0.305003 0.639919 -0.635236 0.306517
1779361450.650022 -5.498981 22.275663 0.321164 0.304981 -0.627712 0.649393 -0.302081
1779361450.788943 -5.415290 22.203656 0.318374 0.305182 -0.636691 0.641416 -0.300125
1779361450.929160 -5.304723 22.107117 0.311703 0.304689 -0.638149 0.644292 -0.291235
1779361451.070693 -5.168792 22.003011 0.314905 0.304276 -0.629504 0.651541 -0.294340
1779361451.208942 -5.071574 21.926410 0.324807 0.302075 -0.628399 0.651856 -0.298244
1779361451.346672 -4.993636 21.857084 0.311266 0.304389 -0.635833 0.648053 -0.288254
1779361451.488025 -4.875287 21.768567 0.314076 0.305175 -0.634239 0.646266 -0.294872
1779361451.633123 -4.744518 21.662717 0.317847 0.307126 -0.632344 0.649015 -0.290851
1779361451.779322 -4.631231 21.571084 0.317571 0.307449 -0.630680 0.651957 -0.287523
1779361451.921003 -4.499678 21.472998 0.308436 -0.308786 0.641405 -0.636918 0.295948
1779361452.057359 -4.388301 21.374778 0.315758 0.307374 -0.637270 0.642535 -0.294207
1779361452.202837 -4.272461 21.280257 0.319038 0.306494 -0.632370 0.647229 -0.295405
1779361452.333279 -4.165803 21.198811 0.311454 -0.304793 0.641497 -0.635172 0.303544
1779361452.475491 -4.067855 21.113674 0.308452 -0.305129 0.640882 -0.637253 0.300124
1779361452.615987 -3.958206 21.029498 0.317570 0.307998 -0.632097 0.643641 -0.302187
1779361452.754869 -3.874025 20.958124 0.319006 0.304669 -0.634696 0.640787 -0.306153
1779361452.897313 -3.810504 20.901249 0.306170 -0.311100 0.639175 -0.638573 0.294783
1779361453.034826 -3.687600 20.806947 0.312105 0.312384 -0.630374 0.644720 -0.298965
1779361453.176623 -3.563191 20.710207 0.320209 0.313396 -0.628829 0.645062 -0.300419
1779361453.315958 -3.481273 20.648411 0.309085 0.317129 -0.632723 0.642309 -0.294159
1779361453.455018 -3.354591 20.553464 0.309918 0.317030 -0.631143 0.639812 -0.302969
1779361453.597671 -3.228380 20.454221 0.319279 0.316558 -0.628590 0.642582 -0.302909
1779361453.743747 -3.145482 20.384351 0.313026 0.318349 -0.633452 0.640834 -0.294491
1779361453.879316 -3.010257 20.287106 0.304680 -0.319962 0.637142 -0.631623 0.304510
1779361454.021095 -2.892611 20.196073 0.316099 0.320246 -0.628163 0.641380 -0.302466
1779361454.161206 -2.777446 20.109832 0.317209 0.321716 -0.625075 0.646422 -0.296510
1779361454.300868 -2.656950 20.023589 0.307304 -0.319653 0.635697 -0.631714 0.307651
1779361454.442052 -2.533140 19.925592 0.308496 0.322774 -0.633393 0.633905 -0.304624
1779361454.579314 -2.452376 19.860015 0.314099 0.320329 -0.630506 0.638732 -0.303105
1779361454.724859 -2.325322 19.764309 0.314547 0.317838 -0.627116 0.639323 -0.311401
1779361454.865477 -2.224293 19.686768 0.313422 0.323940 -0.628425 0.639459 -0.302054
1779361455.006072 -2.092352 19.594872 0.317202 0.322526 -0.612562 0.652354 -0.308512
1779361455.158773 -1.971089 19.504809 0.312896 -0.320340 0.630935 -0.630898 0.318231
1779361455.285904 -1.865115 19.421892 0.309728 0.325356 -0.630750 0.633876 -0.307408
1779361455.424578 -1.731944 19.328503 0.315784 0.325845 -0.623798 0.639878 -0.308636
1779361455.568244 -1.604597 19.242491 0.316620 0.323040 -0.630534 0.631603 -0.314880
1779361455.711280 -1.513636 19.174748 0.310753 0.324787 -0.628905 0.635452 -0.308533
1779361455.851649 -1.379354 19.087083 0.310209 0.324441 -0.625413 0.633575 -0.319656
1779361455.989857 -1.258811 19.007237 0.309301 0.333459 -0.626844 0.631224 -0.312133
1779361456.126257 -1.147085 18.949307 0.309965 0.344699 -0.619531 0.629702 -0.317551
1779361456.265109 -1.030745 18.910939 0.301607 0.378882 -0.604901 0.609860 -0.344406
1779361456.407613 -0.932224 18.892973 0.313771 0.405947 -0.581081 0.600916 -0.369394
1779361456.549637 -0.840827 18.878858 0.315582 0.419992 -0.566287 0.593724 -0.387836
1779361456.686285 -0.749764 18.881320 0.311125 0.451633 -0.549879 0.571801 -0.408295
1779361456.833154 -0.660805 18.888151 0.305710 0.473918 -0.530703 0.548528 -0.439173
1779361456.981708 -0.619110 18.895424 0.311553 0.479326 -0.521939 0.541312 -0.452558
1779361457.243159 -0.440656 18.908297 0.316926 0.500657 -0.497282 0.531154 -0.468965
1779361457.417759 -0.232988 18.925678 0.308057 0.507310 -0.502582 0.503919 -0.485915
1779361457.533289 -0.100676 18.927267 0.303909 0.510521 -0.500553 0.504406 -0.484139
1779361457.708552 -0.009177 18.933004 0.318229 0.507329 -0.488426 0.511955 -0.491893
1779361457.814409 0.188283 18.945884 0.311949 0.511589 -0.496384 0.492091 -0.499726
1779361457.965338 0.241678 18.947282 0.317074 0.511669 -0.489010 0.500343 -0.498719
1779361458.197448 0.463955 18.955918 0.315316 0.508900 -0.481992 0.502765 -0.505897
1779361458.303029 0.691479 18.960697 0.306905 0.517073 -0.488720 0.495056 -0.498707
1779361458.431183 0.741347 18.961630 0.305694 0.515667 -0.497892 0.489296 -0.496771
1779361458.679137 1.030993 18.979798 0.311049 0.516292 -0.488107 0.493118 -0.502025
1779361458.906775 1.250974 18.995628 0.313391 0.513205 -0.475874 0.504238 -0.505874
1779361459.006939 1.416916 19.006179 0.311164 0.519350 -0.488502 0.483863 -0.507463
1779361459.142476 1.483530 19.007527 0.314863 0.518699 -0.483035 0.489873 -0.507595
1779361459.403225 1.730872 19.024757 0.306352 0.525213 -0.478923 0.491338 -0.503359
1779361459.622650 1.975749 19.035243 0.306063 0.526804 -0.483330 0.492453 -0.496347
1779361459.869185 2.264978 19.065057 0.311103 0.523733 -0.480502 0.485825 -0.508719
1779361460.088790 2.503602 19.076219 0.307533 0.524406 -0.477809 0.489159 -0.507366
1779361460.206572 2.590434 19.080851 0.314150 0.522376 -0.480755 0.483250 -0.512316
1779361460.326098 2.635683 19.083057 0.319623 0.521768 -0.475148 0.489374 -0.512352
1779361460.569313 2.893987 19.109160 0.307345 0.524097 -0.478597 0.481007 -0.514685
1779361460.811430 3.117892 19.121532 0.306713 0.528839 -0.480965 0.481089 -0.507498
1779361461.043571 3.415695 19.156244 0.310106 0.529142 -0.477085 0.477809 -0.513904
1779361461.273981 3.625872 19.186505 0.314559 0.530844 -0.463569 0.489678 -0.513345
1779361461.395977 3.820765 19.211366 0.310898 0.531016 -0.475701 0.472428 -0.518211
1779361461.512384 3.945129 19.219967 0.305487 0.529882 -0.477551 0.476304 -0.514105
1779361461.677700 4.160520 19.248109 0.305087 0.531830 -0.474912 0.472544 -0.517993
1779361461.820762 4.320494 19.263236 0.311273 0.529900 -0.473204 0.476496 -0.517914
1779361461.963874 4.470729 19.283820 0.320139 0.527953 -0.466216 0.483623 -0.519631
1779361462.099274 4.611132 19.305202 0.305180 0.536137 -0.477116 0.465656 -0.517766
1779361462.238972 4.744792 19.314582 0.301368 0.537709 -0.472000 0.474442 -0.512825
1779361462.378211 4.891845 19.333386 0.314060 0.532529 -0.462723 0.482158 -0.519445
1779361462.518656 5.018002 19.350802 0.310741 0.536177 -0.468628 0.470742 -0.520869
1779361462.663029 5.138478 19.363439 0.306444 0.539544 -0.468625 0.475186 -0.513304
1779361462.802054 5.289581 19.391028 0.311380 0.533974 -0.458752 0.479785 -0.523665
1779361462.905768 5.390873 19.409526 0.306355 0.542762 -0.469788 0.463446 -0.519545
1779361463.011558 5.523785 19.423057 0.306454 0.541885 -0.463551 0.470648 -0.519588
1779361463.154506 5.671617 19.443558 0.316775 0.533671 -0.459460 0.476166 -0.526648
1779361463.294864 5.822237 19.433036 0.312969 0.517231 -0.485681 0.484373 -0.511829
1779361463.435850 5.964909 19.424015 0.307725 0.507583 -0.501768 0.493373 -0.497162
1779361463.574697 6.126813 19.421830 0.313293 0.496785 -0.496199 0.511227 -0.495618
1779361463.720073 6.289003 19.415990 0.310501 -0.499086 0.510691 -0.504605 0.485264
1779361463.856080 6.395506 19.405667 0.300625 -0.497403 0.517081 -0.509510 0.474992
1779361463.994531 6.555344 19.404971 0.297863 0.500056 -0.510265 0.513308 -0.475487
1779361464.140159 6.722959 19.396059 0.312699 0.493480 -0.510199 0.517524 -0.477853
1779361464.284170 6.864843 19.386388 0.311309 0.494513 -0.511375 0.522579 -0.469962
1779361464.422841 6.997968 19.383497 0.309825 0.493884 -0.511112 0.517141 -0.476873
1779361464.560618 7.147883 19.372429 0.313001 0.491563 -0.505858 0.522980 -0.478503
1779361464.704731 7.276611 19.368326 0.313554 0.491319 -0.503169 0.523616 -0.480887
1779361464.838138 7.418311 19.364845 0.311822 0.491461 -0.507639 0.514742 -0.485602
1779361464.980477 7.555472 19.354745 0.307245 -0.492971 0.512840 -0.512032 0.481453
1779361465.118466 7.726471 19.354957 0.311058 0.496310 -0.503257 0.517792 -0.481976
1779361465.263460 7.850868 19.349918 0.318961 0.492534 -0.505601 0.513445 -0.488009
1779361465.402716 7.939162 19.338999 0.304979 0.497379 -0.511235 0.513751 -0.476773
1779361465.543132 8.093078 19.341633 0.305586 0.498269 -0.505090 0.514103 -0.481986
1779361465.687230 8.238407 19.340328 0.314394 0.498108 -0.505022 0.512912 -0.483490
1779361465.822807 8.357788 19.332081 0.309374 -0.495423 0.509486 -0.509269 0.485413
1779361465.961265 8.507703 19.333790 0.307249 0.500434 -0.501790 0.510386 -0.487114
1779361466.105071 8.654034 19.328131 0.326091 0.492497 -0.496136 0.516504 -0.494489
1779361466.246271 8.800807 19.326939 0.313356 0.502111 -0.500213 0.512823 -0.484442
1779361466.385592 8.939950 19.329030 0.306839 -0.501643 0.504106 -0.503209 0.490930
1779361466.529593 9.091051 19.323572 0.306823 0.501496 -0.502986 0.507333 -0.487976
1779361466.672914 9.217486 19.330100 0.318887 0.500135 -0.489807 0.518026 -0.491533
1779361466.821969 9.382133 19.331731 0.315438 -0.501106 0.502950 -0.500664 0.495247
1779361466.950065 9.514929 19.324503 0.303518 -0.504598 0.507634 -0.500488 0.487032
1779361467.086730 9.675125 19.324846 0.309243 0.501852 -0.499116 0.505883 -0.493063
1779361467.226209 9.815581 19.320261 0.315091 0.500000 -0.500249 0.502473 -0.497265
1779361467.369948 9.964240 19.318774 0.304320 -0.503610 0.506042 -0.499436 0.490778
1779361467.510740 10.122480 19.325695 0.307875 0.503544 -0.497069 0.501238 -0.498122
1779361467.661402 10.270532 19.327252 0.322443 0.499913 -0.495305 0.503297 -0.501450
1779361467.791687 10.372348 19.327900 0.310534 0.508208 -0.496038 0.507746 -0.487714
1779361467.932974 10.535126 19.334148 0.307778 0.508111 -0.495850 0.501269 -0.494658
1779361468.071360 10.672191 19.343766 0.296483 0.504612 -0.487797 0.510989 -0.496297
1779361468.215400 10.767817 19.347567 0.312944 0.507035 -0.492414 0.509418 -0.490854
1779361468.355824 10.929280 19.355961 0.302331 0.508374 -0.504786 0.488785 -0.497831
1779361468.496559 11.089521 19.354626 0.302731 0.510746 -0.497120 0.497605 -0.494368
1779361468.636807 11.217681 19.359840 0.318074 0.506752 -0.487511 0.508377 -0.497079
1779361468.794603 11.334951 19.360356 0.307799 0.513605 -0.487652 0.503395 -0.494974
1779361468.916491 11.470053 19.364981 0.309511 0.511112 -0.490173 0.502788 -0.495682
1779361469.061210 11.565143 19.356253 0.315958 0.495604 -0.502426 0.516229 -0.485235
1779361469.196127 11.656847 19.321391 0.312673 0.466810 -0.524679 0.538847 -0.465236
1779361469.344383 11.739354 19.284050 0.315714 0.446754 -0.544540 0.550267 -0.448435
1779361469.486125 11.816738 19.228282 0.316266 0.416705 -0.562718 0.581802 -0.413777
1779361469.625350 11.865392 19.177667 0.317992 0.386642 -0.586295 0.606516 -0.372699
1779361469.758056 11.925227 19.127020 0.311405 0.360654 -0.602980 0.617244 -0.354054
1779361469.899542 11.977798 19.066512 0.303974 0.339231 -0.616190 0.628907 -0.331222
1779361470.039772 12.008194 18.989239 0.324030 0.286219 -0.630812 0.652919 -0.306352
1779361470.179629 12.054961 18.902161 0.316419 0.264973 -0.652319 0.657972 -0.267098
1779361470.318412 12.094965 18.802015 0.334644 0.219588 -0.648847 0.695629 -0.216514
1779361470.466039 12.091635 18.672522 0.324342 -0.123393 0.695445 -0.691252 0.152647
1779361470.611367 12.074126 18.543081 0.316012 -0.053071 0.708066 -0.699285 0.082620
1779361470.743459 12.051715 18.414927 0.301556 0.017345 -0.705127 0.708319 -0.027915
1779361470.885222 12.031343 18.277786 0.315126 -0.016973 -0.702672 0.711194 -0.012943
1779361471.028848 12.004104 18.139279 0.314821 -0.034191 -0.692394 0.720638 0.010125
1779361471.164236 11.998312 18.006358 0.311939 -0.020827 -0.689309 0.723946 0.017950
1779361471.304970 12.004549 17.904363 0.330023 -0.002095 -0.684916 0.728469 0.014766
1779361471.447169 12.014723 17.797537 0.328891 0.016884 -0.680708 0.732119 0.018813
1779361471.592468 12.028045 17.694398 0.336032 0.022154 -0.676336 0.736201 0.009298
1779361471.727130 12.049205 17.579095 0.329650 0.023944 -0.683554 0.729481 -0.006174
1779361471.869840 12.056570 17.442465 0.340684 0.024163 -0.677827 0.734757 -0.009897
1779361472.007950 12.063571 17.309624 0.326778 0.024582 -0.686797 0.726432 -0.001467
1779361472.151862 12.079787 17.153280 0.320867 0.012945 -0.689613 0.723885 -0.016016
1779361472.287739 12.048448 17.003239 0.333019 -0.018595 -0.681163 0.731637 0.019450
1779361472.428434 12.017267 16.871172 0.331211 -0.047405 -0.677750 0.732890 0.035767
1779361472.574953 11.991022 16.754372 0.320233 -0.066200 -0.685088 0.724460 0.037804
1779361472.710766 11.964090 16.636921 0.319192 -0.062666 -0.685215 0.723509 0.055580
1779361472.855299 11.967887 16.498937 0.326947 -0.029385 -0.685558 0.726554 0.035580
1779361472.989396 11.972443 16.391522 0.321734 -0.005786 -0.683811 0.729399 0.018594
1779361473.133370 11.986378 16.296650 0.334297 0.013430 -0.679886 0.733058 0.014142
1779361473.272134 11.998644 16.187390 0.328819 0.026931 -0.684484 0.728418 0.012804
1779361473.412153 12.016991 16.061286 0.336118 0.029285 -0.674592 0.737598 -0.004001
1779361473.553824 12.034334 15.923094 0.327867 0.024996 -0.684767 0.727987 -0.022473
1779361473.695262 12.039911 15.788164 0.326677 0.025844 -0.686264 0.726696 -0.016914
1779361473.835791 12.055618 15.634770 0.328992 0.029537 -0.680771 0.731670 -0.018370
1779361473.974939 12.068054 15.506657 0.324975 0.032499 -0.686069 0.726485 -0.021726
1779361474.136707 12.087038 15.366079 0.316015 0.033017 -0.683855 0.728637 -0.018442
1779361474.256181 12.098083 15.277090 0.325988 0.032520 -0.684827 0.727589 -0.023831
1779361474.396873 12.110480 15.168454 0.326400 0.033218 -0.684442 0.727849 -0.025907
1779361474.534890 12.117751 15.065818 0.346815 0.026901 -0.668745 0.742557 -0.025789
1779361474.679944 12.121455 14.939961 0.326666 0.026476 -0.684683 0.728179 -0.016220
1779361474.820603 12.138154 14.793700 0.328450 0.025301 -0.678622 0.733609 -0.025502
1779361474.959554 12.146640 14.675660 0.327664 0.021836 -0.685005 0.728011 -0.017101
1779361475.098441 12.146692 14.563322 0.315179 0.013719 -0.682362 0.730883 0.002272
1779361475.240007 12.147462 14.472680 0.328408 0.005518 -0.682413 0.730910 0.007261
1779361475.382212 12.148415 14.383061 0.321214 0.004267 -0.687078 0.726513 0.009168
1779361475.519030 12.141590 14.308546 0.330019 -0.006575 -0.678819 0.734223 0.008910
1779361475.658526 12.129002 14.233254 0.331872 -0.011293 -0.676849 0.735426 0.029931
1779361475.804182 12.114476 14.152166 0.331543 -0.026777 -0.680199 0.731359 0.041537
1779361475.949558 12.104255 14.065349 0.327672 -0.034283 -0.682895 0.728360 0.044397
1779361476.084056 12.093645 13.968975 0.331552 -0.042305 -0.682484 0.728419 0.042789
1779361476.232309 12.072130 13.848892 0.336383 -0.047792 -0.674480 0.734603 0.056137
1779361476.363935 12.037937 13.745281 0.332348 -0.074300 -0.670412 0.734096 0.078304
1779361476.502429 11.996702 13.612641 0.336916 -0.093746 -0.673065 0.728333 0.087898
1779361476.643847 11.947071 13.485314 0.334461 -0.108663 -0.674982 0.722988 0.099401
1779361476.791436 11.891377 13.357986 0.322257 -0.116095 -0.678633 0.716351 0.113226
1779361476.928044 11.852371 13.227599 0.318342 -0.105555 -0.680987 0.716394 0.109056
1779361477.068206 11.838997 13.130598 0.331592 -0.079637 -0.680237 0.722078 0.097674
1779361477.207963 11.829133 13.027626 0.321841 -0.061349 -0.684837 0.720348 0.091288
1779361477.348034 11.823991 12.946651 0.327365 -0.052909 -0.683998 0.723406 0.077660
1779361477.486784 11.814682 12.853979 0.319726 -0.046960 -0.686263 0.722770 0.066641
1779361477.628740 11.804722 12.779400 0.330150 -0.049142 -0.678011 0.731124 0.057829
1779361477.770803 11.794814 12.699432 0.329721 -0.042159 -0.679466 0.729601 0.065041
1779361477.910969 11.791370 12.625592 0.326197 -0.039413 -0.687659 0.722082 0.064565
1779361478.055705 11.787214 12.539380 0.320840 -0.038597 -0.691825 0.718883 0.055636
1779361478.193263 11.777020 12.467079 0.315237 -0.040039 -0.696129 0.715329 0.045878
1779361478.330442 11.785016 12.399350 0.316947 -0.027581 -0.691638 0.721370 0.022391
1779361478.471364 11.798574 12.321668 0.312705 -0.002450 -0.702739 0.711291 0.014750
1779361478.609279 11.821461 12.256311 0.321194 0.019742 -0.697627 0.716174 0.004542
1779361478.750391 11.843806 12.168217 0.310812 0.028467 -0.701520 0.711924 -0.014956
1779361478.895635 11.877140 12.096024 0.317658 0.056385 -0.697619 0.712773 -0.045867
1779361479.034250 11.936433 12.026024 0.311063 0.110643 -0.693906 0.707221 -0.078048
1779361479.175040 11.990303 11.970188 0.317276 0.140334 -0.690514 0.701206 -0.108659
1779361479.314563 12.053236 11.906283 0.310814 0.164748 -0.685465 0.694200 -0.145197
1779361479.455366 12.130172 11.868518 0.313067 0.218446 -0.674720 0.678529 -0.191397
1779361479.600447 12.229632 11.845253 0.310541 0.279890 -0.648020 0.662694 -0.250138
1779361479.732864 12.314347 11.850723 0.315161 0.339834 -0.623314 0.635622 -0.303277
1779361479.872745 12.430018 11.876942 0.309185 0.420220 -0.575385 0.588967 -0.381399
1779361480.031926 12.525241 11.920558 0.319611 0.475400 -0.516022 0.551338 -0.451378
1779361480.159129 12.603715 11.949278 0.312078 0.502064 -0.497892 0.532654 -0.465097
1779361480.299917 12.693228 11.976832 0.320426 0.508386 -0.476469 0.526925 -0.486695
1779361480.440458 12.806526 12.002185 0.312391 0.519220 -0.482687 0.494385 -0.502998
1779361480.578408 12.930078 12.014297 0.315316 0.517674 -0.481252 0.487031 -0.513041
1779361480.720910 13.057510 12.030652 0.315968 0.521956 -0.474094 0.485202 -0.517084
1779361480.862606 13.189103 12.047153 0.311974 -0.518984 0.469844 -0.481694 0.527137
1779361481.003265 13.326766 12.059434 0.327481 -0.516734 0.459793 -0.493698 0.527104
1779361481.147289 13.476510 12.076041 0.323524 -0.517130 0.460986 -0.490621 0.528544
1779361481.281246 13.621105 12.099061 0.315665 -0.516345 0.470556 -0.471715 0.538006
1779361481.421275 13.762057 12.111171 0.321269 -0.519662 0.466217 -0.477421 0.533538
1779361481.561769 13.883240 12.123730 0.307347 0.531967 -0.470966 0.473582 -0.520502
1779361481.701142 13.999318 12.159218 0.305716 0.553853 -0.445732 0.459513 -0.532370
1779361481.841550 14.100906 12.222648 0.311830 0.577197 -0.411991 0.435251 -0.554674
1779361481.987678 14.185415 12.280035 0.315563 0.592815 -0.385991 0.420403 -0.568192
1779361482.126072 14.286436 12.346684 0.312061 0.597132 -0.376718 0.397521 -0.586083
1779361482.266387 14.390297 12.413153 0.311810 0.608240 -0.367684 0.386758 -0.587598
1779361482.406848 14.497295 12.473618 0.310004 0.610031 -0.366517 0.379575 -0.591143
1779361482.545756 14.598344 12.528413 0.301605 0.616612 -0.360911 0.370289 -0.593650
1779361482.686041 14.676000 12.568300 0.311088 0.610580 -0.362403 0.365372 -0.601963
1779361482.827923 14.749412 12.612237 0.312715 0.610233 -0.356211 0.370885 -0.602640
1779361482.967089 14.825143 12.640045 0.316268 0.602829 -0.367224 0.395483 -0.587654
1779361483.109003 14.903209 12.664513 0.314448 0.589238 -0.380555 0.409692 -0.583206
1779361483.250086 14.982524 12.671429 0.311540 0.578937 -0.403545 0.416586 -0.573096
1779361483.390462 15.065037 12.667367 0.315975 -0.555839 0.423899 -0.446378 0.558659
1779361483.530710 15.134682 12.671069 0.319365 0.545534 -0.442683 0.459779 -0.543164
1779361483.669451 15.214578 12.675265 0.318573 -0.530080 0.454016 -0.474598 0.536322
1779361483.814861 15.316024 12.684998 0.309199 0.529725 -0.470428 0.469058 -0.527327
1779361483.952013 15.420898 12.684403 0.324014 -0.512433 0.470141 -0.487458 0.527982
1779361484.089801 15.531145 12.689441 0.307332 0.522593 -0.481563 0.486833 -0.507924
1779361484.235715 15.652692 12.681799 0.296653 0.514466 -0.490107 0.499090 -0.496014
1779361484.374615 15.742098 12.670681 0.312596 0.500683 -0.502146 0.503918 -0.493186
1779361484.513339 15.835778 12.663880 0.310899 0.494245 -0.507833 0.512169 -0.485295
1779361484.655293 15.913271 12.660277 0.313697 0.494406 -0.507184 0.519982 -0.477436
1779361484.793952 16.000443 12.656459 0.305094 0.495420 -0.507116 0.520385 -0.476017
1779361484.935097 16.071554 12.645144 0.312552 0.483781 -0.512649 0.517913 -0.484679
1779361485.084718 16.159058 12.636127 0.308515 0.484654 -0.510978 0.526681 -0.476045
1779361485.217701 16.231451 12.633389 0.314653 0.488867 -0.509990 0.529116 -0.470060
1779361485.357742 16.336167 12.631676 0.309462 0.488636 -0.508189 0.526192 -0.475501
1779361485.499596 16.426838 12.619220 0.313775 0.480936 -0.513607 0.520247 -0.483996
1779361485.640177 16.524906 12.609802 0.311604 0.484734 -0.511931 0.527357 -0.474189
1779361485.781546 16.606754 12.599775 0.311717 0.483260 -0.520652 0.532880 -0.459805
1779361485.917557 16.695749 12.579344 0.306773 0.468424 -0.531476 0.542952 -0.450904
1779361486.061600 16.771795 12.551859 0.309325 0.455890 -0.541352 0.546964 -0.447137
1779361486.198469 16.843476 12.533205 0.311005 0.449773 -0.541612 0.552253 -0.446517
1779361486.341606 16.926767 12.542930 0.311183 0.478244 -0.524726 0.539863 -0.452209
1779361486.482360 17.012202 12.557736 0.316374 0.486446 -0.504162 0.535798 -0.471288
1779361486.623115 17.098970 12.563284 0.317737 0.489177 -0.502539 0.518301 -0.489413
1779361486.767471 17.206432 12.558014 0.318770 0.494885 -0.495782 0.522100 -0.486519
1779361486.912677 17.320764 12.557231 0.321182 0.498018 -0.497382 0.517108 -0.487020
1779361487.046184 17.453927 12.565477 0.312362 0.502509 -0.501366 0.504019 -0.492018
1779361487.191109 17.595614 12.563447 0.318852 0.500165 -0.497174 0.507609 -0.494961
1779361487.337354 17.739565 12.558312 0.311039 0.508986 -0.499695 0.507983 -0.482899
1779361487.471846 17.853408 12.557795 0.305834 0.507262 -0.502832 0.498851 -0.490910
1779361487.609245 17.994805 12.555252 0.315421 0.507114 -0.498357 0.504371 -0.489985
1779361487.748601 18.134341 12.555621 0.312185 0.506409 -0.498096 0.506049 -0.489249
1779361487.888444 18.285548 12.563772 0.310262 0.503808 -0.503679 0.493951 -0.498495
1779361488.029169 18.437027 12.559761 0.308846 0.510127 -0.499060 0.502272 -0.488296
1779361488.170572 18.555093 12.555378 0.304331 0.507617 -0.498632 0.500353 -0.493293
1779361488.308611 18.681672 12.536976 0.303946 -0.495880 0.519016 -0.508603 0.475445
1779361488.450916 18.806948 12.480125 0.305381 -0.449438 0.551473 -0.540617 0.449017
1779361488.598347 18.963324 12.423917 0.309188 -0.414938 0.571578 -0.554927 0.439524
1779361488.736689 19.094977 12.361752 0.313269 -0.404899 0.584292 -0.566363 0.417004
1779361488.871041 19.211159 12.296583 0.303420 -0.401112 0.594168 -0.574962 0.394325
1779361489.017708 19.355400 12.205368 0.308728 -0.372382 0.601025 -0.597459 0.378343
1779361489.156384 19.456394 12.088754 0.311818 0.330677 -0.623779 0.632016 -0.319543
1779361489.292222 19.545649 11.985046 0.327551 0.276458 -0.633700 0.659464 -0.295133
1779361489.435251 19.648546 11.865426 0.305965 -0.249048 0.668205 -0.637226 0.292269
1779361489.577170 19.738846 11.737065 0.306723 -0.243224 0.667931 -0.653473 0.260161
1779361489.715461 19.806454 11.645055 0.312791 -0.240323 0.667363 -0.662749 0.240073
1779361489.856565 19.900158 11.525744 0.308686 -0.237380 0.674646 -0.657174 0.237961
1779361490.002190 19.973910 11.419705 0.302826 -0.233412 0.677278 -0.659759 0.227005
1779361490.137735 20.066820 11.306082 0.313625 0.237949 -0.663613 0.673047 -0.223622
1779361490.277185 20.159822 11.189896 0.320762 -0.231655 0.668288 -0.667444 0.232906
1779361490.419331 20.223284 11.098929 0.305412 -0.238292 0.675763 -0.662187 0.219247
1779361490.561133 20.318428 10.980102 0.301972 -0.238659 0.669518 -0.666699 0.224275
1779361490.702423 20.391536 10.881093 0.317678 0.236849 -0.665756 0.671381 -0.223426
1779361490.841269 20.457928 10.794510 0.310674 -0.237917 0.670901 -0.668221 0.216261
1779361490.985286 20.555476 10.674910 0.306381 -0.239392 0.672083 -0.663821 0.224362
1779361491.121217 20.653820 10.545665 0.310293 -0.234564 0.670646 -0.666524 0.225742
1779361491.264431 20.690967 10.436654 0.325879 0.194692 -0.667751 0.694341 -0.184646
1779361491.398245 20.740267 10.294587 0.299832 -0.154334 0.701697 -0.673446 0.173991
1779361491.544599 20.770690 10.143582 0.309633 -0.126662 0.701600 -0.686514 0.142873
1779361491.686910 20.778296 10.035250 0.311181 -0.112202 0.698466 -0.697585 0.113716
1779361491.824074 20.774748 9.894506 0.310593 -0.064608 0.708390 -0.698572 0.077502
1779361491.963028 20.761775 9.742323 0.306956 -0.021798 0.709920 -0.702621 0.043140
1779361492.105902 20.758906 9.587881 0.320752 0.007498 -0.694484 0.719311 -0.015055
1779361492.242335 20.730163 9.434456 0.311464 0.029241 0.715918 -0.697424 -0.014374
1779361492.383026 20.639867 9.308420 0.305280 0.103301 0.702957 -0.699169 -0.079648
1779361492.533823 20.573494 9.183855 0.298111 0.152771 0.700035 -0.690078 -0.102005
1779361492.677581 20.479821 9.059768 0.302766 0.181018 0.692278 -0.686214 -0.130747
1779361492.815927 20.413268 8.954372 0.308399 -0.177585 -0.683243 0.688373 0.166688
1779361492.950333 20.354211 8.861585 0.312678 0.188910 0.685112 -0.682761 -0.169626
1779361493.089306 20.273183 8.740878 0.304749 0.188888 0.689150 -0.673650 -0.188650
1779361493.228659 20.208455 8.618349 0.304154 0.180394 0.687932 -0.676782 -0.190191
1779361493.367945 20.174951 8.511643 0.313366 0.148921 0.693025 -0.687144 -0.159285
1779361493.507874 20.163826 8.394305 0.307707 0.106797 0.702322 -0.690824 -0.134542
1779361493.652281 20.167225 8.288718 0.321213 -0.069519 -0.695661 0.704321 0.123101
1779361493.791509 20.163267 8.162682 0.318481 0.063445 0.702903 -0.702602 -0.090846
1779361493.936277 20.146588 8.029157 0.316470 0.057779 0.705756 -0.701319 -0.081986
1779361494.074815 20.132150 7.910399 0.314746 0.052647 0.704264 -0.703758 -0.077232
1779361494.211890 20.116992 7.763456 0.310793 0.052461 0.707678 -0.701703 -0.063656
1779361494.352883 20.093685 7.612989 0.313540 -0.047656 -0.704638 0.704821 0.066645
1779361494.492736 20.076940 7.480251 0.316459 -0.045320 -0.701564 0.707954 0.067492
1779361494.633827 20.020347 7.328176 0.312015 0.085826 0.705590 -0.699076 -0.077904
1779361494.775009 19.948489 7.196007 0.309573 0.124872 0.698903 -0.695817 -0.108540
1779361494.915906 19.888238 7.048278 0.319823 -0.130184 -0.679832 0.707942 0.140352
1779361495.060538 19.819083 6.906441 0.309196 0.152437 0.698529 -0.685701 -0.136507
1779361495.198080 19.760223 6.813458 0.303299 0.160789 0.697690 -0.681131 -0.153087
1779361495.335352 19.667314 6.701239 0.318102 -0.188258 -0.670724 0.690586 0.194370
1779361495.477334 19.540219 6.599001 0.313700 0.252311 0.667094 -0.661138 -0.232854
1779361495.617029 19.401303 6.561410 0.309848 -0.326123 -0.625154 0.631738 0.322077
1779361495.759969 19.262335 6.603244 0.308481 -0.450309 -0.552810 0.585492 0.385773
1779361495.907001 19.115288 6.654708 0.300969 0.523836 0.496341 -0.502258 -0.476422
1779361496.041474 19.002287 6.700414 0.317539 -0.537583 -0.443489 0.463535 0.547227
1779361496.177712 18.879542 6.751936 0.313034 0.590601 0.409133 -0.447619 -0.532389
1779361496.319313 18.762429 6.823844 0.299705 0.603605 0.393575 -0.415309 -0.555227
1779361496.460493 18.650011 6.882259 0.303413 0.596814 0.389981 -0.395736 -0.578897
1779361496.600707 18.535965 6.946675 0.313408 0.596467 0.383313 -0.385582 -0.590444
1779361496.740124 18.407544 7.002739 0.314210 -0.590398 -0.383806 0.373488 0.603846
1779361496.886539 18.263012 7.070103 0.305925 0.603322 0.383142 -0.375185 -0.590289
1779361497.029877 18.138848 7.131135 0.306698 0.605352 0.378487 -0.374211 -0.591829
1779361497.165555 17.995348 7.192010 0.311063 -0.592653 -0.382271 0.370701 0.604328
1779361497.303399 17.909260 7.229899 0.305099 0.599338 0.393365 -0.370618 -0.590509
1779361497.447142 17.787593 7.245600 0.303847 0.582126 0.416645 -0.385730 -0.582021
1779361497.583273 17.678512 7.226199 0.312904 -0.543902 -0.461930 0.416831 0.563066
1779361497.726112 17.568617 7.212616 0.304935 -0.524968 -0.485743 0.449949 0.534798
1779361497.870164 17.457402 7.201921 0.321108 -0.498823 -0.491425 0.478538 0.529791
1779361498.008077 17.351330 7.192873 0.313226 -0.496816 -0.506075 0.482805 0.513773
1779361498.150844 17.209594 7.174981 0.306563 0.498022 0.509446 -0.500799 -0.491568
1779361498.290739 17.070483 7.163550 0.318908 0.484814 0.513820 -0.505746 -0.495143
1779361498.428140 16.935296 7.155894 0.305521 0.487167 0.522960 -0.498831 -0.490254
1779361498.568637 16.795497 7.143070 0.299915 0.481942 0.522508 -0.510584 -0.483757
1779361498.709161 16.635448 7.131383 0.312460 0.478408 0.520090 -0.515098 -0.485084
1779361498.848989 16.525365 7.125813 0.307638 0.482717 0.523203 -0.509945 -0.482907
1779361498.994950 16.397006 7.113092 0.303629 0.477675 0.525981 -0.514089 -0.480502
1779361499.134801 16.297075 7.078553 0.314046 0.459994 0.537048 -0.526479 -0.472022
1779361499.273846 16.199825 7.009727 0.313989 0.416592 0.577202 -0.545540 -0.442352
1779361499.411938 16.117939 6.922408 0.312857 0.361603 0.610948 -0.584290 -0.393179
1779361499.561540 16.070519 6.822015 0.314933 0.294804 0.643471 -0.620724 -0.337250
1779361499.692276 16.034059 6.738977 0.307633 0.257125 0.663051 -0.632944 -0.305993
1779361499.831274 15.991930 6.632827 0.318545 0.223827 0.662724 -0.659596 -0.275012
1779361499.975974 15.934376 6.516692 0.310877 0.222563 0.675058 -0.664776 -0.229860
1779361500.116719 15.855923 6.406138 0.311361 0.221684 0.673456 -0.665285 -0.233899
1779361500.255944 15.745566 6.329798 0.327355 -0.256220 -0.639387 0.666680 0.284732
1779361500.395766 15.624884 6.265788 0.308213 -0.322152 -0.636425 0.639672 0.286359
1779361500.537142 15.493095 6.205008 0.307211 -0.348116 -0.621961 0.626791 0.314823
1779361500.674786 15.367213 6.138425 0.313934 -0.346771 -0.611950 0.620878 0.346089
1779361500.817100 15.244535 6.075610 0.313764 0.363138 0.613656 -0.607656 -0.349732
1779361500.962476 15.113818 6.013411 0.308614 0.366304 0.611520 -0.600724 -0.361932
1779361501.105713 14.979766 5.940532 0.308371 0.366937 0.607880 -0.604255 -0.361545
1779361501.251731 14.830205 5.862846 0.313799 0.363639 0.606253 -0.602740 -0.370039
1779361501.381405 14.741253 5.843089 0.318958 -0.385158 -0.587847 0.588019 0.400404
1779361501.520597 14.584628 5.821211 0.298668 -0.440985 -0.563754 0.573542 0.398452
1779361501.660487 14.429964 5.811190 0.306408 -0.460714 -0.546957 0.552325 0.428389
1779361501.799573 14.296682 5.820809 0.317454 -0.470368 -0.515743 0.531418 0.479957
1779361501.942297 14.171567 5.863222 0.307752 0.533519 0.475669 -0.504160 -0.484686
1779361502.084868 14.017911 5.921079 0.301490 0.556657 0.452949 -0.462042 -0.521045
1779361502.224225 13.880289 5.964840 0.304910 0.552879 0.433551 -0.449229 -0.551861
1779361502.374937 13.722141 6.017065 0.314959 0.573399 0.421789 -0.438752 -0.548456
1779361502.507487 13.589700 6.070467 0.305372 0.577038 0.423880 -0.415175 -0.561233
1779361502.645734 13.448698 6.114544 0.305654 -0.571260 -0.422389 0.410763 0.571422
1779361502.785856 13.343901 6.154483 0.313656 0.573200 0.420728 -0.408111 -0.572604
1779361502.932353 13.224441 6.195246 0.315777 -0.572172 -0.414074 0.405193 0.580500
1779361503.068320 13.074254 6.241923 0.305777 0.581447 0.418336 -0.407151 -0.566694
1779361503.208259 12.928520 6.294792 0.310406 0.579458 0.412303 -0.410804 -0.570504
1779361503.348279 12.784400 6.337433 0.312235 -0.570160 -0.416231 0.406386 0.580102
1779361503.492149 12.643707 6.381484 0.310556 0.581376 0.413049 -0.416452 -0.563880
1779361503.630050 12.502057 6.431840 0.306793 0.579108 0.417083 -0.407623 -0.569666
1779361503.770269 12.362072 6.471763 0.316341 -0.566946 -0.417092 0.413422 0.577658
1779361503.909471 12.253726 6.502450 0.312404 0.573814 0.424072 -0.409154 -0.568765
1779361504.050877 12.126162 6.516744 0.304807 0.560977 0.439451 -0.424432 -0.558610
1779361504.194942 12.002480 6.515148 0.306922 -0.536370 -0.467932 0.448051 0.540922
1779361504.332657 11.903996 6.516885 0.317389 -0.523107 -0.472207 0.474076 0.527856
1779361504.470963 11.791439 6.520105 0.311836 -0.511512 -0.492566 0.468399 0.525678
1779361504.614496 11.664392 6.515555 0.324543 -0.495285 -0.492694 0.482318 0.528502
1779361504.753247 11.522349 6.507120 0.310859 0.510064 0.498451 -0.487220 -0.503982
1779361504.892910 11.367250 6.508295 0.309031 0.507289 0.496789 -0.491150 -0.504610
1779361505.039300 11.231120 6.501611 0.323893 -0.492033 -0.496379 0.496056 0.515208
1779361505.172880 11.079171 6.499073 0.310726 0.506152 0.502212 -0.496271 -0.495285
1779361505.319728 10.935586 6.501974 0.306948 0.503091 0.502691 -0.493154 -0.500999
1779361505.459263 10.776900 6.493923 0.309562 0.489596 0.509607 -0.490989 -0.509437
1779361505.595139 10.662703 6.494724 0.318550 0.494254 0.504267 -0.497981 -0.503431
1779361505.736390 10.515071 6.491133 0.310007 0.497417 0.508203 -0.491728 -0.502504
1779361505.877493 10.355074 6.484651 0.303505 0.498931 0.509172 -0.497199 -0.494576
1779361506.018253 10.206923 6.482537 0.311196 0.495941 0.508237 -0.497691 -0.498038
1779361506.156258 10.061027 6.475741 0.314291 0.490032 0.506964 -0.501242 -0.501610
1779361506.300924 9.915073 6.467797 0.308955 0.494854 0.511534 -0.502063 -0.491310
1779361506.442178 9.765194 6.463854 0.304265 0.494571 0.511191 -0.500966 -0.493068
1779361506.582249 9.648750 6.457445 0.299556 0.495728 0.517741 -0.498122 -0.487927
1779361506.724541 9.570638 6.458818 0.301005 0.488675 0.520814 -0.498684 -0.491186
1779361506.862740 9.523261 6.450448 0.298696 0.492611 0.527598 -0.489737 -0.489012
1779361507.001014 9.489112 6.441704 0.298746 0.491034 0.524656 -0.491376 -0.492109
1779361507.141699 9.474577 6.437272 0.300150 0.487978 0.527639 -0.494158 -0.489165
1779361507.282606 9.461060 6.438714 0.301280 0.489135 0.524593 -0.494397 -0.491040
1779361507.425621 9.449625 6.436146 0.301682 0.484658 0.523788 -0.494836 -0.495873
1779361507.564348 9.445962 6.433583 0.302082 0.481701 0.525717 -0.494577 -0.496971
1779361507.706915 9.446020 6.433092 0.302419 0.481147 0.525942 -0.494549 -0.497297
1779361507.844943 9.445726 6.433189 0.302247 0.481344 0.526070 -0.494269 -0.497249
1779361507.983127 9.445964 6.433088 0.302224 0.481318 0.526146 -0.494003 -0.497459
1779361508.125346 9.445829 6.433097 0.302137 0.481400 0.526271 -0.493786 -0.497462
1779361508.267181 9.445832 6.433000 0.302093 0.481407 0.526391 -0.493521 -0.497591
1779361508.410771 9.445938 6.432985 0.302053 0.481438 0.526468 -0.493413 -0.497587
1779361508.558093 9.446200 6.432986 0.301990 0.481513 0.526543 -0.493096 -0.497750
1779361508.693221 9.446434 6.432863 0.301957 0.481436 0.526705 -0.492987 -0.497760
1779361508.832869 9.446430 6.432797 0.301925 0.481433 0.526809 -0.492812 -0.497826
1779361508.965804 9.446440 6.432766 0.301889 0.481443 0.526875 -0.492688 -0.497869
1779361509.106641 9.446401 6.432698 0.301787 0.481510 0.527038 -0.492479 -0.497839
1779361509.249453 9.446579 6.432671 0.301705 0.481554 0.527154 -0.492293 -0.497857
1779361509.394000 9.446739 6.432747 0.301670 0.481698 0.527140 -0.491999 -0.498023
1779361509.532481 9.446678 6.432695 0.301592 0.481737 0.527287 -0.491783 -0.498044
1779361509.671330 9.446602 6.432684 0.301519 0.481811 0.527379 -0.491589 -0.498066
1779361509.809872 9.446562 6.432585 0.301430 0.481834 0.527555 -0.491361 -0.498082
1779361509.960540 9.437668 6.430485 0.302994 0.480568 0.525891 -0.494435 -0.498024
1779361510.098726 9.410768 6.426398 0.298521 0.480797 0.526853 -0.497939 -0.493272
1779361510.234128 9.376444 6.424275 0.291462 0.485052 0.528677 -0.501161 -0.483801
1779361510.372125 9.340151 6.440653 0.289662 0.499252 0.521134 -0.488663 -0.490281
1779361510.515414 9.284730 6.483691 0.301283 0.521933 0.481220 -0.474403 -0.520534
1779361510.655885 9.210896 6.529369 0.315719 -0.535433 -0.448714 0.457656 0.550017
1779361510.796002 9.126423 6.572093 0.315897 -0.552605 -0.438272 0.431129 0.562737
1779361510.936901 9.024012 6.637506 0.320191 -0.565273 -0.396362 0.405494 0.599115
1779361511.076074 8.929620 6.740617 0.320633 0.618577 0.347673 -0.352204 -0.610277
1779361511.214910 8.864680 6.854263 0.319784 -0.646265 -0.279254 0.286686 0.649746
1779361511.357425 8.811272 6.982636 0.311685 -0.665276 -0.216124 0.237199 0.674117
1779361511.494935 8.764846 7.116396 0.320001 0.687877 0.174178 -0.200515 -0.675486
1779361511.639317 8.764657 7.222052 0.314554 0.695792 0.129584 -0.141410 -0.692160
1779361511.798917 8.768229 7.372187 0.303446 0.703695 0.062663 -0.114513 -0.698407
1779361511.928182 8.771976 7.527526 0.311934 0.710601 0.035697 -0.068663 -0.699326
1779361512.061093 8.780110 7.653957 0.308637 0.710875 0.019973 -0.039378 -0.701932
1779361512.201801 8.777661 7.796998 0.307447 0.712689 0.010654 -0.029231 -0.700790
1779361512.342839 8.784723 7.940287 0.304766 0.713883 0.006684 -0.008564 -0.700180
1779361512.480828 8.807103 8.062353 0.319801 -0.698223 0.012652 -0.028039 0.715219
1779361512.626232 8.869387 8.200344 0.311700 0.710244 -0.082523 0.048570 -0.697413
1779361512.779161 8.967892 8.338286 0.316836 -0.691391 0.148892 -0.116504 0.697307
1779361512.904292 9.068054 8.421384 0.308486 -0.660845 0.198763 -0.201777 0.695028
1779361513.045269 9.192157 8.471526 0.303076 0.662466 -0.285312 0.239389 -0.649945
1779361513.184913 9.334126 8.486711 0.285482 0.620057 -0.368044 0.313320 -0.617984
1779361513.333243 9.440652 8.482594 0.291369 -0.569935 0.444195 -0.372666 0.582225
1779361513.467142 9.582157 8.420537 0.301568 -0.493308 0.520996 -0.475065 0.509434
1779361513.603314 9.621899 8.284452 0.303446 -0.392385 0.584844 -0.563724 0.431518
1779361513.749743 9.704831 8.188328 0.306345 -0.340672 0.645993 -0.582820 0.356310
1779361513.893507 9.782000 8.087586 0.284767 -0.291847 0.660147 -0.621692 0.304188
1779361514.029320 9.820121 8.032836 0.291316 -0.257345 0.676077 -0.625900 0.291451
1779361514.168612 9.897863 7.915976 0.292065 -0.239929 0.680604 -0.639503 0.265045
1779361514.310296 9.983758 7.814171 0.300947 -0.244329 0.670871 -0.651486 0.256519
1779361514.448941 10.061715 7.758898 0.309169 -0.278773 0.656699 -0.644404 0.275275
1779361514.592528 10.177114 7.724930 0.304643 -0.333983 0.632757 -0.630174 0.301587
1779361514.732876 10.275290 7.706587 0.315959 0.365808 -0.603717 0.630877 -0.322032
1779361514.873078 10.388264 7.681929 0.308279 0.381947 -0.603031 0.605281 -0.352284
1779361515.013049 10.513786 7.639783 0.313619 0.392717 -0.593309 0.600235 -0.365342
1779361515.151451 10.634972 7.597528 0.312367 0.400547 -0.588719 0.597444 -0.368825
1779361515.298623 10.785126 7.549653 0.305612 -0.403102 0.594208 -0.580009 0.384728
1779361515.435836 10.905490 7.502635 0.307538 -0.405404 0.585958 -0.585899 0.386035
1779361515.573175 11.018681 7.468075 0.314504 0.409349 -0.574644 0.591612 -0.390145
1779361515.712796 11.162232 7.420573 0.314643 -0.408151 0.581730 -0.578904 0.399840
1779361515.860420 11.297717 7.359802 0.312944 -0.394402 0.591315 -0.584121 0.391914
1779361515.997169 11.423390 7.298168 0.305160 0.384910 -0.587257 0.602863 -0.378854
1779361516.135618 11.540791 7.231771 0.316335 -0.369256 0.605959 -0.593757 0.379362
1779361516.276177 11.612221 7.171575 0.308646 -0.345604 0.625057 -0.601970 0.357063
1779361516.416336 11.691674 7.056400 0.315502 0.283799 -0.630325 0.654617 -0.305984
1779361516.556212 11.758721 6.907711 0.310710 -0.224404 0.682094 -0.652446 0.242292
1779361516.696650 11.760561 6.760887 0.306640 -0.130311 0.696061 -0.691614 0.142082
1779361516.845690 11.713535 6.665373 0.299613 -0.016295 0.715779 -0.693923 0.076593
1779361516.979456 11.664438 6.543468 0.295482 0.054378 0.722061 -0.689559 -0.013395
1779361517.128228 11.623253 6.459802 0.311038 0.094163 0.703059 -0.701073 -0.073069
1779361517.261750 11.571099 6.376028 0.300894 0.122863 0.706627 -0.689813 -0.098692
1779361517.402384 11.523244 6.303562 0.307162 0.138847 0.701042 -0.688776 -0.121856
1779361517.547056 11.500977 6.217706 0.300480 0.123030 0.709708 -0.681523 -0.129248
1779361517.681707 11.490320 6.141596 0.314149 0.103982 0.698408 -0.695035 -0.135429
1779361517.822140 11.471169 6.052450 0.307487 0.104383 0.702899 -0.693722 -0.117414
1779361517.967559 11.438896 5.961295 0.320823 -0.107442 -0.693855 0.702414 0.116775
1779361518.105297 11.396501 5.857318 0.305329 0.113661 0.710827 -0.683790 -0.119319
1779361518.249480 11.359539 5.744794 0.293204 0.106632 0.710318 -0.685559 -0.118687
1779361518.390764 11.333870 5.654028 0.305018 0.103566 0.710286 -0.685916 -0.119526
1779361518.525136 11.318862 5.580063 0.304277 0.099189 0.707072 -0.689416 -0.122131
1779361518.665909 11.307382 5.532963 0.308448 0.097257 0.709277 -0.687263 -0.123030
1779361518.809703 11.296133 5.479560 0.303228 0.095144 0.709725 -0.686864 -0.124320
1779361518.947803 11.285130 5.423265 0.296872 0.095403 0.708729 -0.688870 -0.118571
1779361519.092735 11.267053 5.371873 0.306797 0.102324 0.699390 -0.697905 -0.115380
1779361519.228878 11.248311 5.310828 0.305044 -0.098089 -0.697078 0.699008 0.125889
1779361519.369684 11.236444 5.244662 0.309348 0.095757 0.701741 -0.694585 -0.126262
1779361519.508526 11.223084 5.164650 0.309681 -0.093622 -0.696089 0.701202 0.122520
1779361519.649081 11.199759 5.071860 0.314673 -0.101135 -0.696512 0.702274 0.107026
1779361519.789937 11.164621 4.966873 0.318064 -0.099956 -0.692645 0.704996 0.115037
1779361519.930484 11.124557 4.855465 0.312938 0.104961 0.702865 -0.693869 -0.116233
1779361520.072830 11.091753 4.730098 0.304899 0.107281 0.705661 -0.691999 -0.108030
1779361520.214148 11.048927 4.609796 0.313958 0.107641 0.700079 -0.696994 -0.111811
1779361520.352618 11.012676 4.497045 0.306516 0.102024 0.707821 -0.688645 -0.119785
1779361520.494795 10.971178 4.337890 0.305630 0.102919 0.708111 -0.689963 -0.109261
1779361520.630101 10.940162 4.206854 0.294202 0.096098 0.709213 -0.688504 -0.117237
1779361520.770686 10.917666 4.097502 0.308401 0.091202 0.707658 -0.693302 -0.101166
1779361520.954428 10.916994 4.028380 0.301494 0.071249 0.713831 -0.692013 -0.080544
1779361521.068716 10.962564 3.889837 0.309195 -0.012837 0.712893 -0.700990 -0.015244
1779361521.182508 10.979918 3.849378 0.304049 -0.035093 0.713193 -0.700085 -0.002269
1779361521.359290 11.043597 3.729444 0.308654 0.084537 -0.703568 0.704813 -0.032914
1779361521.474193 11.077668 3.652398 0.309063 -0.092038 0.704652 -0.700495 0.065581
1779361521.654496 11.107915 3.547168 0.319414 0.092643 -0.690008 0.713523 -0.078685
1779361521.757849 11.128574 3.479999 0.310540 -0.099157 0.704842 -0.698203 0.076674
1779361521.883699 11.141212 3.443912 0.313725 -0.101940 0.701988 -0.700477 0.078437
1779361522.103288 11.213223 3.245655 0.310375 -0.098549 0.705939 -0.694205 0.100091
1779361522.347557 11.298083 2.989070 0.311557 0.113780 -0.698949 0.700263 -0.090312
1779361522.475096 11.333590 2.878194 0.307679 -0.109398 0.706923 -0.691307 0.101911
1779361522.581599 11.363238 2.800510 0.298902 -0.106091 0.707709 -0.690658 0.104325
1779361522.815681 11.442882 2.592194 0.304944 -0.107303 0.704448 -0.692217 0.114346
1779361523.053902 11.502370 2.420823 0.302884 -0.118621 0.707940 -0.689346 0.097740
1779361523.165222 11.569654 2.231747 0.306808 -0.115142 0.701663 -0.694796 0.108028
1779361523.288450 11.591132 2.176778 0.307176 -0.113670 0.707195 -0.688440 0.114035
1779361523.525509 11.649539 1.979128 0.309583 -0.121328 0.701154 -0.695406 0.100367
1779361523.764372 11.656649 1.743334 0.316390 0.059505 -0.704488 0.705459 -0.049841
1779361523.866531 11.656300 1.592494 0.322905 0.030889 -0.697482 0.715685 -0.018965
1779361524.011131 11.635311 1.484619 0.306859 0.007241 0.708115 -0.705971 0.011213
1779361524.245099 11.601668 1.261475 0.312398 0.038055 0.709245 -0.702508 -0.044801
1779361524.358052 11.589772 1.166811 0.319958 -0.041992 -0.697038 0.713813 0.053334
1779361524.480366 11.580460 1.105056 0.309918 -0.051993 -0.705127 0.705665 0.046144
1779361524.720591 11.533605 0.904713 0.305080 0.059876 0.712766 -0.696002 -0.062933
1779361524.949193 11.494771 0.675337 0.308800 0.062282 0.712389 -0.696931 -0.053948
1779361525.066735 11.461494 0.509007 0.300060 0.059919 0.717577 -0.690528 -0.068291
1779361525.187218 11.443543 0.400067 0.309064 0.056607 0.707703 -0.700607 -0.071427
1779361525.405515 11.398279 0.141926 0.304027 0.060524 0.709098 -0.699600 -0.063847
1779361525.550992 11.377975 -0.007454 0.314595 -0.050813 -0.700883 0.707859 0.071528
1779361525.697678 11.353289 -0.158811 0.312629 0.057948 0.709901 -0.699099 -0.062805
1779361525.837913 11.328804 -0.259902 0.304281 0.062312 0.712951 -0.695490 -0.064117
1779361525.973055 11.306738 -0.429449 0.312407 0.054727 0.704924 -0.704246 -0.064231
1779361526.111830 11.282968 -0.568095 0.318465 0.058740 0.705731 -0.703381 -0.061222
1779361526.258882 11.262648 -0.677912 0.307012 0.056046 0.712008 -0.696225 -0.071934
1779361526.393164 11.233467 -0.834598 0.304949 0.062656 0.707883 -0.700421 -0.066224
1779361526.531874 11.151307 -0.969131 0.310046 0.116686 0.703870 -0.690202 -0.120713
1779361526.673264 11.049795 -1.063039 0.302885 -0.194513 -0.681133 0.681237 0.184766
1779361526.810986 10.984701 -1.113249 0.294045 0.250151 0.676815 -0.664026 -0.195998
1779361526.952443 10.878483 -1.195659 0.291897 0.281840 0.661146 -0.659550 -0.220104
1779361527.094507 10.775065 -1.283050 0.293951 -0.282868 -0.653438 0.654951 0.253067
1779361527.231396 10.690375 -1.336356 0.310447 0.292728 0.648377 -0.644983 -0.279131
1779361527.372114 10.586325 -1.369508 0.312445 -0.327953 -0.625765 0.626945 0.328338
1779361527.511676 10.506763 -1.383997 0.316555 0.359137 0.607601 -0.599183 -0.377918
1779361527.652413 10.415823 -1.392698 0.311260 -0.394494 -0.582588 0.583127 0.406113
1779361527.801133 10.331926 -1.372811 0.316523 -0.441429 -0.548238 0.564840 0.430734
1779361527.932851 10.246941 -1.362507 0.309657 0.462791 0.539276 -0.538055 -0.453323
1779361528.071918 10.175032 -1.363212 0.320692 -0.466238 -0.524685 0.534044 0.471301
1779361528.216605 10.087940 -1.373289 0.311100 -0.464552 -0.528833 0.530741 0.472061
1779361528.352397 10.021018 -1.378966 0.311681 0.464114 0.532976 -0.526600 -0.472469
1779361528.494677 9.940783 -1.379080 0.309399 0.467606 0.528908 -0.511870 -0.489480
1779361528.633443 9.870999 -1.384153 0.304890 0.474971 0.533978 -0.496967 -0.492234
1779361528.771976 9.790551 -1.389781 0.299350 0.478771 0.530748 -0.497876 -0.491125
1779361528.912791 9.715534 -1.390406 0.309838 0.485993 0.518046 -0.506365 -0.488910
1779361529.054718 9.634008 -1.394548 0.308606 0.483361 0.516875 -0.504170 -0.494990
1779361529.193984 9.539843 -1.397701 0.308144 0.482413 0.522905 -0.495919 -0.497909
1779361529.331880 9.436462 -1.401985 0.303063 0.479870 0.525036 -0.496965 -0.497079
1779361529.471877 9.331131 -1.392752 0.310419 0.491876 0.512116 -0.491058 -0.504636
1779361529.615792 9.239669 -1.383244 0.310885 -0.504301 -0.498088 0.475416 0.521122
1779361529.758429 9.163094 -1.373306 0.312931 -0.511606 -0.489151 0.468525 0.528654
1779361529.897190 9.076257 -1.359765 0.305355 -0.517345 -0.483932 0.466842 0.529361
1779361530.037683 9.008152 -1.345513 0.314376 -0.521091 -0.473098 0.468121 0.534327
1779361530.175900 8.925128 -1.332644 0.311226 -0.520858 -0.473009 0.458508 0.542899
1779361530.315122 8.857742 -1.328524 0.317273 -0.519936 -0.471755 0.458796 0.544628
1779361530.456309 8.771832 -1.323860 0.315678 -0.517380 -0.467415 0.465918 0.544759
1779361530.593983 8.681358 -1.312192 0.318606 -0.523688 -0.462382 0.471789 0.537931
1779361530.735802 8.572416 -1.292269 0.320968 -0.524281 -0.460437 0.466515 0.543590
1779361530.876697 8.461565 -1.274737 0.315881 -0.527889 -0.467164 0.455627 0.543594
1779361531.015278 8.331228 -1.264648 0.306401 0.537039 0.470872 -0.455099 -0.531746
1779361531.161814 8.219096 -1.235514 0.290104 0.552705 0.460772 -0.428340 -0.546563
1779361531.298949 8.162610 -1.191922 0.303826 -0.575564 -0.424344 0.388647 0.581044
1779361531.436615 8.134711 -1.123203 0.296385 0.616007 0.372043 -0.339255 -0.605826
1779361531.576203 8.149515 -1.056361 0.309505 0.648316 0.295579 -0.286936 -0.640302
1779361531.716330 8.187232 -0.992816 0.311227 0.678462 0.218621 -0.210930 -0.668882
1779361531.860280 8.233426 -0.945353 0.307562 0.699306 0.157386 -0.116876 -0.687416
1779361531.995355 8.302974 -0.913360 0.299752 0.709525 0.089701 -0.009399 -0.698885
1779361532.140615 8.385361 -0.904987 0.308787 -0.700328 0.006188 -0.088785 0.708251
1779361532.276711 8.453255 -0.926535 0.310984 -0.687570 0.119700 -0.150837 0.700120
1779361532.415606 8.509015 -0.955369 0.324701 -0.656033 0.206837 -0.246930 0.682543
1779361532.555199 8.557107 -0.997892 0.314591 0.634198 -0.296669 0.329141 -0.633599
1779361532.696088 8.593641 -1.064949 0.306194 0.590127 -0.377244 0.415771 -0.580148
1779361532.836828 8.613198 -1.120085 0.310511 0.554565 -0.440954 0.467157 -0.528944
1779361532.976339 8.611774 -1.173376 0.313674 0.509506 -0.487928 0.522125 -0.479287
1779361533.116668 8.593244 -1.231504 0.318455 0.454375 -0.528562 0.572344 -0.431958
1779361533.258571 8.569103 -1.266220 0.314364 0.420700 -0.555002 0.602259 -0.390216
1779361533.401397 8.557035 -1.277426 0.318998 0.400051 -0.558693 0.631808 -0.358664
1779361533.536810 8.554771 -1.286573 0.318012 0.378491 -0.568571 0.644015 -0.344553
1779361533.676660 8.557569 -1.293996 0.313634 0.364000 -0.585975 0.638022 -0.342148
1779361533.830192 8.563405 -1.297027 0.314451 0.365991 -0.588648 0.634736 -0.341547
1779361533.962023 8.561632 -1.295504 0.315139 0.365826 -0.588265 0.634051 -0.343651
1779361534.099824 8.559988 -1.294441 0.315117 0.365769 -0.587684 0.633656 -0.345428
1779361534.241031 8.560417 -1.293555 0.314758 0.366641 -0.587355 0.633090 -0.346099
1779361534.379729 8.560902 -1.293274 0.314419 0.367247 -0.587314 0.632693 -0.346254
1779361534.520616 8.561009 -1.292945 0.314452 0.367838 -0.586983 0.632550 -0.346448
1779361534.660353 8.561440 -1.292879 0.314227 0.368396 -0.586912 0.632276 -0.346477
1779361534.805110 8.561916 -1.292623 0.313883 0.369005 -0.586872 0.631897 -0.346588
1779361534.947196 8.561889 -1.292507 0.313881 0.369168 -0.586831 0.631797 -0.346665
1779361535.087683 8.562157 -1.292431 0.313670 0.369561 -0.586818 0.631632 -0.346568
1779361535.223989 8.562397 -1.292249 0.313483 0.369964 -0.586801 0.631391 -0.346608
1779361535.371502 8.562602 -1.292105 0.313340 0.370320 -0.586731 0.631280 -0.346549
1779361535.504735 8.562810 -1.291940 0.313180 0.370620 -0.586678 0.631173 -0.346512
1779361535.646255 8.562878 -1.291868 0.313135 0.370778 -0.586681 0.631057 -0.346549
1779361535.783236 8.562992 -1.291831 0.313009 0.370944 -0.586699 0.630991 -0.346460
1779361535.928932 8.563067 -1.291709 0.312931 0.371123 -0.586643 0.630965 -0.346411
1779361536.068028 8.563145 -1.291790 0.312844 0.371176 -0.586735 0.630926 -0.346270
1779361536.207769 8.563265 -1.291737 0.312786 0.371329 -0.586758 0.630806 -0.346285
1779361536.347285 8.563365 -1.291616 0.312663 0.371534 -0.586725 0.630749 -0.346225
1779361536.502240 8.563690 -1.291440 0.312546 0.371864 -0.586706 0.630561 -0.346245
1779361536.627929 8.563762 -1.291310 0.312460 0.372028 -0.586660 0.630523 -0.346219
1779361536.776432 8.563909 -1.291216 0.312353 0.372225 -0.586662 0.630423 -0.346184
