1779360776.904888 0.000000 0.000000 0.000000 0.00000000 0.00000000 0.00000000 1.00000000
1779360779.845927 -0.007325 -0.014799 0.011104 -0.05419443 -0.01003867 -0.01388330 0.99838341
1779360781.814747 -0.002839 -0.014135 0.060715 -0.09401806 -0.06526068 -0.00046028 0.99342913
1779360781.960266 -0.015500 -0.010676 0.073034 -0.08503370 -0.13124352 0.00778157 0.98766586
1779360782.093111 -0.047738 -0.002095 0.102295 -0.08507320 -0.17245195 -0.00584068 0.98131991
1779360782.380303 -0.057766 -0.012931 0.049498 -0.06193242 -0.20338997 0.01160994 0.97706812
1779360782.659534 -0.090514 -0.008651 0.088234 -0.06845918 -0.24140831 0.00215641 0.96800347
1779360782.811021 -0.115474 -0.009769 0.091902 -0.05643670 -0.28793188 0.00917567 0.95594244
1779360782.940679 -0.151002 -0.009593 0.105961 -0.06770469 -0.32247319 0.00264085 0.94415049
1779360783.220240 -0.193495 -0.006757 0.103677 -0.04894250 -0.34213986 0.01824683 0.93819614
1779360783.923118 -0.299477 -0.010513 0.189878 -0.06730811 -0.37976962 0.04209606 0.92166837
1779360784.913954 -0.436451 -0.007825 0.279429 -0.05907470 -0.34378353 0.01837196 0.93700882
1779360785.325367 -0.450843 0.006328 0.356274 -0.04891538 -0.31797531 0.03032243 0.94635064
1779360785.467681 -0.470543 0.006705 0.400902 -0.07998403 -0.30169207 0.05827602 0.94825543
1779360786.170248 -0.504102 0.015007 0.429997 -0.05956630 -0.25901281 0.02678511 0.96366321
1779360786.449744 -0.531503 0.013518 0.426870 -0.05148696 -0.27460064 0.01438144 0.96007122
1779360786.592622 -0.544710 0.010133 0.411894 -0.03915141 -0.30546200 0.00417604 0.95138988
1779360786.592622 -0.545424 0.009863 0.411837 -0.03937626 -0.30472711 0.00437702 0.95161533
1779360786.736187 -0.546391 0.009910 0.412417 -0.03942296 -0.32249690 0.00382881 0.94574147
1779360786.885979 -0.549413 0.009377 0.410387 -0.04097105 -0.33934858 0.00098948 0.93976749
1779360787.014611 -0.554070 0.009023 0.408918 -0.04028252 -0.35639270 -0.00103390 0.93346692
1779360787.156660 -0.563721 0.007815 0.405545 -0.03999578 -0.37523888 0.00468607 0.92605300
1779360787.294634 -0.561538 0.007884 0.406044 -0.04342380 -0.40096136 0.01215011 0.91498455
1779360787.435090 -0.562027 0.007824 0.407649 -0.04021051 -0.43596293 0.01341358 0.89896580
1779360787.575621 -0.559827 0.007708 0.408600 -0.03679756 -0.46738171 0.00980827 0.88323500
1779360787.728630 -0.560918 0.007309 0.408225 -0.03147157 -0.50358320 0.00473691 0.86336033
1779360787.865057 -0.564222 0.006875 0.404513 -0.02210382 -0.53930447 -0.01613728 0.84166602
1779360788.000705 -0.561576 0.005917 0.406421 -0.02157232 -0.57941359 -0.01049292 0.81468057
1779360788.139058 -0.563432 0.005105 0.406605 -0.00210154 -0.63463146 -0.02825602 0.77229534
1779360788.277407 -0.560770 0.004965 0.406321 0.00613643 -0.69705874 -0.02997844 0.71636077
1779360788.434119 -0.560618 0.004483 0.407202 -0.03670056 0.74343008 0.06505120 -0.66463007
1779360788.560413 -0.559362 0.003926 0.405472 -0.01838259 0.76980399 0.04385504 -0.63650659
1779360788.707222 -0.557052 0.003705 0.409275 0.02839801 0.80015960 0.00784237 -0.59906316
1779360788.982874 -0.556118 0.003551 0.410441 -0.01156777 0.83605580 0.06858627 -0.54421761
1779360788.982874 -0.560867 0.002353 0.408079 -0.00857109 0.83243575 0.06795919 -0.54987162
1779360789.262788 -0.537029 -0.000625 0.426837 0.11462498 0.84944104 0.02721575 -0.51436401
1779360789.542105 -0.514798 -0.004047 0.446298 0.13981382 0.75015208 -0.01113361 -0.64621978
1779360789.682092 -0.539485 -0.001610 0.434966 -0.13500409 -0.69431419 0.03141418 0.70619745
1779360789.826355 -0.541915 0.001759 0.432628 -0.20851572 -0.61071090 0.06747689 0.76092067
1779360790.246243 -0.502242 -0.011362 0.459444 -0.17189445 -0.65632966 0.04017960 0.73353205
1779360790.386039 -0.505219 -0.015927 0.452311 -0.21168696 -0.68586898 0.04494834 0.69480359
1779360790.533788 -0.547047 -0.017415 0.429793 -0.00776477 0.76440430 -0.04364523 -0.64321137
1779360790.810584 -0.525123 -0.021778 0.440768 -0.00105964 0.84492839 -0.04762960 -0.53275352
1779360790.949343 -0.493514 -0.024173 0.460050 -0.00801826 0.94934484 -0.03522514 -0.31215265
1779360791.097083 -0.518595 -0.021805 0.445190 -0.04459620 0.99363554 -0.04082902 -0.09503988
1779360791.231899 -0.502735 -0.024141 0.430144 -0.06025449 0.99799233 -0.00981973 0.01686076
1779360791.369706 -0.436779 -0.020279 0.444371 -0.04840294 0.99353278 -0.02830255 0.09873567
1779360791.509585 -0.386503 -0.023893 0.476435 -0.03586206 0.98585890 -0.01903099 0.16258528
1779360791.650959 -0.407113 -0.018306 0.432515 -0.03899591 0.98146597 -0.01388034 0.18711283
1779360791.791811 -0.374274 -0.018891 0.440665 -0.05774402 0.97757598 -0.02356201 0.20113594
1779360792.180562 -0.448131 -0.009169 0.397593 -0.05570802 0.97203021 -0.01967837 0.22730300
1779360792.180562 -0.459174 -0.012347 0.391399 -0.05544723 0.97213755 -0.01970190 0.22690531
1779360792.283842 -0.493933 -0.014878 0.352473 -0.05791529 0.97536377 -0.03272734 0.21033369
1779360792.434384 -0.524032 -0.019551 0.315690 -0.03398176 0.97853227 -0.01916730 0.20236712
1779360792.990482 -0.595587 -0.028269 0.219819 -0.05175086 0.98196039 -0.02574806 0.18003520
1779360793.586064 -0.613239 -0.029193 0.192605 -0.05806438 0.97849186 -0.02519295 0.19633521
1779360793.690349 -0.557528 -0.027692 0.219585 -0.07567677 0.96993550 -0.01915487 0.23050216
1779360794.068493 -0.473123 -0.021138 0.166867 -0.06079898 0.96777891 -0.02062212 0.24347935
1779360794.185552 -0.364250 -0.013282 0.212763 -0.06789716 0.96080388 -0.01001176 0.26859941
1779360794.539488 -0.350716 -0.027797 0.163610 -0.05728100 0.95253225 -0.00412356 0.29897189
1779360795.990310 -0.410573 -0.022651 0.141070 -0.01222424 0.96288459 0.00279355 0.26962202
1779360796.200400 -0.431794 -0.019985 0.069000 -0.04138939 0.97389312 -0.02563569 0.22172487
1779360796.428918 -0.532316 -0.042138 0.014533 -0.02067824 0.98060232 -0.00756986 0.19476702
1779360796.572609 -0.539977 -0.043612 -0.014641 -0.02297641 0.98640821 -0.01490933 0.16201433
1779360796.992040 -0.551060 -0.049156 -0.029973 -0.05585731 0.98013710 -0.01840082 0.18940074
1779360797.275217 -0.545026 -0.056186 -0.064305 -0.06286473 0.97240402 -0.01217878 0.22434374
1779360797.416479 -0.504690 -0.061210 -0.051010 -0.06245257 0.96663551 -0.02217536 0.24743426
1779360797.570294 -0.450573 -0.059029 -0.006687 -0.07852725 0.95704665 -0.01064974 0.27889381
1779360797.570294 -0.465929 -0.063652 -0.014818 -0.07843784 0.95716086 -0.01085356 0.27851891
1779360797.695652 -0.303575 -0.057147 0.116229 -0.06316376 0.95427738 -0.01091090 0.29196912
1779360797.835495 -0.177303 -0.042199 0.267458 -0.07073280 0.95165717 -0.00753490 0.29881220
1779360798.115704 -0.168163 -0.064870 0.323784 -0.04762584 0.94941398 -0.00080874 0.31039366
1779360799.104061 -0.214924 -0.072316 0.203678 -0.03504877 0.95283955 -0.00140802 0.30144054
1779360799.821947 -0.291933 -0.070379 0.102196 -0.03039153 0.95691441 0.00102017 0.28877348
1779360800.646849 -0.402369 -0.087239 -0.043684 -0.04471277 0.95872618 0.00048113 0.28079289
1779360801.206391 -0.468565 -0.096173 -0.104069 -0.02716797 0.96298418 0.00425028 0.26815164
1779360801.492302 -0.571909 -0.118652 -0.167758 -0.03470358 0.96411703 -0.00292931 0.26318326
1779360802.616452 -0.663209 -0.094224 -0.302842 -0.06712348 0.96214687 0.04309121 0.26059737
1779360803.172314 -0.702335 -0.093896 -0.360530 -0.08902590 0.95980102 0.06159165 0.25896498
1779360803.314685 -0.715471 -0.097007 -0.348975 -0.10896454 0.95852181 0.03664468 0.26080611
1779360803.460092 -0.837303 -0.121944 -0.459796 -0.07786437 0.96169650 0.03300681 0.26074418
1779360803.600392 -0.960127 -0.119461 -0.547825 -0.08255104 0.96471170 0.03828118 0.24708543
1779360803.737512 -0.959060 -0.121493 -0.636289 -0.11779811 0.96736234 0.02246439 0.22322424
1779360804.020539 -1.136152 -0.183192 -0.592669 -0.12878233 0.96678273 -0.01731935 0.22010521
1779360804.160542 -1.178734 -0.191221 -0.698549 -0.02497144 0.97682717 0.00237120 0.21255467
1779360804.160542 -1.182863 -0.192509 -0.700551 -0.02454373 0.97697899 0.00226278 0.21190693
1779360804.583266 -1.196181 -0.194872 -0.722139 -0.05872189 0.98320440 -0.00938496 0.17254785
1779360804.725829 -1.211961 -0.199394 -0.751663 -0.04223532 0.99031066 0.00677473 0.13211766
1779360804.867199 -1.238870 -0.204489 -0.786304 -0.01799538 0.99518040 -0.00890293 0.09598369
1779360805.144014 -1.278526 -0.206536 -0.838252 -0.01720295 0.99965761 -0.00738354 0.01828123
1779360805.424600 -1.334620 -0.215057 -0.901707 0.00481992 0.99633668 -0.00685518 -0.08510581
1779360805.991408 -1.372517 -0.220500 -0.959576 -0.05077348 0.99735684 0.01060216 -0.05088206
1779360806.408407 -1.423039 -0.227071 -1.023163 -0.03947528 0.99201635 -0.01655523 -0.11862205
1779360806.982110 -1.483540 -0.233970 -1.096073 -0.01547997 0.97627021 -0.00836876 -0.21583980
1779360808.803042 -1.642085 -0.262653 -1.288785 -0.16944819 0.96039849 -0.00140517 -0.22117885
1779360808.948771 -1.571820 -0.244843 -1.219555 -0.03758803 0.99865957 -0.00441721 -0.03530842
1779360809.082624 -1.571903 -0.247851 -1.219568 -0.03029425 0.99945501 0.01086420 0.00734178
1779360809.504441 -1.629527 -0.251078 -1.297392 0.00432311 0.99730017 0.02283041 -0.06965954
1779360809.672224 -1.619670 -0.254930 -1.294617 -0.02780954 0.99163685 -0.00542783 -0.12591077
1779360809.789078 -1.646535 -0.252911 -1.313569 0.01754504 0.98466078 0.02464135 -0.17183749
1779360810.769175 -1.703402 -0.258754 -1.393904 -0.02975265 0.95445027 0.00926019 -0.29673846
1779360811.190038 -1.714870 -0.254512 -1.393372 -0.00426134 0.88249926 -0.00829696 -0.47022128
1779360811.190038 -1.714559 -0.254506 -1.392645 -0.00376973 0.88219085 -0.00901765 -0.47079058
1779360811.471352 -1.730423 -0.255655 -1.407267 0.04231460 0.83159823 -0.02116120 -0.55335889
1779360811.893773 -1.750942 -0.257119 -1.431360 -0.01388262 0.87162248 0.00780979 -0.48991891
1779360812.190557 -1.758061 -0.258293 -1.442215 -0.01845955 0.95050998 0.02015518 -0.30948957
1779360813.313257 -1.819944 -0.261595 -1.523223 -0.00392020 0.91678029 0.00279082 -0.39936293
1779360814.470348 -1.890765 -0.270259 -1.609215 -0.02937318 0.84286441 -0.01317644 -0.53716216
1779360814.703106 -1.883022 -0.266338 -1.604088 -0.00857764 0.90723492 0.01893872 -0.42011017
1779360814.926648 -1.864938 -0.267841 -1.575057 -0.04421565 0.97059574 0.02135026 -0.23565452
1779360815.105754 -1.874990 -0.267760 -1.592466 -0.04559515 0.99057116 0.03612706 -0.12403506
1779360815.267156 -1.892456 -0.269526 -1.612411 0.00677342 0.97876283 0.01352962 -0.20443677
1779360815.405293 -1.920318 -0.271939 -1.650278 0.01222322 0.89117521 -0.01123426 -0.45335542
1779360815.542968 -1.908402 -0.272434 -1.642580 0.02309655 0.78068994 -0.04754865 -0.62267881
1779360815.685185 -1.961805 -0.275036 -1.694040 0.06167397 0.72949006 -0.03024471 -0.68053349
1779360815.826156 -1.972619 -0.276541 -1.700063 -0.01762731 -0.69797019 0.02700455 0.71540034
1779360816.251283 -1.997742 -0.276757 -1.722178 -0.00332504 0.72361167 -0.01179135 -0.69009858
1779360816.810764 -2.031812 -0.279489 -1.759590 -0.01219580 0.75231286 -0.00008545 -0.65869311
1779360817.096905 -2.042448 -0.279951 -1.771284 -0.01040835 0.80633963 0.00471680 -0.59134239
1779360817.096905 -2.042257 -0.279969 -1.770809 -0.01003232 0.80601698 0.00405902 -0.59179346
1779360817.394382 -2.052144 -0.280923 -1.782985 -0.04522268 0.84790594 0.00761435 -0.52815950
1779360818.007004 -2.074521 -0.283141 -1.813324 -0.00473609 0.87765811 0.00340437 -0.47925172
1779360819.419552 -2.136192 -0.288003 -1.896397 0.00822178 0.89983893 0.00736502 -0.43608263
1779360819.555899 -2.139111 -0.289568 -1.898512 -0.02321243 0.95621778 0.00905532 -0.29159344
1779360819.692259 -2.131546 -0.289264 -1.892813 -0.03953402 0.97762728 0.03120493 -0.20422589
1779360820.097260 -2.136919 -0.289512 -1.907784 -0.06524143 0.99543615 0.02354516 -0.06554421
1779360820.204918 -2.150916 -0.293433 -1.942056 -0.05647342 0.98820042 0.01859998 0.14115499
1779360820.324980 -2.102611 -0.288416 -1.891870 -0.08716807 0.97526247 0.02414435 0.20169752
1779360820.463943 -2.090433 -0.289818 -1.885099 -0.08549752 0.95859567 0.02685774 0.27030200
1779360820.604072 -2.101818 -0.294134 -1.917958 -0.06896109 0.93731365 -0.00679561 0.34152791
1779360820.817596 -2.074729 -0.284481 -1.904413 -0.10057960 0.93425354 0.02953236 0.34085468
1779360820.961843 -2.070993 -0.286298 -1.906750 -0.07571546 0.92011088 0.01550070 0.38395686
1779360821.102535 -2.068692 -0.285684 -1.878613 -0.08407693 0.90359682 0.02873700 0.41906806
1779360821.238081 -2.022350 -0.284247 -1.840416 -0.07615038 0.90652525 0.01821793 0.41482670
1779360821.376186 -2.021908 -0.283007 -1.839035 -0.06173529 0.89141144 0.00860424 0.44888792
1779360821.527049 -2.043563 -0.285898 -1.840346 -0.08373375 0.88077575 0.01937039 0.46566890
1779360821.527049 -2.044514 -0.286271 -1.840543 -0.08362038 0.88061521 0.01917781 0.46600074
1779360822.087009 -2.039952 -0.286636 -1.850333 -0.04663411 0.88834326 0.03496977 0.45546528
1779360822.927259 -2.026252 -0.285381 -1.880447 -0.06848607 0.88115842 0.01740045 0.46751121
1779360823.633789 -2.017577 -0.287048 -1.895285 -0.05805592 0.88859692 0.03124243 0.45392613
1779360824.396955 -2.049661 -0.291730 -1.921861 -0.04553666 0.90846468 0.03085250 0.41432651
1779360824.540062 -2.064271 -0.292504 -1.946604 -0.04517344 0.92730034 0.02999203 0.37036998
1779360824.698921 -2.078572 -0.287504 -1.951655 -0.02314418 0.93855137 0.06497206 0.33817791
1779360824.889565 -2.056510 -0.285233 -1.938444 -0.01428341 0.94987436 0.09548377 0.29735085
1779360825.055554 -2.062501 -0.281881 -1.949078 0.00946185 0.94982220 0.12650260 0.28591145
1779360825.329048 -2.066877 -0.287568 -1.947229 -0.01655395 0.94489488 0.08360746 0.31608453
1779360825.460963 -2.092214 -0.296605 -1.997796 -0.04954397 0.93155353 0.03685482 0.35832268
1779360825.625761 -2.052297 -0.293909 -1.976835 -0.05905914 0.93481194 0.00739507 0.35011992
1779360825.905302 -2.054622 -0.293488 -1.935861 -0.09606974 0.90329891 0.00458861 0.41809164
1779360826.016291 -2.041194 -0.293028 -1.957280 -0.10316466 0.87457416 0.00026277 0.47379007
1779360826.155843 -2.035189 -0.293107 -1.977797 -0.09649538 0.85658106 0.02271744 0.50640048
1779360826.294127 -2.027168 -0.296484 -1.977208 -0.08059477 0.84426790 0.01139063 0.52970412
1779360826.679179 -2.013872 -0.291225 -1.982274 -0.07084182 0.84824559 0.03209955 0.52386113
1779360826.679179 -2.015353 -0.291834 -1.982193 -0.07077746 0.84805540 0.03191380 0.52418900
1779360827.572353 -2.000230 -0.291641 -1.992389 -0.06947093 0.85415944 0.01741252 0.51505557
1779360829.528804 -1.939117 -0.292244 -2.045183 -0.05951754 0.86200002 0.02866514 0.50258525
1779360831.000683 -1.919729 -0.288245 -2.048187 -0.08535489 0.84034521 0.01613410 0.53504595
1779360831.145430 -1.937577 -0.291026 -2.044621 -0.08796396 0.82718814 0.01741421 0.55472413
1779360831.287715 -1.894489 -0.284445 -2.024135 -0.08807111 0.81940234 0.02289116 0.56594989
1779360831.463989 -1.886255 -0.287588 -2.022374 -0.07837340 0.81405254 0.01889455 0.57516873
1779360831.848209 -1.839816 -0.279837 -1.974712 -0.07708081 0.80599216 0.02618072 0.58630176
1779360831.989546 -1.828007 -0.293413 -1.990846 -0.06608718 0.80504983 0.01144396 0.58940333
1779360832.128749 -1.862640 -0.306947 -1.995339 -0.02727316 0.80137195 0.00026239 0.59754423
1779360832.551404 -1.821493 -0.282792 -1.959837 -0.06599327 0.80055624 0.02868580 0.59492161
1779360833.395952 -1.758553 -0.293399 -1.990722 -0.06419601 0.80959508 0.01607472 0.58324633
1779360833.674633 -1.765095 -0.281880 -2.015826 -0.06630069 0.81472620 0.02985032 0.57526898
1779360834.658908 -1.707608 -0.284143 -2.012850 -0.06423364 0.82818154 0.02867833 0.55602782
1779360834.798406 -1.714509 -0.287324 -2.042386 -0.05859911 0.83703995 0.03120794 0.54309881
1779360835.078067 -1.691564 -0.283664 -2.090966 -0.05261583 0.84970862 0.03875944 0.52318691
1779360835.219305 -1.710067 -0.289218 -2.108586 -0.05278394 0.86210346 0.03631260 0.50266577
1779360835.219305 -1.711543 -0.289672 -2.107703 -0.05261357 0.86185734 0.03617560 0.50311536
1779360835.359199 -1.712750 -0.289463 -2.107954 -0.05947207 0.87055615 0.02588970 0.48777535
1779360835.642953 -1.701585 -0.291679 -2.134604 -0.06128003 0.88232033 0.03297682 0.46547623
1779360836.137724 -1.681782 -0.291630 -2.163894 -0.07741388 0.86875909 0.01552373 0.48890054
1779360836.976820 -1.632385 -0.288407 -2.205361 -0.07198961 0.85381816 0.02454912 0.51498484
1779360837.261113 -1.617764 -0.292189 -2.224572 -0.05942963 0.87333858 0.00794901 0.48340941
1779360837.547770 -1.620952 -0.288672 -2.236033 -0.07076243 0.85986185 0.01546678 0.50536230
1779360837.690841 -1.597188 -0.293194 -2.247914 -0.07968397 0.84527735 0.01613247 0.52810643
1779360837.964120 -1.571394 -0.291817 -2.261455 -0.09675538 0.82790601 0.01291713 0.55230715
1779360838.247620 -1.548227 -0.295401 -2.247367 -0.07832754 0.82400506 0.00373803 0.56112965
1779360838.946597 -1.465464 -0.280823 -2.297101 -0.07942058 0.81587841 0.02703136 0.57210497
1779360839.925208 -1.412865 -0.282100 -2.296312 -0.09194479 0.80179363 0.01995296 0.59014829
1779360840.069432 -1.381197 -0.285256 -2.293051 -0.08622441 0.78869916 0.01695056 0.60846666
1779360840.491102 -1.336119 -0.289734 -2.252596 -0.07728418 0.77238457 0.00713841 0.63039533
1779360842.036742 -1.294442 -0.276557 -2.207836 -0.09107040 0.73849023 0.01305812 0.66795796
1779360842.321352 -1.275181 -0.272434 -2.211399 -0.10420122 0.71869104 0.00817464 0.68742889
1779360844.216616 -1.175417 -0.255148 -2.069854 -0.10287184 0.66640517 0.01273637 0.73834905
1779360844.216616 -1.176279 -0.255312 -2.068635 -0.10282878 0.66621840 0.01243071 0.73852878
1779360844.362572 -1.177004 -0.256186 -2.064168 -0.10553736 0.63941247 0.00168934 0.76158434
1779360844.497161 -1.169003 -0.252564 -2.052999 -0.11756323 0.62185131 0.00455423 0.77424744
1779360844.805000 -1.148058 -0.251008 -2.029417 -0.09596723 0.60281231 0.00548005 0.79207170
1779360845.482792 -1.101280 -0.242337 -1.982967 -0.10053101 0.58655225 0.02245397 0.80333417
1779360847.236131 -0.921017 -0.214340 -1.826692 -0.08267226 0.62030288 0.02740221 0.77951187
1779360847.485147 -0.896637 -0.210885 -1.813741 -0.07857185 0.63656875 0.04080938 0.76612093
1779360848.173423 -0.826568 -0.198854 -1.784290 -0.09348832 0.65719447 0.02738200 0.74739921
1779360848.850236 -0.769115 -0.194744 -1.746365 -0.10665628 0.62848140 0.01256781 0.77037498
1779360849.288117 -0.727930 -0.188194 -1.706765 -0.10354200 0.60976067 0.00798325 0.78575266
1779360849.835031 -0.681591 -0.182329 -1.669336 -0.09596579 0.57263774 0.00490203 0.81415757
1779360849.974762 -0.671982 -0.177316 -1.644153 -0.10952857 0.55078091 0.00813510 0.82739211
1779360850.398973 -0.636922 -0.178914 -1.620596 -0.08329414 0.58777677 -0.00015160 0.80472388
1779360850.536193 -0.618632 -0.173565 -1.613205 -0.08585939 0.60409337 0.03061353 0.79168313
1779360850.976697 -0.591837 -0.169373 -1.595242 -0.09649410 0.62472643 0.00764503 0.77482084
1779360853.069761 -0.378768 -0.143877 -1.479345 -0.10225412 0.57733973 0.01107012 0.81000024
1779360853.492148 -0.347345 -0.138765 -1.440700 -0.10360601 0.54833139 -0.00898940 0.82976965
1779360853.492148 -0.348834 -0.138880 -1.438551 -0.10348745 0.54831775 -0.00920670 0.82979108
1779360854.484284 -0.253522 -0.122637 -1.349274 -0.10537282 0.51533114 0.00807810 0.85044996
1779360854.753679 -0.226391 -0.119593 -1.311279 -0.09470901 0.45968258 -0.00406729 0.88300939
1779360856.171055 -0.126581 -0.096503 -1.160709 -0.09360563 0.42533148 0.00784729 0.90014973
1779360857.708477 0.008895 -0.074499 -1.000743 -0.09511360 0.47664569 -0.00360874 0.87392750
1779360857.986922 0.045672 -0.066798 -0.964695 -0.08562672 0.50884178 0.01887340 0.85638304
1779360858.409352 0.104805 -0.062693 -0.928895 -0.08464134 0.55584113 0.00713302 0.82693748
1779360858.692806 0.131825 -0.059218 -0.923012 -0.08548426 0.59503835 0.03150284 0.79851698
1779360859.132015 0.178288 -0.053377 -0.907875 -0.09271602 0.61377081 -0.00238594 0.78401750
1779360859.532929 0.221921 -0.046413 -0.877807 -0.08806889 0.60241880 -0.01238593 0.79320997
1779360859.817943 0.262175 -0.043625 -0.848960 -0.09414225 0.57820018 0.00402242 0.81043544
1779360861.358151 0.419648 -0.022522 -0.738807 -0.09057743 0.53771730 0.00070903 0.83824539
1779360861.505411 0.402982 -0.024746 -0.762606 -0.10510928 0.48487043 -0.00834786 0.86820679
1779360861.639553 0.419153 -0.017276 -0.716767 -0.10375519 0.45405720 -0.00502980 0.88489639
1779360862.061486 0.431997 -0.016663 -0.684399 -0.09869528 0.36318503 -0.01128903 0.92640619
1779360862.206581 0.445241 -0.015804 -0.676036 -0.08471009 0.27856551 -0.00871843 0.95663444
1779360862.347690 0.438510 -0.019649 -0.674446 -0.08297042 0.16282691 -0.00679928 0.98313635
1779360862.347690 0.432836 -0.020091 -0.669731 -0.08307397 0.16487562 -0.00669080 0.98278684
1779360862.487596 0.395492 -0.023937 -0.664320 -0.07312317 0.11766560 0.00534590 0.99034299
1779360862.761343 0.289062 -0.018558 -0.602406 -0.06792998 0.06268108 -0.01087014 0.99565980
1779360862.915798 0.236496 -0.025616 -0.575733 -0.04780167 0.05966613 0.00005840 0.99707319
1779360863.610396 0.120072 -0.025943 -0.442505 -0.07022746 0.05003714 0.02545703 0.99594996
1779360863.747842 0.126367 -0.027886 -0.438971 -0.05426585 -0.00684132 0.02170863 0.99826707
1779360863.905337 -0.008072 -0.031306 -0.366441 -0.08485079 -0.02781073 0.00898885 0.99596491
1779360864.032638 -0.094456 -0.042467 -0.340978 -0.06601110 -0.08559264 0.00284035 0.99413700
1779360864.171697 -0.120631 -0.027511 -0.327706 -0.07124278 -0.18914508 -0.01617779 0.97922770
1779360864.324588 -0.127861 -0.033013 -0.304430 -0.04749611 -0.23439887 0.00040506 0.97097947
1779360864.453046 -0.072966 -0.025957 -0.281577 -0.03798730 -0.30243731 0.01846632 0.95223297
1779360864.744449 -0.094400 -0.018692 -0.212401 -0.06146131 -0.27098770 0.04560379 0.95953555
1779360865.575599 -0.100074 -0.022401 -0.123162 -0.03058353 -0.33860823 0.03707048 0.93969936
1779360866.277504 -0.168482 -0.004611 -0.000094 -0.06525815 -0.31120815 0.05809843 0.94631677
1779360866.560430 -0.201691 -0.004939 0.022294 -0.04728134 -0.27236526 0.04820657 0.95982174
1779360867.262131 -0.214828 0.010325 0.129008 -0.06295391 -0.25113668 0.03592994 0.96523376
1779360869.510557 -0.336881 0.019333 0.384317 -0.05970967 -0.21865874 0.02862638 0.97355207
1779360869.510557 -0.336881 0.019333 0.384317 -0.05970967 -0.21865874 0.02862638 0.97355207
1779360869.652863 -0.330688 0.018714 0.377298 -0.05806473 -0.18428061 0.03300853 0.98060164
1779360869.790424 -0.319554 0.028064 0.430978 -0.06831537 -0.13895202 0.06726594 0.98564732
1779360869.930252 -0.316743 0.028421 0.438714 -0.07645777 -0.06861249 0.05509299 0.99318241
1779360870.067485 -0.313503 0.028433 0.445100 -0.06586269 -0.02632812 0.03964494 0.99669314
1779360870.212997 -0.304648 0.034016 0.471732 -0.07557754 0.00129245 0.06918736 0.99473588
1779360870.494459 -0.296105 0.038347 0.506906 -0.07206465 0.02926772 0.02948332 0.99653440
1779360870.773877 -0.286655 0.043154 0.542445 -0.07760778 -0.01549379 0.02086301 0.99664523
1779360871.618829 -0.269027 0.054298 0.633476 -0.07534028 -0.03559026 0.02507799 0.99620694
1779360872.319872 -0.246447 0.066044 0.706256 -0.08190856 0.02596178 0.03209507 0.99578455
1779360872.460396 -0.235110 0.068374 0.684240 -0.08553108 0.05085920 0.05894031 0.99328939
1779360872.745255 -0.207653 0.071034 0.708231 -0.07988557 0.08475585 0.02494042 0.99288102
1779360872.885601 -0.203687 0.076620 0.720448 -0.08983327 0.10586147 0.02572696 0.98998053
1779360873.021638 -0.195982 0.077614 0.720723 -0.08858504 0.13305626 0.01939785 0.98695109
1779360873.304135 -0.184025 0.084986 0.730281 -0.10101441 0.19755939 0.01801850 0.97490600
1779360873.452228 -0.199451 0.072892 0.706461 -0.08486862 0.23192222 0.01297837 0.96893806
1779360875.132315 -0.116585 0.100486 0.800567 -0.09896783 0.35271787 -0.00030756 0.93048126
1779360875.132315 -0.116585 0.100486 0.800567 -0.09896783 0.35271787 -0.00030756 0.93048126
1779360875.414695 -0.111174 0.101296 0.804415 -0.09652662 0.41206442 -0.01798672 0.90584878
1779360878.649610 0.057943 0.130300 0.923808 -0.10731608 0.43074900 -0.02998794 0.89556646
1779360879.207066 0.081274 0.135582 0.940986 -0.11580157 0.43401207 -0.02062264 0.89319551
1779360880.472844 0.141639 0.144819 0.984313 -0.10486491 0.43100580 -0.01767100 0.89606087
1779360882.444269 0.241559 0.161700 1.052232 -0.10439301 0.41577698 -0.01797060 0.90327662
1779360882.931691 0.284518 0.162382 1.048334 -0.08978050 0.49616508 0.01634714 0.86341904
1779360883.097226 0.266794 0.159267 1.032514 -0.10379521 0.62047869 0.00360830 0.77731572
1779360883.211060 0.272359 0.162825 1.045957 -0.10290939 0.71511885 -0.02714439 0.69085300
1779360883.397500 0.258753 0.163851 1.043487 -0.09813929 0.75559626 0.00359619 0.64763419
1779360883.499232 0.259845 0.162975 1.024052 -0.10803128 0.78575685 -0.02567668 0.60848674
1779360883.637249 0.265732 0.153986 1.004858 -0.07540691 0.83364531 -0.01933808 0.54678637
1779360883.776948 0.223941 0.141605 0.984086 -0.06726641 0.87647776 -0.01354058 0.47652767
1779360883.916817 0.232623 0.140811 0.994820 -0.04378272 0.93727619 -0.03548955 0.34400132
1779360884.054546 0.223328 0.141649 0.985207 -0.03706225 0.95401651 0.00027104 0.29745389
1779360884.196460 0.201390 0.137433 0.968907 -0.04381158 0.95150073 -0.03593814 0.30238278
1779360884.618044 0.204260 0.143197 0.961142 -0.05782618 0.97075019 -0.04164853 0.22927191
1779360884.618044 0.204260 0.143197 0.961142 -0.05782618 0.97075019 -0.04164853 0.22927191
1779360884.900880 0.202833 0.143694 0.961332 -0.07555530 0.96377528 -0.04136965 0.25242257
1779360885.042328 0.199300 0.143116 0.962770 -0.09578095 0.94971186 -0.05284791 0.29339476
1779360885.187845 0.196673 0.143066 0.962339 -0.11091250 0.93301529 -0.05308566 0.33817570
1779360885.323333 0.222234 0.144390 0.959550 -0.10613388 0.92837618 -0.04559829 0.35323372
1779360885.607108 0.213011 0.141224 0.947610 -0.08856569 0.94140458 -0.05437344 0.32086924
1779360885.744846 0.230577 0.143468 0.944962 -0.03573056 0.96009747 -0.03758363 0.27481565
1779360885.900048 0.228476 0.144264 0.947114 -0.04614150 0.96977168 -0.03292933 0.23733839
1779360886.027995 0.233523 0.143127 0.940475 -0.05092012 0.97508427 -0.04426153 0.21132613
1779360886.163056 0.225928 0.143262 0.939616 -0.03874999 0.97859067 -0.03425147 0.19921240
1779360886.305337 0.224048 0.142949 0.942026 -0.03466365 0.98456617 -0.03700302 0.16750719
1779360886.445235 0.218937 0.144284 0.959873 -0.02246983 0.98880347 -0.03845402 0.14242224
1779360886.727508 0.210957 0.142285 0.946079 -0.03906198 0.99094991 -0.04584511 0.11996111
1779360887.148845 0.207341 0.140494 0.928644 -0.05072325 0.99178382 -0.05163506 0.10547905
1779360888.130838 0.206068 0.139817 0.925016 -0.04602335 0.98987280 -0.04506521 0.12650224
1779360888.272894 0.209710 0.138504 0.913815 -0.06162480 0.98428900 -0.04558772 0.15905754
1779360888.413228 0.225722 0.139852 0.887005 -0.07686957 0.97758713 -0.04601772 0.19051730
1779360888.413228 0.225722 0.139852 0.887005 -0.07686957 0.97758713 -0.04601772 0.19051730
1779360888.552760 0.223355 0.139642 0.891092 -0.07473326 0.97377665 -0.04550716 0.21000733
1779360888.842780 0.225767 0.140024 0.889642 -0.06864992 0.97037908 -0.04138008 0.22790198
1779360889.117470 0.227270 0.140117 0.883651 -0.07384999 0.96428196 -0.04106038 0.25103889
1779360889.259425 0.234409 0.138404 0.866151 -0.06621536 0.96026594 -0.04191394 0.26785829
1779360889.964464 0.254256 0.139493 0.862275 -0.04040129 0.96728270 -0.04050049 0.24716720
1779360890.661057 0.277717 0.139216 0.820654 -0.06453608 0.96311549 -0.03782750 0.25848157
1779360890.946899 0.295637 0.138741 0.807724 -0.07238873 0.95795131 -0.04139241 0.27454659
1779360892.211551 0.349552 0.135141 0.768963 -0.06771070 0.95475299 -0.04430382 0.28618031
1779360893.759902 0.422739 0.133130 0.704917 -0.05847001 0.96297683 -0.04533729 0.25923234
1779360894.040457 0.427459 0.139294 0.696958 -0.05189232 0.96818847 -0.03922552 0.24161877
1779360894.176909 0.438157 0.131797 0.691069 -0.05515698 0.97331207 -0.04888664 0.21732789
1779360894.318447 0.442137 0.138331 0.684652 -0.03458447 0.97715177 -0.03469817 0.20681965
1779360894.599018 0.441796 0.137944 0.683839 -0.05244578 0.97942474 -0.04277134 0.19012427
1779360895.865288 0.437682 0.136722 0.608734 -0.04754414 0.98446345 -0.03791242 0.16472376
1779360896.005090 0.414975 0.131789 0.617513 -0.04527369 0.99054290 -0.04355609 0.12197509
1779360896.144260 0.435813 0.129514 0.620142 -0.04512890 0.99623707 -0.04966045 0.05485371
1779360896.144260 0.435813 0.129514 0.620142 -0.04512890 0.99623707 -0.04966045 0.05485371
1779360896.305764 0.435368 0.129158 0.620166 -0.03520536 0.99826973 -0.04620746 -0.00911066
1779360896.431628 0.451199 0.127371 0.626864 -0.04948804 0.99239164 -0.04951513 -0.10128189
1779360896.562631 0.450329 0.126334 0.624703 -0.06959899 0.97564621 -0.05020906 -0.20186507
1779360896.705020 0.440744 0.124548 0.620804 -0.04496572 0.95573204 -0.04610876 -0.28710336
1779360896.842710 0.419807 0.123016 0.621630 -0.04379104 0.92750271 -0.04799394 -0.36812723
1779360896.982930 0.418425 0.123498 0.632044 -0.06987773 0.86434570 -0.02126577 -0.49756545
1779360897.128887 0.432468 0.126124 0.630756 -0.05512069 0.78866811 -0.01481960 -0.61216395
1779360897.271560 0.418112 0.124425 0.625800 0.00310733 0.71636872 -0.03666153 -0.69675112
1779360897.688182 0.406640 0.123472 0.637076 -0.02180839 0.80068914 -0.03698652 -0.59753937
1779360897.826975 0.403064 0.123330 0.645912 -0.02068053 0.86102276 -0.04060725 -0.50652066
1779360897.971367 0.425513 0.124126 0.640704 -0.03087830 0.89136190 -0.02985053 -0.45125319
1779360898.112721 0.422239 0.124135 0.625481 -0.05177895 0.93086116 -0.02329106 -0.36093484
1779360898.253638 0.422916 0.124500 0.627420 -0.04004822 0.95828794 -0.03475816 -0.28084201
1779360898.396855 0.427317 0.124130 0.626424 -0.03888555 0.96835335 -0.04306109 -0.24274566
1779360898.671040 0.432518 0.124679 0.625237 -0.03443523 0.97662905 -0.04319367 -0.20771188
1779360899.096538 0.434056 0.124957 0.628273 0.00266374 0.98505114 -0.04818394 -0.16536463
1779360899.096538 0.434056 0.124957 0.628273 0.00266374 0.98505114 -0.04818394 -0.16536463
1779360899.941345 0.458928 0.128662 0.665781 -0.06824139 0.97829241 -0.03549442 -0.19242456
