# camera_optical trajectory from onboard odometry (NOT ground truth)
1779360776.904888 6.123924 24.194442 0.108759 0.015401 -0.653560 0.756653 -0.009937
1779360777.037688 6.122970 24.214259 0.155891 0.014237 -0.649082 0.760518 -0.010121
1779360777.179965 6.121574 24.222433 0.211465 0.011823 -0.660007 0.751093 -0.010479
1779360777.328706 6.121280 24.215278 0.267304 0.010777 -0.674102 0.738505 -0.009043
1779360777.487401 6.123145 24.202145 0.320962 0.011980 -0.681277 0.731887 -0.007656
1779360777.599845 6.124757 24.191187 0.338417 0.013149 -0.684507 0.728845 -0.007810
1779360777.740313 6.123702 24.187712 0.338693 0.012052 -0.686647 0.726852 -0.007488
1779360777.896294 6.124561 24.194027 0.339605 0.013143 -0.685513 0.727900 -0.007802
1779360778.020248 6.124545 24.195009 0.339777 0.013141 -0.685225 0.728171 -0.007800
1779360778.160342 6.124493 24.193936 0.339708 0.013044 -0.685427 0.727984 -0.007699
1779360778.304451 6.124628 24.193983 0.339727 0.013205 -0.685413 0.727994 -0.007742
1779360778.442305 6.124453 24.193878 0.339673 0.012999 -0.685493 0.727923 -0.007644
1779360778.579588 6.124546 24.193933 0.339698 0.013095 -0.685457 0.727955 -0.007664
1779360778.721736 6.124458 24.193920 0.339709 0.013002 -0.685450 0.727964 -0.007638
1779360778.862575 6.124469 24.193916 0.339698 0.013008 -0.685464 0.727952 -0.007536
1779360779.000962 6.124557 24.193909 0.339692 0.013109 -0.685471 0.727943 -0.007553
1779360779.148092 6.124478 24.194107 0.339589 0.013242 -0.685403 0.728006 -0.007402
1779360779.283871 6.130910 24.201496 0.341000 0.023317 -0.685675 0.727495 -0.007574
1779360779.426312 6.137162 24.203517 0.333256 0.033183 -0.690767 0.722266 -0.008471
1779360779.569592 6.139845 24.197258 0.331911 0.037835 -0.691560 0.721265 -0.009517
1779360779.708501 6.140756 24.193956 0.331895 0.038461 -0.691622 0.721161 -0.010361
1779360779.845927 6.141051 24.191970 0.331879 0.038620 -0.691707 0.721066 -0.010678
1779360779.985568 6.141355 24.190635 0.331952 0.038796 -0.691698 0.721061 -0.010897
1779360780.135830 6.141422 24.189482 0.331993 0.038793 -0.691726 0.721032 -0.011043
1779360780.274995 6.141557 24.188768 0.331924 0.038868 -0.691815 0.720942 -0.011191
1779360780.409133 6.140776 24.183251 0.331609 0.035278 -0.691837 0.721078 -0.012786
1779360780.551053 6.136782 24.156193 0.320826 0.024738 -0.695276 0.718136 -0.016122
1779360780.697407 6.139368 24.119057 0.314952 0.022699 -0.700076 0.713335 -0.023039
1779360780.830062 6.145858 24.067876 0.309433 0.029653 -0.698190 0.714993 -0.020892
1779360780.974307 6.152533 23.994473 0.320745 0.022474 -0.692261 0.720784 -0.027204
1779360781.112224 6.153680 23.899188 0.315000 0.032446 -0.699821 0.713508 -0.010203
1779360781.257117 6.164206 23.777895 0.312618 0.034731 -0.704022 0.709180 -0.014511
1779360781.394729 6.176660 23.652142 0.310108 0.028336 -0.705952 0.707184 -0.026823
1779360781.535230 6.182843 23.524489 0.312803 0.038694 -0.703955 0.709076 -0.012705
1779360781.680681 6.244689 23.364284 0.309705 -0.090644 0.709757 -0.696469 0.054401
1779360781.814747 6.330917 23.263938 0.306177 -0.153122 0.694347 -0.693754 0.114635
1779360781.960266 6.403898 23.182524 0.294348 -0.202818 0.688948 -0.681688 0.139701
1779360782.093111 6.494621 23.072832 0.291816 0.225687 -0.676542 0.677751 -0.178913
1779360782.234452 6.556566 22.994442 0.319750 0.232971 -0.659706 0.685078 -0.202931
1779360782.380303 6.649198 22.880054 0.307754 0.249392 -0.667100 0.671700 -0.203960
1779360782.516489 6.779219 22.785824 0.310014 0.289515 -0.647060 0.665884 -0.232577
1779360782.659534 6.929827 22.732314 0.323366 0.342550 -0.612019 0.644091 -0.305352
1779360782.811021 7.050029 22.695741 0.303025 0.390896 -0.599862 0.612952 -0.334150
1779360782.940679 7.154313 22.663681 0.312287 0.402561 -0.580256 0.603650 -0.369938
1779360783.078288 7.276276 22.625570 0.316290 0.416376 -0.567912 0.601082 -0.377898
1779360783.220240 7.428841 22.584999 0.306303 0.431381 -0.568908 0.584060 -0.386173
1779360783.358078 7.545367 22.551366 0.311829 0.428814 -0.568818 0.571266 -0.407701
1779360783.509213 7.673185 22.510468 0.304227 -0.437477 0.568856 -0.568759 0.401908
1779360783.643228 7.812982 22.473864 0.310272 0.438833 -0.557438 0.573561 -0.409532
1779360783.783971 7.943908 22.439001 0.314332 0.435148 -0.560323 0.566279 -0.419538
1779360783.923118 8.065928 22.399504 0.307459 -0.437046 0.565075 -0.562994 0.415595
1779360784.067088 8.234172 22.361811 0.308519 0.438918 -0.560035 0.561852 -0.421941
1779360784.205313 8.373602 22.322189 0.328202 0.434141 -0.550031 0.569911 -0.429173
1779360784.348339 8.513153 22.280395 0.310177 0.443396 -0.556827 0.565856 -0.416114
1779360784.487500 8.632725 22.253164 0.304347 -0.443782 0.561005 -0.556617 0.422503
1779360784.625200 8.775440 22.212395 0.307507 0.443644 -0.555756 0.563719 -0.420164
1779360784.766729 8.887008 22.193656 0.315777 0.445264 -0.547040 0.571859 -0.418885
1779360784.913954 9.041109 22.157225 0.308582 -0.437118 0.561634 -0.554846 0.430861
1779360785.052415 9.168608 22.082049 0.311201 0.408749 -0.578714 0.584054 -0.396101
1779360785.185700 9.304137 22.007824 0.314658 0.381775 -0.584073 0.609426 -0.376438
1779360785.325367 9.432379 21.928935 0.310552 -0.357739 0.616632 -0.592994 0.374361
1779360785.467681 9.523621 21.856560 0.305753 -0.349594 0.620056 -0.608101 0.351465
1779360785.608402 9.647222 21.776763 0.315662 0.343160 -0.611954 0.622007 -0.347651
1779360785.752213 9.768377 21.699149 0.319182 0.342840 -0.616653 0.621280 -0.340898
1779360785.892445 9.888646 21.613312 0.310016 -0.340946 0.623097 -0.620048 0.333236
1779360786.029747 10.008697 21.533472 0.300730 0.349194 -0.617607 0.624276 -0.326963
1779360786.170248 10.105333 21.490736 0.311782 0.361663 -0.602502 0.624170 -0.341470
1779360786.316257 10.201870 21.493870 0.309405 0.411096 -0.577478 0.599610 -0.371467
1779360786.449744 10.269129 21.521345 0.316698 0.459713 -0.537865 0.571294 -0.415919
1779360786.592622 10.311605 21.565121 0.312554 0.515127 -0.500660 0.525871 -0.455459
1779360786.736187 10.334564 21.641314 0.292890 0.582232 -0.438563 0.457981 -0.508843
1779360786.885979 10.331974 21.721667 0.292294 0.638394 -0.369672 0.379011 -0.558701
1779360787.014611 10.315314 21.785345 0.291999 0.667659 -0.300605 0.307025 -0.607951
1779360787.156660 10.261348 21.846842 0.285229 0.704068 -0.217280 0.212619 -0.641772
1779360787.294634 10.202730 21.889718 0.290231 0.715549 -0.139793 0.137818 -0.670413
1779360787.435090 10.123898 21.920038 0.295903 0.725867 -0.036074 0.041961 -0.685606
1779360787.575621 10.047836 21.918452 0.300399 0.718024 0.064197 -0.050161 -0.691233
1779360787.728630 9.959703 21.895931 0.282419 0.711949 0.175264 -0.137018 -0.666061
1779360787.865057 9.886930 21.857433 0.289729 0.678871 0.257625 -0.227917 -0.648704
1779360788.000705 9.827350 21.799993 0.296164 0.630007 0.352515 -0.308002 -0.619644
1779360788.139058 9.796318 21.736775 0.301702 0.584737 0.423801 -0.383203 -0.575873
1779360788.277407 9.791122 21.671237 0.279932 0.547819 0.497967 -0.417121 -0.527193
1779360788.434119 9.823486 21.642242 0.279766 0.524301 0.524122 -0.451818 -0.496250
1779360788.560413 9.917946 21.632437 0.265364 0.522678 0.532327 -0.489023 -0.451987
1779360788.707222 9.995818 21.628389 0.248337 0.513299 0.572972 -0.475978 -0.426231
1779360788.851955 10.087228 21.629934 0.260009 0.518912 0.604917 -0.457242 -0.394633
1779360788.982874 10.204509 21.677478 0.159424 0.557392 0.602531 -0.457085 -0.342554
1779360789.121992 10.268689 21.671924 0.140052 0.554434 0.616831 -0.452134 -0.328173
1779360789.262788 10.351604 21.724491 0.159252 0.572835 0.627843 -0.415153 -0.324531
1779360789.400140 10.451524 21.832331 0.168937 0.623016 0.544043 -0.423726 -0.369221
1779360789.542105 10.413288 21.869157 0.118709 0.642032 0.525881 -0.372568 -0.415256
1779360789.682092 10.509000 21.955605 0.098168 0.724164 0.463329 -0.315669 -0.401578
1779360789.826355 10.600583 21.979633 0.228417 0.729826 0.447544 -0.302824 -0.418756
1779360789.966886 10.674806 21.934702 0.250572 0.706668 0.475460 -0.333236 -0.404366
1779360790.105918 10.728445 21.903905 0.167654 0.669784 0.505037 -0.380396 -0.389392
1779360790.246243 10.855893 21.891501 0.144551 0.649693 0.518796 -0.421201 -0.362407
1779360790.386039 10.830712 21.847723 0.234584 0.520282 0.523192 -0.492988 -0.461020
1779360790.533788 10.963379 21.851960 0.264506 0.515817 0.534083 -0.498817 -0.447069
1779360790.666211 11.081345 21.837874 0.278102 0.472968 0.562264 -0.514004 -0.442674
1779360790.810584 11.234872 21.802871 0.290018 0.401815 0.620259 -0.570944 -0.357555
1779360790.949343 11.382920 21.774370 0.299985 0.285155 0.672629 -0.624161 -0.276912
1779360791.097083 11.547265 21.725701 0.284639 0.160602 0.728995 -0.650667 -0.139307
1779360791.231899 11.661585 21.695899 0.316394 0.050077 0.716108 -0.695912 -0.019690
1779360791.369706 11.776291 21.697189 0.315538 -0.058911 0.713132 -0.691380 0.099829
1779360791.509585 11.872784 21.692120 0.306353 -0.159829 0.696726 -0.674674 0.183967
1779360791.650959 11.962897 21.661255 0.329315 0.233680 -0.661807 0.675931 -0.224772
1779360791.791811 12.039680 21.635756 0.320129 0.270938 -0.652572 0.657762 -0.260944
1779360791.949620 12.136286 21.571226 0.311606 0.286157 -0.647062 0.650604 -0.275935
1779360792.180562 12.233340 21.436063 0.318822 0.247426 -0.647015 0.681366 -0.236414
1779360792.283842 12.324939 21.272342 0.315409 -0.201382 0.677543 -0.669599 0.228076
1779360792.434384 12.393393 21.132932 0.306404 -0.191474 0.686720 -0.673889 0.193976
1779360792.639054 12.476784 20.987041 0.306420 -0.186049 0.683448 -0.680707 0.186877
1779360792.872659 12.557209 20.834602 0.308569 -0.180395 0.686265 -0.681661 0.178428
1779360792.990482 12.683366 20.627474 0.313479 0.173611 -0.682566 0.686700 -0.180017
1779360793.106296 12.703363 20.595531 0.311221 -0.171817 0.687766 -0.681344 0.182281
1779360793.356206 12.842125 20.375966 0.325372 0.193147 -0.674215 0.686285 -0.192721
1779360793.586064 13.062115 20.283443 0.332680 0.316438 -0.611870 0.661456 -0.296576
1779360793.690349 13.206214 20.246552 0.312206 0.374453 -0.593866 0.628669 -0.334490
1779360793.823609 13.274688 20.223034 0.312177 0.393332 -0.581348 0.611877 -0.364597
1779360794.068493 13.479628 20.251376 0.307946 0.491715 -0.515231 0.558610 -0.425098
1779360794.185552 13.694677 20.301860 0.319671 0.511745 -0.474393 0.517635 -0.495098
1779360794.307466 13.808944 20.339053 0.308902 0.539287 -0.450509 0.496973 -0.509146
1779360794.539488 13.980199 20.368629 0.303484 0.542949 -0.447788 0.479587 -0.524107
1779360794.802618 14.175552 20.398582 0.311412 0.540460 -0.446968 0.473069 -0.533225
1779360795.051879 14.554645 20.463309 0.317469 -0.537973 0.440751 -0.472002 0.541791
1779360795.249385 14.688269 20.490975 0.318151 0.545821 -0.441689 0.467629 -0.536948
1779360795.375933 14.831436 20.515019 0.314217 0.546852 -0.449874 0.457160 -0.538119
1779360795.503214 14.898107 20.511852 0.317858 0.537734 -0.455822 0.472067 -0.529359
1779360795.722262 15.122550 20.421570 0.299921 -0.439758 0.556121 -0.510965 0.486063
1779360795.990310 15.297429 20.327671 0.314080 -0.398081 0.585676 -0.559389 0.430812
1779360796.200400 15.450956 20.122703 0.312813 -0.284905 0.651415 -0.619837 0.332099
1779360796.428918 15.558595 19.929342 0.316345 0.227991 -0.661099 0.665515 -0.260877
1779360796.572609 15.686873 19.711157 0.308454 -0.204245 0.677941 -0.665728 0.235556
1779360796.711505 15.793125 19.635197 0.311212 0.258440 -0.655713 0.662946 -0.252490
1779360796.849643 15.912921 19.602124 0.317257 0.305237 -0.632829 0.652064 -0.284905
1779360796.992040 16.003447 19.560300 0.302571 0.344800 -0.619793 0.636445 -0.303163
1779360797.134887 16.155076 19.559806 0.301491 0.415242 -0.574251 0.607288 -0.359181
1779360797.275217 16.288108 19.599602 0.318572 0.460926 -0.510551 0.575194 -0.442761
1779360797.416479 16.401330 19.678082 0.310250 0.556753 -0.444185 0.506531 -0.485955
1779360797.570294 16.539670 19.766295 0.312572 0.587201 -0.384244 0.446976 -0.554765
1779360797.695652 16.605994 19.829668 0.301297 0.621610 -0.346185 0.411539 -0.569554
1779360797.835495 16.733664 19.916011 0.287351 0.635024 -0.335795 0.370515 -0.588816
1779360797.978386 16.831405 19.997801 0.301763 0.628304 -0.323897 0.350121 -0.614605
1779360798.115704 16.877462 20.039178 0.299290 0.646045 -0.313585 0.343246 -0.605369
1779360798.260485 16.971663 20.117096 0.298894 0.646392 -0.302092 0.331535 -0.617255
1779360798.404220 17.099100 20.206584 0.316052 0.633533 -0.301269 0.326905 -0.633250
1779360798.542508 17.223223 20.258408 0.313164 0.624862 -0.334800 0.343590 -0.615956
1779360798.681121 17.326470 20.301643 0.297540 0.617481 -0.363659 0.340773 -0.608558
1779360798.819782 17.470584 20.352345 0.306074 -0.601635 0.371165 -0.365901 0.605300
1779360798.960817 17.554661 20.387475 0.312759 -0.593399 0.371456 -0.382861 0.602756
1779360799.104061 17.667477 20.433871 0.314801 -0.592891 0.380764 -0.378266 0.600345
1779360799.241967 17.794197 20.488289 0.306910 0.593004 -0.383445 0.391541 -0.589925
1779360799.385926 17.936559 20.550244 0.321773 0.590006 -0.377078 0.403421 -0.589030
1779360799.523476 18.044696 20.575307 0.319771 -0.576846 0.401982 -0.404985 0.584504
1779360799.666796 18.194431 20.594223 0.316595 -0.561748 0.423794 -0.426361 0.568378
1779360799.821947 18.358199 20.627912 0.309970 -0.553903 0.425944 -0.441772 0.562672
1779360799.948114 18.509201 20.653093 0.324286 -0.548213 0.434806 -0.446211 0.557944
1779360800.083865 18.616152 20.668592 0.307474 0.549965 -0.444456 0.451041 -0.544573
1779360800.225157 18.746492 20.692737 0.305235 0.552720 -0.440559 0.456481 -0.540401
1779360800.367749 18.909941 20.715160 0.316368 0.544339 -0.445230 0.457595 -0.544124
1779360800.508716 19.047955 20.736757 0.309812 0.549783 -0.446910 0.461306 -0.534048
1779360800.646849 19.184127 20.756846 0.310084 0.549049 -0.447761 0.455796 -0.538800
1779360800.789371 19.321132 20.772057 0.310212 0.545201 -0.446235 0.462452 -0.538301
1779360800.928699 19.433372 20.773272 0.319976 0.534020 -0.455056 0.485487 -0.521583
1779360801.065880 19.590957 20.762174 0.311465 -0.511153 0.494769 -0.481023 0.512390
1779360801.206391 19.727414 20.742719 0.306730 -0.493624 0.509048 -0.495522 0.501660
1779360801.352329 19.879132 20.729270 0.309630 0.488448 -0.502818 0.512986 -0.495417
1779360801.492302 20.032242 20.716014 0.324652 0.480234 -0.506788 0.518320 -0.493848
1779360801.631881 20.129725 20.703224 0.306848 0.486805 -0.515469 0.520955 -0.475310
1779360801.772992 20.269178 20.694373 0.306946 0.486687 -0.510285 0.526427 -0.474994
1779360801.910030 20.420288 20.679614 0.316892 0.481157 -0.509927 0.530170 -0.476846
1779360802.054270 20.530588 20.665864 0.309936 0.487677 -0.513739 0.532538 -0.463300
1779360802.205936 20.696772 20.653215 0.306605 0.484642 -0.519681 0.520974 -0.472906
1779360802.333958 20.833419 20.639655 0.303631 0.493226 -0.516983 0.526641 -0.460550
1779360802.479233 20.916056 20.625377 0.221825 -0.549066 0.570759 -0.470378 0.389237
1779360802.616452 20.893812 20.612235 0.240778 -0.532504 0.551220 -0.497127 0.406769
1779360802.769460 20.951358 20.607805 0.177640 -0.556267 0.559227 -0.486805 0.375304
1779360802.895696 20.939439 20.570117 0.154651 0.565538 -0.562569 0.482286 -0.362056
1779360803.040071 20.893574 20.617527 0.163935 -0.578589 0.579862 -0.457216 0.346335
1779360803.172314 20.989681 20.607686 0.228891 0.581020 -0.546899 0.484942 -0.357978
1779360803.314685 20.996817 20.547712 0.214983 -0.531429 0.559499 -0.512961 0.376053
1779360803.460092 20.981389 20.536546 0.195617 -0.505576 0.593071 -0.544469 0.310184
1779360803.600392 20.980877 20.483730 0.201294 0.475173 -0.588253 0.594741 -0.272857
1779360803.737512 21.026062 20.466045 0.218103 0.425299 -0.603353 0.615437 -0.276267
1779360803.889133 21.094605 20.440555 0.316833 0.403791 -0.569295 0.668498 -0.256840
1779360804.020539 21.158014 20.398333 0.309841 0.326101 -0.616912 0.626504 -0.347233
1779360804.160542 21.238716 20.342132 0.359326 0.309627 -0.596917 0.645960 -0.361326
1779360804.299955 21.338247 20.259089 0.324594 0.336266 -0.610216 0.650801 -0.301694
1779360804.441672 21.415323 20.138464 0.309653 0.287523 -0.634343 0.663170 -0.274128
1779360804.583266 21.490091 20.006731 0.314713 -0.241938 0.667016 -0.666538 0.228655
1779360804.725829 21.554300 19.886805 0.320184 0.195845 -0.664936 0.686926 -0.218260
1779360804.867199 21.597943 19.789317 0.314738 0.166040 -0.671990 0.691558 -0.206418
1779360805.005006 21.616155 19.633538 0.323001 0.120157 -0.684470 0.704425 -0.144391
1779360805.144014 21.642438 19.482488 0.320534 0.093395 -0.686061 0.714480 -0.100575
1779360805.284200 21.650522 19.380174 0.315310 0.060999 -0.699706 0.705020 -0.098166
1779360805.424600 21.663644 19.226544 0.312892 0.049178 -0.700928 0.707474 -0.075904
1779360805.571536 21.726928 19.073285 0.317856 0.084380 -0.691809 0.712088 -0.084914
1779360805.706819 21.783166 18.940853 0.330426 0.110340 -0.687338 0.711721 -0.094050
1779360805.851363 21.834915 18.819427 0.311636 0.129542 -0.694999 0.700780 -0.095407
1779360805.991408 21.877610 18.711894 0.303796 0.136404 -0.694747 0.697245 -0.112115
1779360806.129683 21.910855 18.577197 0.321826 0.117767 -0.690875 0.705607 -0.104598
1779360806.269699 21.938727 18.414528 0.327505 0.085827 -0.687053 0.717180 -0.079020
1779360806.408407 21.952879 18.308130 0.308870 -0.060692 0.706919 -0.699501 0.085327
1779360806.559060 21.969138 18.138327 0.308575 -0.052489 0.706097 -0.703290 0.063674
1779360806.693666 21.992676 17.986651 0.323125 0.053412 -0.692055 0.717714 -0.055614
1779360806.841178 22.012100 17.862134 0.317216 0.049552 -0.701948 0.708073 -0.058703
1779360806.982110 22.033311 17.683750 0.311791 0.051174 -0.703600 0.707451 -0.042911
1779360807.118041 22.063988 17.522174 0.311251 0.056318 -0.695945 0.714692 -0.041280
1779360807.257375 22.088957 17.373686 0.321136 0.056787 -0.701568 0.709176 -0.040571
1779360807.393573 22.105305 17.246419 0.317717 0.055139 -0.698827 0.712206 -0.036911
1779360807.534487 22.135200 17.094634 0.309923 0.052682 -0.703018 0.707583 -0.048132
1779360807.680722 22.155988 16.927762 0.310427 0.047673 -0.704876 0.705966 -0.049897
1779360807.818055 22.182554 16.783066 0.323205 0.050044 -0.695456 0.715109 -0.049558
1779360807.962293 22.197874 16.666464 0.310800 -0.048125 0.706609 -0.703636 0.057300
1779360808.097410 22.223041 16.528376 0.303434 0.054766 -0.702601 0.708100 -0.044124
1779360808.242717 22.253609 16.372237 0.327186 0.055327 -0.687255 0.722964 -0.044082
1779360808.383441 22.283206 16.245338 0.311992 -0.046364 0.706740 -0.703745 0.055783
1779360808.520296 22.354675 16.214712 0.332076 0.067823 -0.700627 0.710258 -0.007491
1779360808.657567 22.460600 16.195838 0.347370 0.148858 -0.661098 0.735111 -0.020080
1779360808.803042 22.591872 16.134736 0.323778 0.169471 -0.667846 0.711089 -0.140050
1779360808.948771 22.691634 16.046780 0.317065 0.195131 -0.674027 0.690033 -0.177385
1779360809.082624 22.767069 15.966665 0.311255 0.214285 -0.675182 0.678022 -0.196206
1779360809.221449 22.825134 15.849087 0.303920 -0.190125 0.682515 -0.679556 0.190340
1779360809.368025 22.852370 15.699067 0.301855 -0.141028 0.693037 -0.691592 0.146669
1779360809.504441 22.897913 15.555882 0.301849 0.123353 -0.676309 0.717231 -0.113887
1779360809.672224 22.929998 15.415550 0.309965 -0.097884 0.704860 -0.693833 0.110394
1779360809.789078 22.961271 15.261391 0.313557 0.086150 -0.697716 0.704774 -0.095207
1779360809.927044 22.995451 15.120006 0.318288 0.085994 -0.693633 0.709698 -0.088355
1779360810.072624 23.041051 14.951587 0.306870 0.084948 -0.700047 0.704459 -0.080347
1779360810.205773 23.066385 14.836580 0.314289 0.081464 -0.699612 0.705430 -0.079215
1779360810.346690 23.091598 14.709700 0.304989 0.088187 -0.698558 0.706270 -0.073631
1779360810.490770 23.102833 14.604374 0.321580 0.078694 -0.699444 0.708428 -0.052105
1779360810.627264 23.114410 14.516853 0.321140 0.066009 -0.700220 0.709862 -0.037829
1779360810.769175 23.133602 14.397646 0.325316 0.058606 -0.690292 0.720394 -0.033097
1779360810.908993 23.132913 14.265348 0.320190 0.024929 -0.700813 0.712820 -0.011260
1779360811.046588 23.090824 14.150305 0.316006 -0.022128 -0.698347 0.714414 0.037890
1779360811.190038 23.047884 13.989509 0.316154 -0.067823 -0.691883 0.716284 0.060287
1779360811.339289 23.005768 13.842807 0.308908 -0.095236 -0.700395 0.704295 0.065920
1779360811.471352 22.967433 13.727319 0.307845 -0.102988 -0.694617 0.706421 0.088714
1779360811.609610 22.968935 13.577092 0.323288 -0.058200 -0.691095 0.716715 0.072932
1779360811.751310 22.987917 13.421167 0.322382 -0.015921 -0.701060 0.711748 0.040948
1779360811.893773 23.018650 13.286724 0.315404 0.033069 -0.705152 0.708251 0.006945
1779360812.036062 23.075816 13.177206 0.308441 0.081415 -0.701242 0.706550 -0.049166
1779360812.190557 23.122786 13.075955 0.301945 0.106333 -0.695420 0.706494 -0.077134
1779360812.315101 23.140789 13.023970 0.316298 0.109350 -0.692326 0.709574 -0.072330
1779360812.464594 23.217729 12.793392 0.310175 -0.102247 0.704814 -0.696577 0.086965
1779360812.604119 23.223459 12.679647 0.308489 0.077605 -0.702987 0.703330 -0.071514
1779360812.740347 23.242530 12.523353 0.310571 0.059736 -0.700403 0.709328 -0.052161
1779360812.893743 23.254946 12.398613 0.313728 -0.047579 0.706860 -0.704421 0.043320
1779360813.018507 23.267654 12.244188 0.316041 0.041293 -0.700221 0.712114 -0.029645
1779360813.163059 23.289055 12.076784 0.311208 0.038992 -0.700837 0.711483 -0.033170
1779360813.313257 23.304074 11.916621 0.318877 0.039806 -0.700255 0.712290 -0.026478
1779360813.440996 23.318389 11.784417 0.319978 0.041316 -0.696619 0.715988 -0.019413
1779360813.577221 23.339228 11.629078 0.309403 0.037500 -0.704025 0.708525 -0.030570
1779360813.727564 23.350953 11.474823 0.311062 0.039829 -0.700953 0.711665 -0.024729
1779360813.858510 23.367446 11.356880 0.324255 0.043920 -0.692478 0.719786 -0.021274
1779360814.005593 23.392384 11.186397 0.316373 0.038293 -0.703032 0.709275 -0.034754
1779360814.105722 23.394158 11.124705 0.321357 0.038393 -0.701942 0.710822 -0.023160
1779360814.212067 23.390857 11.093310 0.319814 0.035954 -0.702625 0.710507 -0.014298
1779360814.318825 23.343267 10.850811 0.312455 -0.035844 -0.691642 0.720364 0.037708
1779360814.470348 23.351882 10.749840 0.316223 0.025672 0.708004 -0.705512 -0.018009
1779360814.572365 23.413568 10.671294 0.305469 -0.065072 0.709360 -0.701358 0.025879
1779360814.703106 23.496870 10.568988 0.305549 0.145027 -0.688865 0.706687 -0.070888
1779360814.926648 23.572258 10.473766 0.296782 0.181304 -0.673728 0.705470 -0.124627
1779360815.105754 23.642901 10.352887 0.295171 0.191201 -0.684234 0.688744 -0.144563
1779360815.267156 23.616414 10.059558 0.315347 0.021129 -0.700414 0.713267 -0.014941
1779360815.405293 23.513023 9.996010 0.307133 -0.105031 -0.686157 0.717169 0.061849
1779360815.542968 23.464473 9.915407 0.298884 0.160609 0.702362 -0.686893 -0.095240
1779360815.685185 23.411013 9.840746 0.302670 -0.185412 -0.681285 0.694714 0.137280
1779360815.826156 23.344194 9.707609 0.316147 -0.196401 -0.676923 0.690958 0.160560
1779360815.964130 23.332461 9.613825 0.311234 -0.156738 -0.687770 0.694086 0.143700
1779360816.107618 23.298051 9.457958 0.321684 -0.115295 -0.686788 0.704925 0.134577
1779360816.251283 23.261057 9.302171 0.321471 -0.099351 -0.691756 0.705090 0.120217
1779360816.391455 23.237765 9.182302 0.313595 -0.086398 -0.697609 0.701539 0.117135
1779360816.529110 23.207557 9.041760 0.307134 -0.078516 -0.696496 0.706035 0.101211
1779360816.670142 23.178914 8.927242 0.324050 -0.073138 -0.696170 0.707062 0.100309
1779360816.810764 23.163926 8.768363 0.321274 -0.055906 -0.696765 0.710049 0.084989
1779360816.956259 23.188502 8.643855 0.315595 -0.011921 -0.701116 0.711434 0.046444
1779360817.096905 23.209653 8.488848 0.312791 0.020314 -0.701763 0.711836 0.020144
1779360817.249360 23.245912 8.303272 0.310183 0.047954 -0.688351 0.723782 0.003745
1779360817.394382 23.273232 8.139811 0.319318 0.054576 -0.701501 0.710369 -0.017136
1779360817.514817 23.285457 8.045836 0.314045 0.049073 -0.700549 0.711198 -0.031929
1779360817.655499 23.317924 7.886291 0.316775 0.061931 -0.697124 0.713274 -0.037721
1779360817.843301 23.347791 7.717723 0.322135 0.067750 -0.695488 0.714302 -0.038448
1779360818.007004 23.379471 7.550852 0.322026 0.066922 -0.694946 0.714569 -0.044315
1779360818.147555 23.419233 7.370099 0.321300 0.065366 -0.698101 0.710974 -0.053837
1779360818.294034 23.436665 7.248873 0.314110 0.065939 -0.698913 0.710584 -0.047363
1779360818.434035 23.467542 7.105881 0.311695 0.073834 -0.689807 0.718785 -0.045425
1779360818.569303 23.492036 6.975414 0.317072 0.072212 -0.701198 0.707411 -0.051728
1779360818.711720 23.514016 6.844028 0.315068 0.070517 -0.699141 0.709428 -0.054232
1779360818.852887 23.546570 6.704767 0.310066 0.079254 -0.699294 0.708381 -0.053885
1779360819.020122 23.585483 6.555878 0.299673 0.076407 -0.695978 0.711997 -0.053266
1779360819.130768 23.615733 6.435625 0.329463 0.074244 -0.689900 0.717733 -0.058186
1779360819.270639 23.667088 6.335868 0.316062 0.112348 -0.695725 0.703595 -0.091101
1779360819.419552 23.751285 6.267682 0.291850 0.184228 -0.678155 0.695777 -0.148530
1779360819.555899 23.849641 6.181225 0.304201 0.242358 -0.667760 0.677605 -0.190292
1779360819.692259 23.932473 6.097641 0.311458 0.259542 -0.653077 0.675587 -0.222956
1779360819.822845 24.005608 6.051279 0.307779 0.278048 -0.634360 0.678221 -0.245545
1779360819.972826 24.056784 6.033821 0.306740 0.316493 -0.629931 0.661580 -0.255598
1779360820.097260 24.365724 6.008430 0.301887 0.469090 -0.538932 0.571292 -0.403896
1779360820.204918 24.363846 6.050428 0.281138 0.531706 -0.494900 0.525334 -0.443156
1779360820.324980 24.450389 6.140018 0.280707 0.603761 -0.407344 0.449211 -0.517448
1779360820.463943 24.526619 6.248308 0.289064 0.643452 -0.286766 0.376504 -0.601647
1779360820.604072 24.581132 6.325072 0.279438 0.697614 -0.260976 0.317689 -0.586771
1779360820.817596 24.629213 6.446109 0.290085 0.696367 -0.200872 0.256475 -0.639488
1779360820.961843 24.657346 6.539296 0.278119 0.704009 -0.153457 0.215518 -0.659070
1779360821.102535 24.687440 6.739376 0.293819 0.719123 -0.082717 0.130488 -0.677490
1779360821.238081 24.681586 6.868944 0.296954 0.715933 -0.030941 0.081738 -0.692677
1779360821.376186 24.679505 6.966572 0.288394 0.733795 -0.009823 0.057697 -0.676845
1779360821.527049 24.673168 7.122314 0.297822 0.721201 0.003076 0.019989 -0.692431
1779360821.666809 24.717565 7.249916 0.296072 0.719063 -0.032446 0.044347 -0.692770
1779360821.808391 24.748101 7.383532 0.307816 0.706527 -0.049472 0.058763 -0.703505
1779360821.944773 24.791126 7.508795 0.303410 0.718142 -0.084052 0.048010 -0.689131
1779360822.087009 24.844333 7.651353 0.290327 0.728424 -0.086329 0.071556 -0.675889
1779360822.222170 24.884583 7.796352 0.290952 0.721338 -0.070680 0.097089 -0.682092
1779360822.361527 24.923177 7.916626 0.302798 0.715361 -0.084399 0.082071 -0.688767
1779360822.512423 24.935074 8.029395 0.295855 0.726906 -0.052116 0.071523 -0.681011
1779360822.643161 24.945677 8.177805 0.302582 0.719523 -0.036827 0.049902 -0.691694
1779360822.801961 24.956908 8.316666 0.301906 0.715384 -0.025920 0.045063 -0.696795
1779360822.927259 24.964921 8.468160 0.303956 0.719384 -0.017362 0.044494 -0.692968
1779360823.071042 24.989419 8.596709 0.297045 0.725315 -0.039298 0.042042 -0.686008
1779360823.206211 25.033195 8.740715 0.296766 0.718804 -0.061538 0.061416 -0.689755
1779360823.349145 25.064353 8.880748 0.312251 0.704240 -0.060628 0.080449 -0.702779
1779360823.491341 25.109899 9.046204 0.307932 0.714118 -0.084109 0.069736 -0.691446
1779360823.633789 25.142869 9.150532 0.298095 0.720769 -0.084410 0.083684 -0.682909
1779360823.765807 25.172169 9.270064 0.297585 0.714719 -0.078975 0.087988 -0.689346
1779360823.908324 25.217010 9.413097 0.307788 0.703581 -0.082816 0.088235 -0.700236
1779360824.187633 25.229907 9.448189 0.297397 0.715556 -0.089568 0.091954 -0.686660
1779360824.291292 25.291067 9.552909 0.316926 -0.695039 0.113423 -0.137455 0.696536
1779360824.396955 25.299558 9.561310 0.315406 -0.692599 0.119295 -0.141370 0.697201
1779360824.540062 25.311028 9.572592 0.313322 -0.689233 0.127238 -0.146660 0.698040
1779360824.698921 25.323715 9.584985 0.310976 -0.685413 0.136039 -0.152515 0.698886
1779360824.889565 25.585713 9.663747 0.311420 -0.629545 0.335267 -0.300291 0.633321
1779360825.055554 25.651117 9.637795 0.279378 0.601201 -0.412937 0.340613 -0.593316
1779360825.211835 25.765686 9.639994 0.202037 0.618421 -0.519752 0.346441 -0.476857
1779360825.329048 25.889477 9.815147 0.269260 0.619323 -0.364514 0.349940 -0.600925
1779360825.460963 25.969018 9.907926 0.315168 -0.611485 0.322421 -0.337969 0.638677
1779360825.625761 25.996537 9.979780 0.315279 -0.638217 0.272358 -0.309897 0.649973
1779360825.776977 26.021418 10.079895 0.324384 0.673533 -0.205470 0.270519 -0.656472
1779360825.905302 25.970449 10.273524 0.299891 0.714567 -0.031508 0.134085 -0.685874
1779360826.016291 25.864342 10.417060 0.277780 0.728304 0.096601 -0.029406 -0.677773
1779360826.155843 25.802396 10.514866 0.294226 -0.685788 -0.156422 0.088765 0.705229
1779360826.294127 25.785396 10.579832 0.296681 0.700488 0.154293 -0.084781 -0.691608
1779360826.434565 25.769800 10.684861 0.277824 0.705943 0.130535 -0.081183 -0.691386
1779360826.575335 25.755826 10.815902 0.301515 0.706643 0.097349 -0.088642 -0.695213
1779360826.679179 25.754620 10.860614 0.294310 0.712589 0.087261 -0.082628 -0.691213
1779360826.789245 25.734953 10.987024 0.306113 0.705685 0.084717 -0.072629 -0.699683
1779360826.927099 25.712826 11.100271 0.308670 0.706023 0.076083 -0.073651 -0.700227
1779360827.123787 25.686177 11.273073 0.303215 0.710833 0.081147 -0.051239 -0.696783
1779360827.280079 25.642254 11.504257 0.302019 0.708919 0.078621 -0.058023 -0.698488
1779360827.420450 25.615734 11.635614 0.297171 -0.695126 -0.076713 0.054263 0.712720
1779360827.572353 25.601196 11.751196 0.298549 0.712966 0.069452 -0.057790 -0.695354
1779360827.708544 25.579354 11.874137 0.298634 0.709523 0.065633 -0.066306 -0.698479
1779360827.844820 25.557751 11.977977 0.292606 0.705923 0.070211 -0.054141 -0.702717
1779360827.983131 25.526817 12.118977 0.319587 -0.695723 -0.077021 0.051475 0.712311
1779360828.099964 25.508309 12.212619 0.303638 0.709409 0.069513 -0.064824 -0.698359
1779360828.264412 25.475955 12.404176 0.305967 0.708234 0.076031 -0.054556 -0.699748
1779360828.407741 25.450721 12.541390 0.317837 -0.700949 -0.075417 0.056543 0.706955
1779360828.561470 25.425915 12.675904 0.313151 0.705839 0.067742 -0.068094 -0.701830
1779360828.696305 25.415563 12.797819 0.304952 0.710144 0.073372 -0.050147 -0.698425
1779360828.824564 25.390228 12.925672 0.308139 -0.702410 -0.081933 0.047997 0.705410
1779360828.972332 25.366074 13.046624 0.314865 -0.703009 -0.083315 0.053293 0.704270
1779360829.139336 25.351875 13.192474 0.308602 0.707381 0.074045 -0.043865 -0.701573
1779360829.246131 25.350696 13.325229 0.309716 -0.693334 -0.052617 0.020076 0.718412
1779360829.385493 25.368352 13.481300 0.318876 -0.705069 -0.010039 0.017266 0.708858
1779360829.528804 25.390428 13.607132 0.307538 0.710798 -0.008203 0.003599 -0.703339
1779360829.672630 25.400337 13.728515 0.312703 -0.702720 0.006743 -0.019782 0.711159
1779360829.813781 25.417404 13.886874 0.324003 -0.698797 0.012448 -0.027831 0.714670
1779360829.951365 25.432398 14.026500 0.313542 -0.705522 0.016569 -0.038243 0.707462
1779360830.092417 25.442085 14.177289 0.310488 -0.705323 0.018074 -0.033732 0.707852
1779360830.230300 25.460597 14.330755 0.317983 -0.701482 0.018592 -0.040465 0.711294
1779360830.373425 25.475950 14.473350 0.316351 -0.702671 0.016983 -0.042281 0.710055
1779360830.510478 25.487063 14.577062 0.310609 0.707667 -0.018094 0.031810 -0.705598
1779360830.650093 25.462214 14.734358 0.311227 -0.700973 -0.029370 -0.002385 0.712579
1779360830.858217 25.366826 14.881326 0.301474 0.707427 0.131610 -0.068381 -0.691050
1779360831.000683 25.308539 14.949954 0.300552 0.694573 0.177470 -0.114611 -0.687704
1779360831.145430 25.163175 15.054594 0.285382 0.675913 0.269646 -0.193007 -0.658165
1779360831.287715 25.072449 15.122873 0.307004 -0.649030 -0.290895 0.233088 0.663182
1779360831.463989 24.984251 15.193593 0.296114 0.652615 0.311922 -0.245886 -0.645244
1779360831.572666 24.847441 15.299523 0.293907 0.645614 0.317670 -0.274635 -0.637843
1779360831.707910 24.727871 15.384482 0.285104 0.641644 0.323472 -0.285769 -0.634031
1779360831.848209 24.639336 15.419273 0.301201 -0.605158 -0.300105 0.305700 0.671021
1779360831.989546 24.530787 15.468818 0.376793 -0.552468 -0.287895 0.345715 0.701696
1779360832.128749 24.434573 15.524634 0.363221 -0.564693 -0.282733 0.361204 0.686087
1779360832.271023 24.326214 15.608442 0.352323 -0.571174 -0.296877 0.342846 0.684165
1779360832.409449 24.206595 15.698518 0.306151 0.631243 0.323438 -0.315873 -0.630194
1779360832.551404 24.125735 15.756214 0.298984 0.635920 0.319392 -0.323849 -0.623471
1779360832.692887 24.021560 15.842423 0.307780 0.631565 0.320429 -0.320676 -0.628982
1779360832.831754 23.897343 15.937178 0.315343 -0.625743 -0.324842 0.316354 0.634699
1779360832.982828 23.806315 16.005306 0.317118 -0.626347 -0.318357 0.320082 0.635520
1779360833.112588 23.710033 16.122263 0.317914 -0.641595 -0.283202 0.285902 0.653002
1779360833.253276 23.611396 16.238128 0.328054 -0.636291 -0.258515 0.262583 0.677756
1779360833.395952 23.520960 16.371708 0.313876 0.666701 0.237286 -0.253236 -0.659604
1779360833.536542 23.462499 16.475193 0.310051 0.669469 0.227057 -0.230840 -0.668558
1779360833.674633 23.375795 16.594349 0.318391 -0.661040 -0.224297 0.222756 0.680512
1779360833.817685 23.277968 16.736516 0.322220 -0.661703 -0.217709 0.217759 0.683617
1779360833.957663 23.205714 16.854804 0.315909 -0.668307 -0.217158 0.206732 0.680787
1779360834.099445 23.112610 16.981617 0.309331 0.676029 0.213546 -0.216367 -0.671244
1779360834.237620 23.034025 17.101573 0.313318 -0.671472 -0.214342 0.210968 0.677256
1779360834.379936 22.971327 17.208160 0.315779 -0.674224 -0.212542 0.197887 0.679035
1779360834.518962 22.927222 17.340714 0.309316 0.686345 0.166275 -0.175976 -0.685795
1779360834.658908 22.913272 17.501734 0.308957 -0.696597 -0.110791 0.126169 0.697538
1779360834.798406 22.894702 17.625361 0.327600 -0.689051 -0.083556 0.101122 0.712742
1779360834.941661 22.890689 17.802955 0.307188 0.714051 0.032291 -0.075843 -0.695224
1779360835.078067 22.952648 17.947808 0.302497 0.710389 -0.034008 -0.008676 -0.702934
1779360835.219305 22.988521 18.075912 0.303827 -0.703958 0.052204 -0.044462 0.706924
1779360835.359199 23.044538 18.200487 0.317023 -0.697390 0.094728 -0.055003 0.708272
1779360835.504208 23.098265 18.322593 0.302770 0.708891 -0.109006 0.086545 -0.691449
1779360835.642953 23.137932 18.434269 0.302379 0.701418 -0.108626 0.100202 -0.697260
1779360835.745721 23.160049 18.511272 0.309884 0.704086 -0.111746 0.098028 -0.694382
1779360835.852939 23.159348 18.608536 0.299617 0.712469 -0.074470 0.077267 -0.693449
1779360836.006419 23.157170 18.761394 0.311338 -0.705032 0.035489 -0.054347 0.706198
1779360836.137724 23.161401 18.900921 0.327883 -0.695539 0.017250 -0.035826 0.717388
1779360836.280366 23.162620 19.059461 0.308846 0.711888 -0.006130 0.030210 -0.701616
1779360836.415635 23.163946 19.182663 0.303620 0.709012 0.000330 0.014071 -0.705055
1779360836.558634 23.164378 19.324738 0.301207 0.708141 0.007147 0.008709 -0.705981
1779360836.693743 23.163169 19.442589 0.314193 0.707399 0.008202 0.008942 -0.706710
1779360836.835868 23.158610 19.592526 0.306492 0.713920 0.002340 -0.003348 -0.700216
1779360836.976820 23.200149 19.745825 0.305633 0.708988 -0.035634 0.031878 -0.703597
1779360837.116170 23.238890 19.896670 0.322977 -0.689816 0.063392 -0.062292 0.718509
1779360837.261113 23.264270 20.019849 0.315055 0.704856 -0.075286 0.045700 -0.703862
1779360837.434930 23.233508 20.177438 0.309600 0.712005 -0.001422 0.016190 -0.701986
1779360837.547770 23.200654 20.303108 0.311593 0.706813 0.042695 -0.016641 -0.705915
1779360837.690841 23.162284 20.412745 0.297286 -0.699138 -0.075706 0.037876 0.709958
1779360837.851803 23.122523 20.507095 0.303758 0.705939 0.099189 -0.054264 -0.699190
1779360837.964120 23.090516 20.609293 0.305583 -0.696005 -0.103614 0.076952 0.706343
1779360838.107534 23.044523 20.757372 0.317011 -0.691975 -0.112621 0.078203 0.708782
1779360838.247620 23.000056 20.906610 0.309882 0.701173 0.113717 -0.091537 -0.697887
1779360838.386962 22.964038 21.013577 0.304878 0.710021 0.111703 -0.108038 -0.686819
1779360838.525541 22.921801 21.157349 0.293150 0.708885 0.116432 -0.098172 -0.688685
1779360838.666124 22.871593 21.308694 0.311386 0.698415 0.120035 -0.101544 -0.698210
1779360838.806635 22.840306 21.413673 0.306230 0.708300 0.117922 -0.110066 -0.687234
1779360838.946597 22.804990 21.530554 0.298337 0.709193 0.118315 -0.103396 -0.687281
1779360839.086448 22.752381 21.679943 0.303457 0.700127 0.120588 -0.107054 -0.695572
1779360839.236198 22.711358 21.812082 0.313674 0.700032 0.118067 -0.106238 -0.696225
1779360839.371938 22.681272 21.904425 0.301546 0.707731 0.114118 -0.108822 -0.688660
1779360839.511075 22.641938 22.043363 0.302086 0.702100 0.116760 -0.112720 -0.693338
1779360839.649653 22.592255 22.187030 0.311425 -0.695931 -0.122516 0.119559 0.697406
1779360839.787052 22.506254 22.308566 0.302496 0.696947 0.178729 -0.143494 -0.679508
1779360839.925208 22.417813 22.415159 0.310968 -0.679471 -0.208309 0.181612 0.679664
1779360840.069432 22.318332 22.518273 0.301844 0.673304 0.230476 -0.204756 -0.672024
1779360840.212956 22.213298 22.635654 0.304687 -0.659655 -0.243464 0.224420 0.674697
1779360840.352146 22.125508 22.742085 0.327920 -0.646836 -0.241822 0.241609 0.681726
1779360840.491102 22.044017 22.843188 0.314666 -0.658463 -0.247687 0.242182 0.668150
1779360840.651330 21.922096 22.978165 0.313808 -0.654115 -0.250813 0.254022 0.666857
1779360840.774699 21.845898 23.069201 0.332730 -0.644225 -0.247036 0.259216 0.675836
1779360840.914802 21.746422 23.190464 0.319019 -0.655873 -0.253803 0.252130 0.664714
1779360841.055663 21.669538 23.275719 0.312430 -0.656733 -0.256913 0.255817 0.661252
1779360841.192385 21.572911 23.385238 0.311685 -0.655624 -0.257884 0.254728 0.662395
1779360841.339673 21.491489 23.478191 0.317961 -0.653614 -0.260132 0.248274 0.665943
1779360841.477748 21.384354 23.591095 0.315168 -0.654350 -0.260552 0.255149 0.662449
1779360841.623073 21.295307 23.694953 0.308573 0.661014 0.259054 -0.252315 -0.657486
1779360841.757221 21.165837 23.787406 0.311188 -0.648227 -0.288689 0.273228 0.649467
1779360841.896219 21.083968 23.824871 0.316954 -0.627992 -0.324335 0.306770 0.637436
1779360842.036742 20.978037 23.888124 0.299879 0.626044 0.356861 -0.310382 -0.619985
1779360842.175661 20.836040 23.966344 0.300561 -0.613077 -0.363287 0.334127 0.616862
1779360842.321352 20.705087 24.038196 0.324023 -0.597662 -0.363968 0.347964 0.623898
1779360842.464114 20.611300 24.094976 0.308333 0.611710 0.368997 -0.349265 -0.606355
1779360842.600359 20.471608 24.162561 0.306175 0.607552 0.371864 -0.358737 -0.603245
1779360842.746480 20.344624 24.233217 0.305000 -0.601265 -0.371948 0.359276 0.609143
1779360842.882355 20.250205 24.283078 0.316709 -0.598931 -0.372679 0.358617 0.611381
1779360843.020254 20.104712 24.350127 0.313266 0.603850 0.374411 -0.365716 -0.601193
1779360843.160120 20.006225 24.404179 0.309063 -0.602281 -0.377765 0.359927 0.604155
1779360843.303221 19.889045 24.469496 0.303534 -0.602492 -0.380184 0.359177 0.602873
1779360843.445207 19.772037 24.534237 0.319316 -0.594621 -0.376231 0.366902 0.608489
1779360843.584208 19.646712 24.604186 0.307944 -0.602325 -0.381560 0.358559 0.602538
1779360843.724608 19.507054 24.671166 0.311436 -0.592271 -0.379779 0.369083 0.607256
1779360843.868356 19.361515 24.741841 0.320104 -0.589116 -0.379863 0.374986 0.606656
1779360844.006236 19.227240 24.778307 0.308001 -0.576577 -0.420509 0.387752 0.583420
1779360844.110551 19.122134 24.772782 0.304726 -0.553617 -0.448691 0.420053 0.561907
1779360844.216616 18.985893 24.769152 0.308292 -0.513141 -0.481681 0.456744 0.544109
1779360844.362572 18.894458 24.758807 0.297142 -0.500625 -0.516233 0.462550 0.518580
1779360844.497161 18.757118 24.748204 0.298000 0.485333 0.523969 -0.487076 -0.502658
1779360844.666332 18.632726 24.739951 0.306070 0.469701 0.524023 -0.505353 -0.499399
1779360844.805000 18.510964 24.729058 0.310967 0.472813 0.534986 -0.501526 -0.488579
1779360844.919746 18.390582 24.714554 0.306842 0.472547 0.535650 -0.511076 -0.478099
1779360845.062354 18.242647 24.704738 0.307068 0.467842 0.533592 -0.516133 -0.479593
1779360845.202028 18.098472 24.690767 0.308806 0.467068 0.538683 -0.515857 -0.474932
1779360845.340998 18.038076 24.682152 0.302947 0.469933 0.540068 -0.519900 -0.466040
1779360845.482792 17.880923 24.668668 0.301918 0.469302 0.540246 -0.516244 -0.470512
1779360845.620239 17.713368 24.646890 0.306925 0.462424 0.543430 -0.515183 -0.474800
1779360845.781510 17.572594 24.634822 0.317594 0.460626 0.538460 -0.524285 -0.472239
1779360845.905237 17.484315 24.629204 0.302903 0.468024 0.545108 -0.514213 -0.468397
1779360846.048607 17.349442 24.610327 0.302287 0.461671 0.544137 -0.521450 -0.467830
1779360846.187871 17.227216 24.598690 0.315457 0.461897 0.538932 -0.526862 -0.467568
1779360846.324881 17.075763 24.579478 0.308256 0.462908 0.540722 -0.519646 -0.472550
1779360846.462660 16.924058 24.557552 0.306254 0.464598 0.538196 -0.527525 -0.464985
1779360846.602909 16.772811 24.543316 0.308934 -0.457983 -0.531125 0.532189 0.474271
1779360846.749661 16.679396 24.533669 0.315392 0.458843 0.535491 -0.527406 -0.473873
1779360846.883569 16.521595 24.532948 0.307457 0.480753 0.522912 -0.520448 -0.473891
1779360847.026566 16.379682 24.579564 0.305248 0.518741 0.481142 -0.494814 -0.504549
1779360847.132297 16.268057 24.611121 0.321383 0.530313 0.453309 -0.481804 -0.530229
1779360847.236131 16.168385 24.639179 0.306230 0.555988 0.444221 -0.471823 -0.520508
1779360847.379058 16.026189 24.694423 0.308125 0.563469 0.434013 -0.453109 -0.537428
1779360847.485147 15.960457 24.716451 0.300808 0.566928 0.439365 -0.441162 -0.539377
1779360847.605560 15.850712 24.729482 0.301109 0.551213 0.449912 -0.450493 -0.539258
1779360847.727745 15.687380 24.763133 0.323276 -0.537230 -0.450768 0.454148 0.549492
1779360847.900614 15.578727 24.815649 0.314235 -0.561971 -0.433091 0.421471 0.564785
1779360848.012281 15.465824 24.868593 0.295755 0.585504 0.414805 -0.413610 -0.560401
1779360848.173423 15.332470 24.945503 0.297316 0.593909 0.396149 -0.399913 -0.574811
1779360848.291659 15.238903 24.994942 0.309823 0.590875 0.389417 -0.394003 -0.586500
1779360848.435039 15.094417 25.042077 0.318413 -0.575397 -0.398500 0.414881 0.581369
1779360848.596500 14.967498 25.054435 0.306664 -0.552892 -0.439455 0.422624 0.567960
1779360848.712057 14.830747 25.068594 0.297550 -0.547485 -0.462431 0.430936 0.548372
1779360848.850236 14.672431 25.089107 0.317482 -0.529225 -0.465808 0.450474 0.547738
1779360848.994287 14.573080 25.100019 0.309769 -0.530723 -0.473520 0.452398 0.538004
1779360849.160112 14.402012 25.115012 0.308900 0.526773 0.478586 -0.465825 -0.525807
1779360849.288117 14.284469 25.127622 0.320486 -0.517494 -0.477405 0.469489 0.532790
1779360849.453015 14.177544 25.141059 0.309351 -0.522141 -0.485144 0.462835 0.527056
1779360849.573737 14.025045 25.145197 0.307819 0.519246 0.489815 -0.474176 -0.515385
1779360849.693351 13.901702 25.118810 0.306451 -0.484007 -0.505685 0.506671 0.503293
1779360849.835031 13.779733 25.078978 0.304348 0.462793 0.543723 -0.515511 -0.473746
1779360849.974762 13.639046 25.050180 0.322882 -0.440498 -0.539360 0.543449 0.468739
1779360850.115562 13.495639 25.061996 0.322791 -0.480164 -0.510078 0.520274 0.488444
1779360850.259749 13.358356 25.098122 0.312172 0.518495 0.473788 -0.501929 -0.504733
1779360850.398973 13.223303 25.136357 0.309283 0.543446 0.459543 -0.476613 -0.516068
1779360850.536193 13.128605 25.174325 0.299901 0.559323 0.452070 -0.453476 -0.526451
1779360850.679359 12.958917 25.219766 0.304214 0.552721 0.447759 -0.444902 -0.544126
1779360850.825271 12.811010 25.263497 0.312261 -0.552972 -0.443952 0.436059 0.554059
1779360850.976697 12.653516 25.304178 0.313964 -0.549121 -0.440608 0.430740 0.564619
1779360851.099741 12.547325 25.335590 0.308776 0.559556 0.439502 -0.432565 -0.553735
1779360851.253308 12.403066 25.380500 0.305744 0.563835 0.436958 -0.430166 -0.553276
1779360851.382742 12.283422 25.412082 0.303426 -0.557580 -0.436862 0.429744 0.559979
1779360851.521925 12.195842 25.438767 0.315085 0.559443 0.434506 -0.433865 -0.556767
1779360851.663278 12.078891 25.473275 0.302697 0.567636 0.442001 -0.422483 -0.551300
1779360851.805290 11.913117 25.515108 0.305907 -0.557344 -0.445816 0.423246 0.558103
1779360851.945027 11.770236 25.546385 0.299798 0.558306 0.443702 -0.425998 -0.556730
1779360852.087983 11.644419 25.572067 0.305133 0.559593 0.444968 -0.421651 -0.557737
1779360852.234043 11.509662 25.606329 0.304254 0.558548 0.442911 -0.431309 -0.553016
1779360852.366435 11.378255 25.648573 0.313151 0.558034 0.435542 -0.434074 -0.557209
1779360852.514389 11.241966 25.686580 0.316286 -0.553419 -0.435535 0.428911 0.565749
1779360852.667955 11.102733 25.716897 0.308540 0.561270 0.438313 -0.434729 -0.551242
1779360852.787732 10.976497 25.716805 0.299176 -0.537311 -0.463028 0.456022 0.537537
1779360852.927888 10.872991 25.709186 0.305941 0.521723 0.486057 -0.469256 -0.520915
1779360853.069761 10.742781 25.702722 0.320452 -0.497341 -0.492260 0.487963 0.521750
1779360853.208684 10.627451 25.702463 0.304729 -0.495969 -0.510875 0.480871 0.511649
1779360853.352494 10.459143 25.689358 0.309372 -0.481354 -0.512535 0.488230 0.516949
1779360853.492148 10.339344 25.689104 0.318393 -0.483243 -0.506493 0.502049 0.507826
1779360853.630356 10.198120 25.682992 0.314301 0.487131 0.510267 -0.501799 -0.500528
1779360853.772290 10.074017 25.675146 0.312883 0.486214 0.512656 -0.508672 -0.491967
1779360853.911989 9.949839 25.676954 0.317353 0.484717 0.512178 -0.506428 -0.496239
1779360854.051845 9.828234 25.674621 0.318744 0.483553 0.510893 -0.507047 -0.498064
1779360854.195491 9.679940 25.662910 0.310716 0.491973 0.513803 -0.510060 -0.483538
1779360854.334045 9.560679 25.624092 0.305315 0.463857 0.540272 -0.521267 -0.470344
1779360854.484284 9.445946 25.572125 0.306840 0.435507 0.560448 -0.544258 -0.447230
1779360854.616015 9.313341 25.522017 0.304103 -0.407807 -0.566300 0.566435 0.438349
1779360854.753679 9.225983 25.482022 0.309126 0.403455 0.577527 -0.565786 -0.428453
1779360854.895713 9.099630 25.426822 0.310161 0.394185 0.580939 -0.579329 -0.414132
1779360855.036427 8.962384 25.375101 0.322821 -0.388718 -0.579342 0.585929 0.412249
1779360855.187046 8.860945 25.337833 0.318805 -0.389900 -0.582563 0.585668 0.406929
1779360855.323686 8.749819 25.293396 0.314330 -0.390276 -0.581440 0.591992 0.398947
1779360855.473817 8.597511 25.239431 0.316354 -0.386141 -0.582535 0.588724 0.406144
1779360855.603439 8.464128 25.190109 0.318539 -0.391361 -0.583554 0.586267 0.403228
1779360855.767928 8.348975 25.144564 0.315315 -0.395731 -0.580146 0.593270 0.393520
1779360855.880938 8.210800 25.097666 0.313091 -0.393762 -0.579682 0.590412 0.400417
1779360856.024107 8.076686 25.047848 0.315405 0.393971 0.584063 -0.582951 -0.404754
1779360856.171055 7.959664 24.999331 0.315565 -0.394337 -0.583326 0.585559 0.401683
1779360856.303281 7.822570 24.950013 0.305711 0.396371 0.590282 -0.576159 -0.403110
1779360856.440197 7.668958 24.889764 0.308747 0.388679 0.587314 -0.581006 -0.407949
1779360856.584256 7.538192 24.838357 0.324004 0.384317 0.586342 -0.585001 -0.407771
1779360856.722054 7.434192 24.801050 0.311853 0.390262 0.584556 -0.584304 -0.405684
1779360856.864545 7.286877 24.739244 0.317715 -0.386548 -0.582036 0.590003 0.404613
1779360857.003953 7.150862 24.688446 0.324651 -0.388895 -0.577932 0.595180 0.400644
1779360857.143446 7.034321 24.650551 0.316600 0.396250 0.588666 -0.579226 -0.401191
1779360857.285402 6.909447 24.599923 0.304087 0.395807 0.589481 -0.583297 -0.394480
1779360857.422374 6.770460 24.592047 0.319158 -0.418324 -0.565742 0.568347 0.426523
1779360857.582496 6.648560 24.601091 0.319250 0.443587 0.542784 -0.542612 -0.462806
1779360857.708477 6.522487 24.601650 0.304860 -0.476169 -0.524568 0.538195 0.456550
1779360857.861878 6.365809 24.606989 0.305895 -0.486598 -0.513272 0.526206 0.472102
1779360857.986922 6.233701 24.607403 0.327319 -0.479175 -0.501208 0.528171 0.490119
1779360858.128698 6.106604 24.611127 0.320771 -0.491722 -0.501875 0.515460 0.490542
1779360858.271446 5.969795 24.659816 0.319936 -0.525000 -0.461151 0.481696 0.528852
1779360858.409352 5.822003 24.710397 0.318660 -0.544750 -0.430450 0.463768 0.550344
1779360858.565667 5.687331 24.772878 0.308626 0.580865 0.416150 -0.439686 -0.544143
1779360858.692806 5.624312 24.807958 0.297636 0.592526 0.411312 -0.414410 -0.554978
1779360858.832684 5.507233 24.856251 0.301719 0.582825 0.405718 -0.409402 -0.572798
1779360858.972219 5.376326 24.916416 0.315735 0.582925 0.396899 -0.406067 -0.581187
1779360859.132015 5.222728 24.977898 0.316605 -0.578538 -0.395288 0.397138 0.592725
1779360859.252707 5.109431 25.011383 0.314331 -0.576742 -0.407851 0.407181 0.578990
1779360859.391051 4.952548 25.038619 0.312321 -0.554885 -0.427916 0.431879 0.567865
1779360859.532929 4.790255 25.064245 0.319499 -0.546400 -0.446543 0.438364 0.556672
1779360859.675121 4.667382 25.082188 0.313715 -0.541748 -0.454374 0.451716 0.544064
1779360859.817943 4.554163 25.099547 0.302332 0.539851 0.464581 -0.450587 -0.538234
1779360859.956604 4.385475 25.115499 0.311737 -0.528447 -0.465588 0.461693 0.539269
1779360860.095128 4.295444 25.131875 0.311488 -0.531625 -0.464558 0.464885 0.534268
1779360860.243774 4.170006 25.149747 0.308261 0.534489 0.468701 -0.459811 -0.532180
1779360860.375949 4.029823 25.160091 0.305702 -0.526176 -0.469373 0.467620 0.533066
1779360860.515088 3.883529 25.178885 0.322749 -0.519368 -0.467181 0.469999 0.539537
1779360860.662126 3.779610 25.195370 0.314313 -0.522297 -0.467426 0.464842 0.540963
1779360860.800975 3.656509 25.209386 0.310857 -0.524611 -0.468279 0.469620 0.533812
1779360860.953043 3.499090 25.234315 0.307972 0.529305 0.468757 -0.468989 -0.529294
1779360861.083067 3.393009 25.247280 0.314996 -0.524314 -0.470182 0.468951 0.533019
1779360861.219848 3.264414 25.227631 0.314559 -0.503418 -0.490130 0.492440 0.513660
1779360861.358151 3.161287 25.178299 0.308195 0.461458 0.531659 -0.517801 -0.486084
1779360861.505411 2.994732 25.113584 0.305714 0.435226 0.563144 -0.537215 -0.452601
1779360861.639553 2.904985 25.066264 0.317610 0.415056 0.569905 -0.559244 -0.436100
1779360861.783208 2.806422 25.027769 0.309538 0.405088 0.585716 -0.564019 -0.417999
1779360861.922704 2.690112 24.908895 0.315582 0.345524 0.616097 -0.599710 -0.376013
1779360862.061486 2.609526 24.791130 0.307519 0.282811 0.639095 -0.635472 -0.328255
1779360862.206581 2.608376 24.684651 0.313507 0.202078 0.673907 -0.665115 -0.250271
1779360862.347690 2.573681 24.531513 0.313925 -0.137453 -0.685934 0.690170 0.185112
1779360862.487596 2.608024 24.477749 0.292439 0.070212 0.710182 -0.687380 -0.134986
1779360862.614790 2.613324 24.346889 0.295123 0.024262 0.707845 -0.698258 -0.103941
1779360862.761343 2.608286 24.196926 0.312662 -0.002241 -0.686124 0.724807 0.062312
1779360862.915798 2.614777 24.075841 0.316886 0.012194 -0.699977 0.712913 0.040482
1779360863.048423 2.627894 23.921870 0.313296 0.014633 -0.703039 0.710933 0.009794
1779360863.186822 2.633347 23.766899 0.317344 0.024287 -0.696321 0.717280 0.007523
1779360863.327679 2.633191 23.650482 0.321120 0.025125 -0.704839 0.708918 0.002307
1779360863.473536 2.655994 23.541597 0.317671 -0.046936 0.706472 -0.705660 0.027171
1779360863.610396 2.730264 23.425761 0.302585 0.120561 -0.693894 0.706940 -0.064903
1779360863.747842 2.840480 23.305102 0.307441 -0.203327 0.687591 -0.685322 0.127320
1779360863.905337 2.982137 23.257926 0.306681 0.309591 -0.643881 0.659645 -0.233323
1779360864.032638 3.100803 23.253362 0.288103 -0.401886 0.616531 -0.612988 0.287443
1779360864.171697 3.246571 23.219898 0.292670 0.429461 -0.579293 0.601535 -0.343713
1779360864.324588 3.364388 23.200360 0.294759 0.443903 -0.559609 0.581800 -0.388969
1779360864.453046 3.449342 23.148248 0.298385 0.417528 -0.573869 0.594490 -0.378057
1779360864.593188 3.508628 23.097581 0.295329 -0.392635 0.606209 -0.582803 0.372409
1779360864.744449 3.630531 23.010283 0.304225 -0.375063 0.612827 -0.596717 0.357351
1779360864.872767 3.738646 22.937831 0.311868 -0.367815 0.610366 -0.608639 0.348889
1779360865.014710 3.837265 22.878198 0.309332 -0.361136 0.614762 -0.608129 0.349039
1779360865.155657 3.954094 22.828783 0.300879 0.392773 -0.601335 0.602635 -0.347787
1779360865.299759 4.112971 22.810771 0.306012 0.433687 -0.564024 0.586873 -0.386488
1779360865.442591 4.267616 22.794096 0.322100 0.453528 -0.534401 0.571722 -0.426452
1779360865.575599 4.369502 22.787775 0.303833 0.485139 -0.533929 0.550896 -0.419612
1779360865.718280 4.505129 22.758429 0.302683 0.470790 -0.541067 0.548199 -0.430210
1779360865.865683 4.635304 22.719153 0.300914 0.455998 -0.543758 0.560760 -0.426545
1779360865.997682 4.762755 22.687875 0.311055 0.449526 -0.550264 0.563831 -0.420988
1779360866.138870 4.905206 22.609019 0.302570 -0.411074 0.589457 -0.563216 0.407855
1779360866.277504 5.029189 22.519381 0.301565 -0.371985 0.610689 -0.585910 0.381307
1779360866.417801 5.142583 22.443478 0.314206 0.357634 -0.604762 0.614680 -0.358509
1779360866.560430 5.275446 22.350617 0.311664 -0.345183 0.625061 -0.606882 0.349057
1779360866.704361 5.394671 22.255149 0.305159 -0.338607 0.629979 -0.614730 0.332533
1779360866.838814 5.514697 22.170681 0.310747 0.336021 -0.621047 0.626518 -0.329949
1779360866.980430 5.614582 22.094255 0.322533 0.330723 -0.619478 0.632018 -0.327754
1779360867.122802 5.686472 22.028008 0.306660 -0.334817 0.629918 -0.627248 0.312507
1779360867.262131 5.794168 21.950412 0.302836 0.341030 -0.621870 0.633615 -0.309045
1779360867.400834 5.893245 21.870689 0.320096 0.326970 -0.620482 0.635561 -0.322729
1779360867.542881 5.998568 21.784756 0.308128 -0.332683 0.631404 -0.628049 0.310169
1779360867.683827 6.099509 21.715833 0.303149 -0.331805 0.630717 -0.624845 0.318857
1779360867.821790 6.211426 21.627654 0.314443 0.328607 -0.624248 0.633298 -0.318224
1779360867.963826 6.330820 21.537857 0.314093 0.333582 -0.622099 0.635424 -0.312974
1779360868.105586 6.450970 21.456219 0.311530 0.331255 -0.626794 0.628357 -0.320260
1779360868.248664 6.580942 21.357805 0.309769 0.335628 -0.624249 0.633691 -0.310006
1779360868.391421 6.706816 21.270398 0.311973 0.333547 -0.614046 0.643006 -0.313428
1779360868.527982 6.826035 21.185677 0.314459 0.328069 -0.626325 0.629121 -0.322947
1779360868.671010 6.925424 21.106155 0.306828 0.334379 -0.627349 0.631214 -0.310151
1779360868.812904 7.073953 21.003257 0.310514 0.335079 -0.618919 0.636048 -0.316393
1779360868.946176 7.176976 20.929319 0.321523 0.329983 -0.621301 0.632310 -0.324470
1779360869.086681 7.266150 20.860898 0.307466 0.335735 -0.627981 0.628734 -0.312434
1779360869.231717 7.396217 20.778204 0.308775 0.336637 -0.623476 0.629521 -0.318836
1779360869.371032 7.497989 20.676655 0.316165 0.319072 -0.629977 0.642614 -0.297272
1779360869.510557 7.549435 20.540417 0.314265 0.239219 -0.654013 0.680401 -0.228245
1779360869.652863 7.548555 20.390086 0.315928 -0.119939 0.695986 -0.688048 0.166755
1779360869.790424 7.509682 20.241496 0.313242 -0.031466 0.705393 -0.705061 0.065726
1779360869.930252 7.476792 20.123743 0.309087 -0.021249 -0.692537 0.721058 -0.003886
1779360870.067485 7.432364 19.987136 0.316898 -0.075991 -0.701363 0.708650 0.011419
1779360870.212997 7.382790 19.877691 0.307717 -0.093448 -0.699705 0.706095 0.055773
1779360870.355658 7.338854 19.736842 0.315874 -0.083773 -0.691225 0.712915 0.083319
1779360870.494459 7.340859 19.615361 0.338315 -0.049961 -0.682838 0.727350 0.046884
1779360870.637432 7.350817 19.482776 0.315894 -0.007987 -0.706010 0.707600 0.028059
1779360870.773877 7.365369 19.324476 0.318592 0.012376 -0.697998 0.715980 0.004338
1779360870.913461 7.366008 19.176771 0.324173 0.005549 -0.696802 0.717165 0.010519
1779360871.053957 7.344845 19.035581 0.321670 -0.014112 -0.692118 0.720356 0.043143
1779360871.194545 7.320998 18.927246 0.307915 -0.048797 -0.704702 0.707070 0.032653
1779360871.341255 7.333119 18.802789 0.306243 -0.014846 -0.706476 0.707354 0.017939
1779360871.478067 7.348716 18.658789 0.319941 0.015869 -0.699907 0.714019 0.007501
1779360871.618829 7.363083 18.522284 0.323285 0.027253 -0.697592 0.715897 -0.010717
1779360871.759609 7.382120 18.358962 0.311701 0.036742 -0.705736 0.707290 -0.018128
1779360871.899823 7.389390 18.190176 0.311151 0.029853 -0.701117 0.712112 -0.020965
1779360872.036678 7.340240 18.050224 0.311319 0.022919 0.707155 -0.706013 -0.030853
1779360872.176859 7.275830 17.907096 0.318252 -0.084732 -0.692945 0.711600 0.079204
1779360872.319872 7.194292 17.785785 0.307037 -0.160374 -0.693511 0.695252 0.099735
1779360872.460396 7.093799 17.674534 0.302751 -0.195787 -0.684121 0.685000 0.156274
1779360872.602197 7.001649 17.554557 0.315968 -0.207614 -0.662887 0.691945 0.196696
1779360872.745255 6.893060 17.434025 0.315152 0.237196 0.670170 -0.669931 -0.214015
1779360872.885601 6.766172 17.351641 0.314585 -0.278098 -0.648126 0.659259 0.260716
1779360873.021638 6.639421 17.259712 0.306178 -0.311032 -0.638041 0.646255 0.280208
1779360873.161222 6.488916 17.205701 0.303117 0.361901 0.622450 -0.617000 -0.317639
1779360873.304135 6.356065 17.171113 0.310488 -0.381869 -0.589178 0.613117 0.362123
1779360873.452228 6.260170 17.150950 0.305138 -0.404903 -0.583472 0.596752 0.373498
1779360873.586712 6.129490 17.118066 0.311314 -0.410063 -0.580767 0.581911 0.394889
1779360873.725015 5.984821 17.075524 0.314265 -0.406905 -0.575248 0.576642 0.413523
1779360873.869487 5.833318 17.023965 0.308839 0.417537 0.577682 -0.571646 -0.406408
1779360874.005389 5.687053 16.981127 0.305807 0.421794 0.572576 -0.571298 -0.409713
1779360874.156029 5.539358 16.929011 0.317045 -0.410747 -0.567556 0.575424 0.421965
1779360874.287920 5.442089 16.901518 0.314878 -0.421064 -0.569418 0.573672 0.411544
1779360874.430098 5.352872 16.876712 0.305058 0.420093 0.576934 -0.561029 -0.419422
1779360874.571274 5.196126 16.826523 0.309862 0.413205 0.571612 -0.569909 -0.421575
1779360874.711776 5.081357 16.784594 0.314156 0.413755 0.575410 -0.566196 -0.420871
1779360874.852737 4.955146 16.748944 0.311718 0.413110 0.575441 -0.561294 -0.427968
1779360874.991490 4.816035 16.737944 0.308584 -0.445084 -0.549871 0.552933 0.440235
1779360875.132315 4.658318 16.740718 0.313362 0.474775 0.530819 -0.524623 -0.466467
1779360875.270445 4.538978 16.740457 0.315497 -0.482586 -0.513415 0.516270 0.486807
1779360875.414695 4.385341 16.737662 0.306909 -0.502707 -0.504849 0.511700 0.480184
1779360875.583009 4.287142 16.739789 0.316839 -0.503910 -0.500808 0.504808 0.490342
1779360875.695098 4.071223 16.747325 0.326681 -0.493615 -0.492573 0.499586 0.513935
1779360875.837684 3.917420 16.746223 0.311774 0.510073 0.498525 -0.491699 -0.499530
1779360875.995778 3.756870 16.753469 0.310805 -0.505887 -0.499147 0.483738 0.510811
1779360876.122066 3.613718 16.749978 0.313196 -0.496657 -0.495327 0.491455 0.516193
1779360876.256606 3.463554 16.749932 0.314064 0.506527 0.502723 -0.486272 -0.504222
1779360876.397670 3.346755 16.754455 0.309645 0.506825 0.501963 -0.484425 -0.506452
1779360876.543104 3.203480 16.751158 0.303814 -0.502781 -0.500519 0.492345 0.504271
1779360876.714025 3.037431 16.753491 0.309314 0.508510 0.501317 -0.491585 -0.498441
1779360876.819927 2.922656 16.751704 0.314295 -0.502103 -0.500523 0.491621 0.505646
1779360876.958584 2.750837 16.749454 0.305900 0.504489 0.506216 -0.490561 -0.498584
1779360877.116944 2.577171 16.750873 0.307369 0.501508 0.508356 -0.485286 -0.504540
1779360877.242183 2.442260 16.743271 0.316963 -0.488065 -0.505800 0.490273 0.515356
1779360877.380250 2.283265 16.739624 0.307181 0.499519 0.511886 -0.490159 -0.498195
1779360877.520878 2.131326 16.736586 0.304746 0.496613 0.509302 -0.491927 -0.501991
1779360877.660925 1.971041 16.724052 0.316015 -0.481248 -0.504736 0.500915 0.512568
1779360877.802560 1.822239 16.718936 0.312471 -0.498924 -0.504722 0.505127 0.491098
1779360877.942788 1.681195 16.720810 0.312045 0.499571 0.503282 -0.501105 -0.496014
1779360878.084548 1.527909 16.713999 0.316015 -0.491960 -0.503784 0.505176 0.498973
1779360878.241825 1.344099 16.707268 0.308492 0.494291 0.511059 -0.498144 -0.496335
1779360878.363545 1.232425 16.703612 0.311822 0.492753 0.506585 -0.499643 -0.500922
1779360878.505593 1.113404 16.705077 0.304646 0.486886 0.510679 -0.500343 -0.501802
1779360878.649610 0.975938 16.702494 0.327514 0.484430 0.506569 -0.506550 -0.502118
1779360878.786206 0.835262 16.702441 0.317277 0.489262 0.510664 -0.497640 -0.502195
1779360878.931211 0.668287 16.689769 0.305191 0.498565 0.512600 -0.501783 -0.486712
1779360879.065932 0.527759 16.687373 0.304389 0.497903 0.509545 -0.503463 -0.488857
1779360879.207066 0.385381 16.679860 0.312768 0.487601 0.508961 -0.505425 -0.497744
1779360879.345690 0.283478 16.677681 0.306496 0.497682 0.512777 -0.505514 -0.483558
1779360879.484760 0.149718 16.676260 0.302647 0.494044 0.518520 -0.495363 -0.491602
1779360879.625234 0.008254 16.665837 0.315998 0.482125 0.512546 -0.503542 -0.501296
1779360879.772189 -0.150096 16.655776 0.313964 0.492047 0.513383 -0.507942 -0.486131
1779360879.910591 -0.297370 16.653238 0.310723 0.492705 0.511585 -0.508169 -0.487121
1779360880.050277 -0.430770 16.643456 0.308656 0.484750 0.515694 -0.507239 -0.491718
1779360880.192137 -0.567212 16.641832 0.324103 -0.483208 -0.509581 0.513554 0.493051
1779360880.330204 -0.673041 16.633929 0.315244 0.485422 0.510841 -0.509316 -0.493967
1779360880.472844 -0.828711 16.623145 0.308375 -0.490104 -0.512419 0.514152 0.482569
1779360880.612136 -0.982494 16.616044 0.311599 -0.493052 -0.507231 0.518797 0.480069
1779360880.754727 -1.129355 16.602832 0.324836 -0.480327 -0.505569 0.520181 0.493050
1779360880.895262 -1.282321 16.589459 0.314211 0.490225 0.514466 -0.513820 -0.480617
1779360881.040516 -1.410509 16.583628 0.304420 0.487937 0.522413 -0.502614 -0.486191
1779360881.180254 -1.568503 16.569846 0.314451 0.476220 0.515878 -0.514025 -0.492811
1779360881.317993 -1.693096 16.562574 0.313728 0.485893 0.519194 -0.513501 -0.480273
1779360881.456551 -1.833962 16.556744 0.310424 0.484375 0.520402 -0.508247 -0.486053
1779360881.596572 -1.980354 16.541302 0.306388 0.480545 0.520308 -0.514487 -0.483383
1779360881.736014 -2.101549 16.537154 0.318105 0.480131 0.520422 -0.514939 -0.483191
1779360881.879743 -2.218076 16.527627 0.311879 0.478455 0.523947 -0.509451 -0.486848
1779360882.019453 -2.364532 16.511578 0.306569 0.478787 0.524138 -0.515639 -0.479748
1779360882.163495 -2.514618 16.501031 0.310557 0.475898 0.523890 -0.515070 -0.483491
1779360882.305409 -2.662208 16.486009 0.318231 0.475386 0.521137 -0.518782 -0.483001
1779360882.444269 -2.796502 16.466377 0.311200 0.479308 0.525739 -0.518758 -0.474081
1779360882.578696 -2.938330 16.465634 0.309963 0.490102 0.514453 -0.509621 -0.485206
1779360882.798036 -3.085106 16.524595 0.312903 -0.520986 -0.443103 0.472843 0.555565
1779360882.931691 -3.214212 16.688969 0.314073 0.631762 0.329886 -0.359312 -0.602450
1779360883.097226 -3.266930 16.804951 0.290252 0.665445 0.258624 -0.270605 -0.645809
1779360883.211060 -3.321943 16.902613 0.290088 0.703272 0.215552 -0.232536 -0.636297
1779360883.397500 -3.355666 17.076682 0.284870 0.704832 0.143879 -0.133486 -0.681683
1779360883.499232 -3.319098 17.215603 0.304403 0.714062 0.027143 -0.076383 -0.695374
1779360883.637249 -3.219968 17.324089 0.304399 0.711725 -0.096466 0.061318 -0.693096
1779360883.776948 -3.081605 17.329193 0.304356 -0.658238 0.243170 -0.189878 0.686686
1779360883.916817 -3.007852 17.386939 0.266467 0.676238 -0.325701 0.221781 -0.622442
1779360884.054546 -2.918154 17.430865 0.291060 -0.628372 0.346794 -0.283265 0.636116
1779360884.196460 -2.821839 17.486477 0.289598 0.625472 -0.375617 0.285342 -0.621511
1779360884.337930 -2.699608 17.530337 0.285319 0.621341 -0.382030 0.317155 -0.606136
1779360884.478339 -2.567012 17.589891 0.286021 0.616635 -0.369489 0.353036 -0.598836
1779360884.618044 -2.470737 17.650613 0.306751 0.617185 -0.362576 0.349865 -0.604331
1779360884.760049 -2.412136 17.750596 0.298582 0.664681 -0.294225 0.310873 -0.612363
1779360884.900880 -2.393142 17.906259 0.311252 0.691209 -0.176566 0.235668 -0.659936
1779360885.042328 -2.436572 17.984695 0.284196 0.725626 -0.067215 0.150346 -0.668090
1779360885.187845 -2.431793 18.128030 0.286256 0.721379 -0.020472 0.100129 -0.684958
1779360885.323333 -2.388205 18.252464 0.304712 0.708420 -0.051026 0.120482 -0.693557
1779360885.465700 -2.296479 18.360688 0.318559 -0.683674 0.145627 -0.200850 0.686325
1779360885.607108 -2.158887 18.414786 0.315165 -0.646598 0.278454 -0.235299 0.670081
1779360885.744846 -2.036234 18.451904 0.301366 0.627529 -0.363573 0.315402 -0.612000
1779360885.900048 -1.918294 18.456182 0.307951 -0.577016 0.409567 -0.382023 0.594446
1779360886.027995 -1.792607 18.485241 0.301015 0.570504 -0.448922 0.397111 -0.561513
1779360886.163056 -1.661342 18.452182 0.294683 0.525764 -0.495037 0.454328 -0.521629
1779360886.305337 -1.532225 18.405442 0.290700 -0.472421 0.539832 -0.486404 0.498809
1779360886.445235 -1.379396 18.343142 0.292815 -0.444862 0.563633 -0.520474 0.462084
1779360886.617572 -1.231104 18.283083 0.312142 -0.423206 0.562518 -0.557493 0.440082
1779360886.727508 -1.131043 18.249732 0.307534 -0.419308 0.578656 -0.551267 0.430631
1779360886.867146 -1.121442 18.246024 0.308563 -0.418952 0.578381 -0.552963 0.429169
1779360887.009622 -1.111650 18.242243 0.309616 -0.418587 0.578098 -0.554691 0.427675
1779360887.148845 -1.102084 18.238550 0.310647 -0.418228 0.577819 -0.556376 0.426212
1779360887.291532 -1.092284 18.234767 0.311707 -0.417857 0.577529 -0.558100 0.424711
1779360887.456664 -1.080946 18.230393 0.312938 -0.417425 0.577190 -0.560091 0.422972
1779360887.582831 -0.856274 18.140278 0.311079 0.408279 -0.571089 0.583312 -0.408549
1779360887.721854 -0.576349 18.055729 0.307060 -0.415537 0.585294 -0.576719 0.390072
1779360887.863415 -0.469516 18.037091 0.284245 -0.428671 0.588883 -0.557191 0.398743
1779360887.993840 -0.360916 18.060535 0.305403 -0.457994 0.546579 -0.542820 0.443666
1779360888.130838 -0.261039 18.133227 0.313439 0.531313 -0.469781 0.500782 -0.496216
1779360888.272894 -0.154946 18.222167 0.316985 0.587633 -0.407394 0.445285 -0.538924
1779360888.413228 -0.051203 18.303798 0.315130 0.609495 -0.368808 0.406845 -0.571816
1779360888.552760 -0.024853 18.355261 0.291187 0.631527 -0.352049 0.374711 -0.580368
1779360888.703771 0.076380 18.435506 0.290028 0.637727 -0.328624 0.350893 -0.601818
1779360888.842780 0.185854 18.521151 0.308446 0.629032 -0.310887 0.336590 -0.627993
1779360888.981380 0.235423 18.623024 0.301099 0.671401 -0.263470 0.290105 -0.629002
1779360889.117470 0.314074 18.755722 0.309922 0.676381 -0.225548 0.248810 -0.655539
1779360889.259425 0.360085 18.861107 0.300707 0.688390 -0.196334 0.227935 -0.660014
1779360889.397948 0.441789 18.976013 0.303657 0.680524 -0.195442 0.226715 -0.668797
1779360889.537269 0.558136 19.072042 0.314830 0.665782 -0.243402 0.253184 -0.658321
1779360889.682924 0.676912 19.159455 0.314969 -0.648952 0.281768 -0.275774 0.650705
1779360889.821457 0.794398 19.254328 0.303129 -0.640840 0.307254 -0.274382 0.647792
1779360889.964464 0.922976 19.347630 0.302568 0.645350 -0.311657 0.291191 -0.633720
1779360890.102013 1.042469 19.432674 0.313458 0.637257 -0.311020 0.311053 -0.632785
1779360890.250112 1.129636 19.489339 0.307661 0.638730 -0.313834 0.310063 -0.630391
1779360890.382935 1.222733 19.574864 0.313474 0.642885 -0.293334 0.307523 -0.637247
1779360890.521711 1.293601 19.694348 0.300530 0.672611 -0.253702 0.271389 -0.639982
1779360890.661057 1.375394 19.829667 0.313460 0.674900 -0.216281 0.252836 -0.658640
1779360890.807546 1.444538 19.956787 0.302326 0.689153 -0.199678 0.233797 -0.656152
1779360890.946899 1.517761 20.089540 0.300514 0.689477 -0.183853 0.219848 -0.665196
1779360891.085508 1.598562 20.235129 0.310207 0.686782 -0.178829 0.209408 -0.672680
1779360891.227793 1.653446 20.329346 0.309041 0.686635 -0.185266 0.196165 -0.675077
1779360891.364839 1.726569 20.468151 0.304458 0.691135 -0.186616 0.180325 -0.674529
1779360891.506793 1.806563 20.597491 0.308240 0.684411 -0.178845 0.188586 -0.681199
1779360891.648512 1.884468 20.733413 0.315074 0.687358 -0.173378 0.190713 -0.679049
1779360891.790578 1.937742 20.823968 0.307283 0.692284 -0.178853 0.177104 -0.676305
1779360891.931635 1.996907 20.923646 0.302085 0.694090 -0.175657 0.184937 -0.673188
1779360892.070783 2.060429 21.043107 0.302207 0.686543 -0.163777 0.194133 -0.681284
1779360892.211551 2.132248 21.174260 0.307308 0.696837 -0.170555 0.183014 -0.672187
1779360892.352939 2.204809 21.302995 0.303416 0.694732 -0.174006 0.183286 -0.673406
1779360892.488739 2.270631 21.435402 0.304258 0.692074 -0.164252 0.183319 -0.678563
1779360892.629680 2.340864 21.565803 0.311021 0.690797 -0.167164 0.181131 -0.679741
1779360892.771168 2.410486 21.694457 0.309276 0.691746 -0.174004 0.178082 -0.677862
1779360892.911767 2.482139 21.837400 0.305379 0.691513 -0.176721 0.165101 -0.680677
1779360893.054509 2.555045 21.968504 0.303054 0.690523 -0.167178 0.177734 -0.680911
1779360893.192547 2.606548 22.056014 0.310923 0.692005 -0.166117 0.182351 -0.678441
1779360893.332461 2.689962 22.169967 0.302616 0.688393 -0.189343 0.189818 -0.673969
1779360893.476362 2.814705 22.288457 0.305917 0.676623 -0.226376 0.230680 -0.661605
1779360893.618086 2.915388 22.400617 0.327019 -0.652347 0.237677 -0.263511 0.669713
1779360893.759902 3.024469 22.500149 0.308689 0.663151 -0.268880 0.257249 -0.649428
1779360893.896975 3.139563 22.558320 0.312389 0.642333 -0.301463 0.304016 -0.635690
1779360894.040457 3.276590 22.608085 0.310918 -0.599219 0.352201 -0.357634 0.623690
1779360894.176909 3.427721 22.659792 0.315395 -0.592290 0.397312 -0.365313 0.598233
1779360894.318447 3.540678 22.667258 0.309126 0.582895 -0.407899 0.398676 -0.578714
1779360894.456741 3.689507 22.713270 0.309102 -0.574596 0.410207 -0.410756 0.576931
1779360894.599018 3.832751 22.750777 0.317630 0.571248 -0.419189 0.415710 -0.570212
1779360894.750960 3.984886 22.795919 0.319380 -0.566327 0.415357 -0.428726 0.568284
1779360894.878242 4.122940 22.841149 0.309214 0.571988 -0.423043 0.419841 -0.563558
1779360895.022044 4.278728 22.881952 0.309236 0.570242 -0.423662 0.423925 -0.561802
1779360895.159214 4.410011 22.932080 0.319979 0.566209 -0.413144 0.435889 -0.564553
1779360895.299699 4.554883 22.976520 0.307163 0.569211 -0.428261 0.417782 -0.563959
1779360895.449121 4.679144 23.006653 0.303970 0.572616 -0.426479 0.426190 -0.555507
1779360895.580781 4.829758 23.045990 0.311122 -0.558200 0.419850 -0.441276 0.563395
1779360895.719783 4.972096 23.033701 0.306206 0.530949 -0.480208 0.464354 -0.521410
1779360895.865288 5.074695 22.947828 0.320332 0.436217 -0.554243 0.556668 -0.438919
1779360896.005090 5.086916 22.858581 0.317339 0.326587 -0.617934 0.628393 -0.341497
1779360896.144260 5.047042 22.791351 0.332414 -0.221718 0.675948 -0.663217 0.232549
1779360896.305764 4.991455 22.722539 0.330266 0.102588 -0.696375 0.705736 -0.080460
1779360896.431628 4.926578 22.704644 0.330627 0.011963 -0.697221 0.716531 0.017993
1779360896.562631 4.846663 22.713747 0.321388 0.090804 0.702517 -0.698240 -0.103372
1779360896.705020 4.750963 22.745347 0.328189 -0.196154 -0.674094 0.680803 0.208872
1779360896.842710 4.672595 22.776323 0.323690 0.262496 0.652015 -0.631768 -0.326865
1779360896.982930 4.603335 22.815168 0.320045 0.338495 0.611437 -0.595518 -0.396137
1779360897.128887 4.536807 22.840210 0.302090 0.410392 0.580489 -0.570637 -0.411077
1779360897.271560 4.483484 22.848963 0.305097 -0.430349 -0.559706 0.572172 0.417311
1779360897.414365 4.443412 22.828625 0.309266 -0.407246 -0.566814 0.587781 0.409128
1779360897.548658 4.428317 22.770026 0.309407 0.360119 0.607366 -0.601132 -0.374248
1779360897.688182 4.439409 22.699767 0.306463 0.308136 0.643975 -0.630743 -0.304159
1779360897.826975 4.467137 22.641682 0.302522 0.236039 0.682497 -0.646364 -0.246367
1779360897.971367 4.523418 22.595521 0.288966 0.149740 0.713639 -0.662607 -0.171027
1779360898.112721 4.575575 22.567592 0.291681 0.091993 0.723748 -0.676754 -0.098645
1779360898.253638 4.603380 22.555769 0.298983 0.052500 0.717414 -0.692538 -0.054322
1779360898.396855 4.623777 22.563244 0.296280 0.030871 0.719880 -0.692812 -0.028851
1779360898.531014 4.636355 22.584216 0.294826 0.013426 0.721620 -0.692063 -0.011552
1779360898.671040 4.640211 22.612896 0.292280 -0.001886 0.722430 -0.691405 0.007110
1779360898.815199 4.640825 22.645798 0.289159 -0.005693 0.721404 -0.691819 0.030497
1779360898.953549 4.649545 22.668087 0.287759 -0.005604 0.722794 -0.688124 0.063433
1779360899.096538 4.661737 22.702587 0.287176 -0.017049 0.724452 -0.686760 0.056922
1779360899.243340 4.674618 22.737293 0.284263 -0.044410 0.727253 -0.682175 0.061385
1779360899.389812 4.668211 22.786177 0.286486 -0.053627 0.724423 -0.684663 0.059758
1779360899.517628 4.637229 22.832440 0.302857 -0.021021 0.718792 -0.694401 0.026539
1779360899.655051 4.622348 22.856426 0.300790 -0.006471 0.717504 -0.696521 -0.002359
1779360899.802056 4.615229 22.863455 0.297416 0.005231 0.717644 -0.696114 -0.019633
1779360899.941345 4.610322 22.872578 0.296818 0.014906 0.715907 -0.697422 -0.029264
1779360900.076931 4.609787 22.878391 0.300914 0.016175 0.710760 -0.702221 -0.037997
1779360900.221816 4.612952 22.881076 0.302010 0.010388 0.708873 -0.704197 -0.038698
1779360900.359585 4.618251 22.883785 0.303739 0.004958 0.707457 -0.705766 -0.037059
1779360900.516114 4.622194 22.885133 0.304644 0.001217 0.706763 -0.706601 -0.034633
1779360900.646047 4.623891 22.885506 0.304899 0.000051 -0.706487 0.706927 0.033614
1779360900.778662 4.624979 22.885653 0.305347 0.001278 -0.706108 0.707317 0.033345
1779360900.921676 4.627139 22.885470 0.305867 0.003229 -0.705779 0.707697 0.032120
