1779011119.718331 0.000000 0.000000 0.000000 0.00000000 0.00000000 0.00000000 1.00000000
1779011120.135672 -0.003980 -0.055834 0.042153 -0.02258150 0.00100996 -0.00561697 0.99972872
1779011132.083290 -0.047509 -0.054966 0.002177 -0.02923969 -0.00761917 -0.01107921 0.99948199
1779011132.224509 -0.062012 -0.054104 -0.022405 -0.02716548 -0.06190900 -0.00984024 0.99766351
1779011132.366130 -0.099050 -0.046972 -0.025194 -0.02285466 -0.11894843 -0.00366199 0.99263061
1779011132.784166 -0.048666 -0.038543 -0.013390 -0.02995667 -0.05247458 -0.01891041 0.99799369
1779011132.922315 0.004453 -0.026839 -0.024939 -0.01802776 0.01492013 -0.02961338 0.99928746
1779011133.064064 0.072335 -0.043344 0.057687 -0.03302478 0.05182980 -0.01316662 0.99802288
1779011133.906975 0.000297 -0.036382 0.073877 -0.03809257 0.07668598 -0.00828156 0.99629295
1779011134.479047 -0.064229 -0.052440 0.114103 -0.02853406 0.13217076 -0.00737848 0.99078870
1779011134.751930 -0.116548 -0.028428 0.128293 -0.03488600 0.15231493 -0.01085844 0.98765643
1779011135.735372 -0.195723 -0.047068 0.229224 -0.02715090 0.24061950 0.00007342 0.97023970
1779011136.998058 -0.167040 -0.043458 0.159034 -0.04039503 0.26636965 -0.01603877 0.96289055
1779011137.844491 -0.098280 -0.038029 0.106526 -0.03603011 0.27369533 -0.02362084 0.96085106
1779011138.690463 -0.123922 -0.047883 0.010578 -0.03096963 0.33053757 -0.01032115 0.94322811
1779011139.392758 -0.072128 -0.034444 0.079581 -0.02876929 0.33967281 -0.01373382 0.94000324
1779011139.953690 -0.200479 -0.041719 0.072855 -0.02668067 0.32291297 -0.00425546 0.94604294
1779011139.953690 -0.194903 -0.041906 0.074434 -0.02692834 0.32116683 -0.00376678 0.94663221
1779011140.089910 -0.102963 -0.035127 0.213556 -0.03019028 0.28606011 0.00020914 0.95773593
1779011140.933983 -0.193388 -0.031391 0.198606 -0.03599392 0.29076639 -0.00625616 0.95609634
1779011141.075890 -0.183108 -0.030093 0.243607 -0.03768584 0.26267618 -0.00795729 0.96411497
1779011142.909233 -0.278223 -0.046484 -0.039146 -0.04035898 0.28555779 -0.02388200 0.95721343
1779011143.042228 -0.192142 -0.059298 -0.154044 -0.03856690 0.29284898 -0.02890501 0.95494323
1779011144.167100 -0.194944 -0.063905 -0.203264 -0.03922162 0.32686443 -0.01439640 0.94414726
1779011144.308739 -0.091714 -0.053353 -0.161791 -0.03295683 0.34320562 -0.00616497 0.93866168
1779011145.152100 -0.186338 -0.055686 -0.193897 -0.03145073 0.33437497 0.00210908 0.94191283
1779011145.295691 -0.193720 -0.051187 -0.055377 -0.02690764 0.31108391 0.00340437 0.94999536
1779011145.428586 -0.257035 -0.047421 0.050862 -0.01972279 0.29354971 0.01475119 0.95562649
1779011145.571968 -0.411786 -0.049433 0.166141 -0.03162864 0.30541502 0.00367175 0.95168683
1779011145.718384 -0.471325 -0.045038 0.314592 -0.03507345 0.29608306 0.00295090 0.95451347
1779011145.997608 -0.552441 -0.047889 0.400869 -0.03459959 0.33165184 0.00864750 0.94272750
1779011146.838117 -0.427787 -0.047376 0.236820 -0.03378988 0.31663044 0.00342287 0.94794076
1779011146.977821 -0.228896 -0.048426 0.082862 -0.03475102 0.28590550 0.00223792 0.95762488
1779011147.116888 -0.168828 -0.050333 -0.036617 -0.04199168 0.32136150 -0.00639330 0.94600349
1779011147.116888 -0.159416 -0.050541 -0.033000 -0.04223703 0.31971362 -0.00592074 0.94655384
1779011147.261129 -0.053693 -0.049715 -0.074359 -0.03679845 0.38692036 -0.01597422 0.92124011
1779011148.101997 -0.073220 -0.050312 -0.037862 -0.05329737 0.40914229 -0.00777546 0.91087953
1779011148.381788 0.019598 -0.049655 -0.012704 -0.02435154 0.40662523 0.00314012 0.91326506
1779011148.526677 0.054403 -0.044344 0.041544 -0.03889076 0.42613816 0.00631288 0.90379972
1779011148.661494 0.054650 -0.046299 0.031039 -0.04646615 0.47120099 -0.00253291 0.88079743
1779011148.801450 0.164236 -0.046536 0.045265 -0.04134341 0.47886950 -0.00656880 0.87688744
1779011149.224603 0.183274 -0.038506 0.137296 -0.05833105 0.44382889 -0.00550509 0.89419411
1779011149.363956 0.193613 -0.039151 0.143215 -0.05257600 0.38125666 -0.00726865 0.92294436
1779011149.508258 0.211644 -0.032216 0.234548 -0.04962205 0.32449052 -0.01344602 0.94449074
1779011149.644966 0.221712 -0.035765 0.300855 -0.04575372 0.24033946 -0.01535931 0.96948834
1779011149.787199 0.220707 -0.030323 0.331720 -0.05152719 0.14258468 -0.02124265 0.98821218
1779011151.198142 0.196659 -0.026639 0.309237 -0.04978682 0.12689391 -0.00148812 0.99066493
1779011151.619723 0.152566 -0.036275 0.232264 -0.06198098 0.11819385 -0.00997191 0.99100410
1779011152.042169 0.154479 -0.042011 0.151010 -0.07076150 0.08240773 -0.00343095 0.99407746
1779011152.459851 0.159266 -0.059992 -0.001169 -0.04176391 0.05897071 0.00916678 0.99734357
1779011153.445073 0.114544 -0.053783 0.068010 -0.05295987 0.04206458 -0.00037263 0.99771022
1779011153.445073 0.120518 -0.052785 0.069151 -0.05257956 0.03842777 0.00004521 0.99787709
1779011153.722446 0.126583 -0.048321 0.101234 -0.05557111 0.02135221 -0.01067855 0.99816928
1779011154.989036 0.091221 -0.049325 0.076093 -0.05837144 0.02031003 -0.02105874 0.99786613
1779011155.128185 0.062349 -0.052006 0.025946 -0.06491041 -0.00587184 -0.02489021 0.99756335
1779011155.551988 -0.002714 -0.047847 -0.015516 -0.06875637 0.01644590 -0.01339148 0.99740802
1779011156.676324 -0.057806 -0.050692 -0.062753 -0.04719373 0.01995467 -0.02522682 0.99836775
1779011156.813966 -0.099779 -0.054247 -0.044476 -0.04762226 -0.03184823 -0.01664108 0.99821886
1779011156.954613 -0.101608 -0.050711 0.006772 -0.04874753 -0.12125838 -0.01595021 0.99129495
1779011157.095224 -0.179361 -0.051436 -0.016224 -0.05035157 -0.14459480 -0.02194099 0.98796541
1779011157.659505 -0.192063 -0.029394 0.139562 -0.03161133 -0.09398746 -0.03009588 0.99461617
1779011157.797756 -0.097105 -0.036044 0.101075 -0.02438566 -0.02112901 -0.02696325 0.99911555
1779011157.936956 -0.154699 -0.044599 0.158624 -0.03627204 0.13464518 -0.01412057 0.99012909
1779011158.079171 -0.034778 -0.044555 0.165880 -0.05529595 0.11657553 0.00220940 0.99163886
1779011158.219696 0.000922 -0.046061 0.157443 -0.05284956 0.17638686 -0.00604061 0.98288255
1779011158.362590 0.040337 -0.047551 0.118466 -0.05522277 0.26102721 -0.02210323 0.96349712
1779011158.502736 0.112172 -0.044601 0.086068 -0.04426668 0.31011916 -0.01163682 0.94959526
1779011158.781459 0.116590 -0.043811 0.076992 -0.06230266 0.33673487 0.02863951 0.93909945
1779011158.781459 0.096555 -0.043854 0.076223 -0.06236053 0.34141982 0.02844326 0.93740848
1779011159.905534 0.064709 -0.046661 0.066035 -0.05702041 0.35737798 0.00558635 0.93220086
1779011160.045883 0.028323 -0.047571 0.053503 -0.05126657 0.41416171 -0.01059351 0.90869665
1779011160.186110 0.034266 -0.044216 0.067530 -0.06005211 0.50344055 -0.03860585 0.86107546
1779011160.327658 0.060392 -0.043015 0.072431 -0.06342848 0.55321690 -0.02863649 0.83012520
1779011160.610555 0.139539 -0.040756 0.077155 -0.03717760 0.55200626 -0.00163374 0.83300915
1779011160.897324 0.187470 -0.034759 0.121536 -0.06246986 0.49890616 0.00240385 0.86439828
1779011161.033469 0.245483 -0.035037 0.141418 -0.06403345 0.41596081 -0.01247125 0.90703957
1779011161.312716 0.296513 -0.023149 0.216717 -0.07007263 0.40391023 -0.00871154 0.91206933
1779011161.448519 0.256687 -0.019490 0.237811 -0.06493570 0.36483060 -0.00540573 0.92879102
1779011161.589468 0.293607 -0.015281 0.286228 -0.05401443 0.29104302 -0.00429125 0.95517432
1779011161.731550 0.287186 -0.015677 0.289022 -0.04298397 0.24048983 0.00074998 0.96969916
1779011161.869524 0.183373 -0.012526 0.339747 -0.03986208 0.21817101 -0.00482389 0.97508418
1779011162.008816 0.224521 -0.016850 0.321911 -0.04377395 0.01482912 -0.00319250 0.99892630
1779011162.152745 0.162846 -0.026348 0.141041 -0.06406486 -0.14864995 0.00610516 0.98679360
1779011162.292552 0.088495 -0.027966 0.128281 -0.05274993 -0.16970040 0.02247327 0.98382629
1779011162.432583 0.157422 -0.020125 0.162996 -0.04107863 -0.22290642 0.01016790 0.97392088
1779011162.432583 0.158247 -0.019875 0.163645 -0.04008982 -0.22275699 0.01012732 0.97399670
1779011163.835271 0.199656 -0.023744 0.062125 -0.04382939 -0.21950916 -0.01216966 0.97454944
1779011164.544294 0.363393 -0.069805 -0.321303 -0.04752189 -0.22333364 0.02579035 0.97324129
1779011165.666832 0.288120 -0.067143 -0.297932 -0.04649704 -0.23527402 0.00587462 0.97079846
1779011165.809290 0.238289 -0.068701 -0.279197 -0.04893601 -0.25751652 0.00588950 0.96501597
1779011166.508496 0.152713 -0.052698 -0.142148 -0.04932563 -0.26256005 -0.00365739 0.96364715
1779011167.910825 0.239507 -0.043464 -0.160930 -0.03795845 -0.24374190 -0.01972625 0.96889624
1779011168.049228 0.242986 -0.039040 -0.094620 -0.03402844 -0.19345934 -0.02108287 0.98029131
1779011168.893444 0.248035 -0.038001 -0.106947 -0.03054685 -0.19268791 -0.01285239 0.98070030
1779011169.030729 0.271532 -0.044346 -0.095385 -0.03781348 -0.15540383 0.00867475 0.98708892
1779011169.171704 0.296784 -0.039606 -0.002650 -0.04503097 -0.13544705 0.01028210 0.98970732
1779011170.434964 0.373318 -0.036916 0.029045 -0.04313237 -0.12621755 0.00134638 0.99106353
1779011171.277950 0.359596 -0.035328 0.068570 -0.05008221 -0.11246953 0.01542537 0.99227236
1779011171.698251 0.259680 -0.045559 -0.073402 -0.03935819 -0.12015424 0.02166699 0.99173809
1779011171.843644 0.184305 -0.058456 -0.112862 -0.04339137 -0.14543853 0.02617346 0.98806871
1779011171.987347 0.142823 -0.049121 -0.164714 -0.03555701 -0.20306999 0.00907046 0.97847637
1779011173.247954 0.057871 -0.050475 -0.141374 -0.03253367 -0.24007527 0.00161494 0.97020762
1779011173.247954 0.045789 -0.051074 -0.140502 -0.03246248 -0.23980282 0.00070649 0.97027846
1779011173.393062 0.035645 -0.052953 -0.144868 -0.02846551 -0.27567380 -0.00205627 0.96082748
1779011174.377316 0.020787 -0.051039 -0.138426 -0.03991651 -0.28712602 -0.00932774 0.95701532
1779011174.662836 -0.038507 -0.049957 -0.091602 -0.03500500 -0.34187378 0.00521788 0.93907920
1779011175.634581 -0.211559 -0.030471 0.162382 -0.04745068 -0.27698476 -0.03957357 0.95888571
1779011175.774796 -0.174658 -0.035237 0.195615 -0.01653144 -0.20634702 -0.05104317 0.97700676
1779011175.911757 -0.145512 -0.037287 0.153633 -0.00612187 -0.12281031 -0.01316065 0.99232401
1779011176.054392 0.003289 -0.031314 0.128739 -0.01406831 -0.11602515 0.00339211 0.99314085
1779011176.189672 -0.097809 -0.033612 0.174422 -0.01786834 0.02117070 -0.00349574 0.99961008
1779011176.331339 -0.197975 -0.033220 0.178988 -0.03416709 0.20771464 0.01647081 0.97745381
1779011176.610756 -0.214654 -0.026729 0.302523 -0.02877510 0.21320029 0.00862244 0.97654661
1779011177.119339 -0.221544 -0.028571 0.283402 -0.03178263 0.19986273 0.00592509 0.97929038
1779011177.383554 -0.269802 -0.027981 0.199408 -0.04088130 0.29912710 -0.00072744 0.95333686
1779011178.796972 -0.241327 -0.034966 0.142965 -0.03946402 0.29224797 -0.01415588 0.95542312
1779011178.930540 -0.228669 -0.039995 0.117150 -0.04181952 0.33364902 -0.01360839 0.94167100
1779011179.071624 -0.255535 -0.037524 0.177486 -0.04167191 0.44820141 -0.01678680 0.89280297
1779011180.337819 -0.236663 -0.045266 0.107312 -0.04781897 0.44611450 -0.01813381 0.89351349
1779011180.337819 -0.230170 -0.045486 0.106046 -0.04757343 0.43932140 -0.01808427 0.89688708
1779011180.474276 -0.223221 -0.045452 0.096420 -0.05853564 0.48267173 -0.00916321 0.87379495
1779011180.903452 -0.210154 -0.044279 0.104578 -0.04480627 0.47546224 -0.01306385 0.87849724
1779011181.881649 -0.216072 -0.046822 0.091866 -0.04686499 0.51083799 -0.02091789 0.85814373
1779011182.022949 -0.210106 -0.048157 0.089244 -0.04207070 0.55677320 -0.02055927 0.82934370
1779011182.442814 -0.186198 -0.044264 0.110979 -0.04174720 0.59017419 -0.02379309 0.80584458
1779011182.583753 -0.053267 -0.040274 0.120905 -0.03732433 0.62607944 -0.02929721 0.77831427
1779011182.726966 0.023269 -0.045743 0.050324 -0.04683447 0.64828027 -0.02941475 0.75939054
1779011182.862998 0.007947 -0.046972 0.035046 -0.04906222 0.62206571 -0.01179666 0.78133731
1779011183.001883 0.017382 -0.043487 0.089998 -0.05672842 0.57722034 -0.01050436 0.81454787
1779011183.144790 0.070302 -0.040060 0.135647 -0.05193981 0.49790260 -0.01421167 0.86555952
1779011183.281592 0.197803 -0.031838 0.210309 -0.05213566 0.39775928 -0.02013940 0.91578591
1779011183.428961 0.224574 -0.033657 0.254815 -0.03683284 0.31564041 -0.01731713 0.94800559
1779011183.561134 0.310931 -0.027054 0.349149 -0.04307493 0.22336679 -0.01244711 0.97370267
1779011183.704535 0.285779 -0.021461 0.400142 -0.04583145 0.14254464 -0.01301311 0.98864107
1779011183.846710 0.261754 -0.026020 0.406825 -0.04491071 0.09084618 -0.02374059 0.99456844
1779011184.414495 0.230010 -0.016544 0.424568 -0.05650503 0.09925125 -0.01924140 0.99327043
1779011184.414495 0.230823 -0.016595 0.424889 -0.05675897 0.09356504 -0.01922462 0.99380804
1779011185.107866 0.230010 -0.019088 0.398740 -0.06023913 0.08350324 -0.01602242 0.99455605
1779011185.530097 0.205847 -0.026412 0.263647 -0.05489840 0.08885577 -0.00919550 0.99448794
1779011185.950248 0.167796 -0.056019 -0.043127 -0.05063577 0.07568470 -0.00772775 0.99581531
1779011186.373639 0.111477 -0.121394 -0.383977 -0.04005290 0.08352764 -0.03810939 0.99497064
1779011186.657254 0.080911 -0.090101 -0.421820 -0.04078294 0.07266381 0.00572372 0.99650588
1779011187.920552 0.182676 -0.102158 -0.304484 -0.06283728 0.08188220 -0.01561123 0.99453661
1779011188.058982 0.206006 -0.083160 -0.333293 -0.05116917 0.13283374 -0.02591654 0.98947726
1779011188.199675 0.261368 -0.077184 -0.352862 -0.06906143 0.15426656 -0.00353396 0.98560634
1779011189.746514 0.433780 -0.084440 -0.379630 -0.06223658 0.15684808 -0.02436519 0.98535863
1779011189.886675 0.344091 -0.063597 -0.336799 -0.06791423 0.22212295 -0.01907235 0.97246352
1779011190.026963 0.373749 -0.057621 -0.318017 -0.05900447 0.20792327 0.00263067 0.97636032
1779011190.165591 0.420509 -0.059609 -0.229430 -0.05625524 0.11035237 0.00044501 0.99229910
1779011190.307198 0.276172 -0.051048 -0.079483 -0.05780264 0.10033969 -0.00066638 0.99327255
1779011190.451065 0.254714 -0.057246 -0.012867 -0.05079553 0.07007207 0.00451353 0.99623760
1779011191.996238 0.223779 -0.050786 -0.025535 -0.05921569 0.05718321 -0.00785677 0.99657506
1779011192.132232 0.179715 -0.064525 -0.075164 -0.05082482 0.04318935 -0.02066432 0.99755927
1779011192.132232 0.175911 -0.064479 -0.077554 -0.05124245 0.04578358 -0.02040969 0.99742745
1779011192.274942 0.101587 -0.071121 -0.129282 -0.06204807 0.03324817 -0.01363603 0.99742601
1779011192.415532 0.010002 -0.055497 -0.076855 -0.04643964 0.04831001 -0.00934953 0.99770842
1779011193.402593 -0.011458 -0.066272 -0.129655 -0.05230114 0.01602535 -0.00804178 0.99847038
1779011193.538933 -0.073700 -0.058842 -0.105263 -0.04502933 0.01952194 -0.02113329 0.99857130
1779011194.521884 -0.014402 -0.060471 -0.144541 -0.03940193 0.01375126 -0.02826927 0.99872881
1779011194.662802 0.071139 -0.063107 -0.144982 -0.03293441 0.05194775 -0.03279055 0.99756781
1779011194.801527 0.156765 -0.062442 -0.097571 -0.06333723 0.08822044 -0.01278892 0.99400301
1779011194.947708 0.288558 -0.051258 -0.068571 -0.05467373 0.06231479 -0.00339043 0.99655213
1779011195.789527 0.217777 -0.053978 -0.087886 -0.05087827 0.06974827 -0.00297698 0.99626187
1779011196.211725 0.133198 -0.064628 -0.105563 -0.05716694 0.07893037 -0.00976620 0.99519172
1779011196.351129 0.034740 -0.065860 -0.121682 -0.05007132 0.06072774 -0.01389935 0.99680079
1779011196.491536 -0.089401 -0.070240 -0.144572 -0.05031755 0.04022119 -0.01622351 0.99779116
1779011196.636583 -0.067146 -0.067520 -0.105730 -0.05773855 -0.04385261 -0.01219277 0.99729361
1779011197.755000 -0.026427 -0.052030 -0.106539 -0.04913738 0.01195433 -0.01998765 0.99852046
1779011199.023363 0.061334 -0.058636 -0.092000 -0.05313379 0.03994938 -0.02279670 0.99752752
1779011199.162442 0.153224 -0.058120 -0.053362 -0.04512798 0.06035687 -0.03468546 0.99655277
1779011199.162442 0.153297 -0.057413 -0.046697 -0.04529774 0.05794338 -0.03408729 0.99670895
1779011199.441859 0.226942 -0.051025 -0.043262 -0.03719692 0.03557344 0.00358906 0.99866813
1779011200.141273 0.240756 -0.055161 -0.077878 -0.04727387 0.06454762 -0.00150614 0.99679312
1779011200.287475 0.411534 -0.057957 -0.108494 -0.05091539 0.07201535 -0.00957098 0.99605713
1779011200.426725 0.508876 -0.056759 -0.082587 -0.04208374 0.07789811 -0.02558745 0.99574401
1779011200.567180 0.411909 -0.060078 -0.100347 -0.04619974 0.07627091 -0.02931250 0.99558481
1779011200.707914 0.208620 -0.052978 -0.044992 -0.04276549 0.08724738 -0.02660840 0.99491256
1779011200.846594 0.102368 -0.054723 -0.017512 -0.04660506 0.07710888 -0.02779235 0.99554496
1779011201.269164 0.180818 -0.045946 -0.008002 -0.04960346 0.05674209 -0.02213979 0.99691006
1779011201.689856 0.188628 -0.045079 -0.022583 -0.04841078 0.10055111 -0.00669262 0.99373089
1779011201.830132 0.279418 -0.051756 -0.060442 -0.05178680 0.11254779 -0.02612004 0.99195205
1779011201.968339 0.366829 -0.048958 -0.051343 -0.05731624 0.14685837 -0.03078224 0.98701566
1779011202.113608 0.263514 -0.046043 -0.034499 -0.05534779 0.22429493 -0.01890507 0.97276462
1779011202.536361 0.259350 -0.032344 -0.039674 -0.04665608 0.18498294 -0.00514575 0.98162011
1779011202.675804 0.181870 -0.034663 0.015376 -0.05248226 0.15506583 -0.01221660 0.98643345
1779011202.813809 0.103323 -0.037436 0.032367 -0.05273825 0.14066924 -0.00452349 0.98864067
1779011202.954903 0.057887 -0.034647 0.057247 -0.05516242 0.10272196 -0.00142935 0.99317836
1779011202.954903 0.056287 -0.034039 0.060057 -0.05569305 0.10731290 -0.00132484 0.99266332
1779011203.943248 0.181107 -0.045491 0.082812 -0.05609958 0.06331149 -0.02431031 0.99611922
1779011204.223180 0.267307 -0.023959 0.092664 -0.07036510 0.01323729 -0.01788380 0.99727313
1779011204.501885 0.367037 -0.049429 0.078649 -0.03903138 -0.02404270 -0.01291533 0.99886520
1779011204.785139 0.445994 -0.029514 0.069319 -0.05925576 -0.07094403 0.01275710 0.99563696
1779011206.048242 0.350212 -0.032472 0.104729 -0.04239194 -0.00921264 0.00540358 0.99904397
1779011206.468711 0.172719 -0.043874 0.136444 -0.03589764 0.08973046 -0.00557835 0.99530331
1779011206.613797 0.111551 -0.029259 0.147266 -0.05441893 0.12360160 0.01236404 0.99076150
1779011206.891851 -0.033259 -0.038879 0.196725 -0.04430596 0.20007117 0.01485378 0.97866638
1779011207.031319 -0.121972 -0.027381 0.251979 -0.05556014 0.24975522 0.01803725 0.96654542
1779011207.169806 -0.186006 -0.022151 0.313819 -0.06193675 0.28925741 0.01007913 0.95519234
1779011207.311372 -0.255926 -0.040674 0.377924 -0.04698898 0.32516261 0.00582019 0.94447204
1779011207.595958 -0.325618 0.007458 0.446528 -0.08140806 0.35236350 -0.00808334 0.93228073
1779011208.162330 -0.337490 -0.012335 0.436748 -0.06987256 0.34287674 -0.00534910 0.93676291
1779011209.279973 -0.222156 -0.026636 0.387035 -0.05000147 0.28696290 -0.00478061 0.95662390
1779011209.419893 -0.195558 -0.012542 0.355323 -0.06350984 0.27722873 -0.01103115 0.95863916
1779011209.982970 -0.128030 -0.007799 0.384665 -0.06405192 0.25092390 0.00531216 0.96587076
1779011209.982970 -0.125919 -0.007418 0.387718 -0.06369293 0.24258008 0.00482995 0.96802623
1779011210.827019 -0.085204 -0.029528 0.303548 -0.05156086 0.20211325 -0.01176931 0.97793312
1779011211.106671 0.001912 -0.014095 0.307130 -0.05721092 0.15856385 -0.00426882 0.98568057
1779011212.232111 -0.078464 -0.096417 -0.206890 -0.06387266 0.14825336 -0.03289361 0.98633627
1779011213.635256 0.080301 -0.094063 -0.307686 -0.06573363 0.08073722 0.00604928 0.99454713
1779011214.760990 0.254924 -0.062690 -0.208749 -0.06654689 0.05503888 -0.00975491 0.99621638
1779011215.742877 0.473301 -0.061591 -0.198171 -0.06464450 -0.00148132 -0.01770031 0.99775027
1779011216.867659 0.501076 -0.053580 -0.151638 -0.06590086 0.02473203 0.00255870 0.99751634
1779011217.855794 0.282888 -0.071549 -0.235691 -0.06537444 0.04695031 0.00738148 0.99672833
1779011217.990729 0.099068 -0.075299 -0.211624 -0.05721407 0.05202789 0.00955835 0.99695952
1779011218.134793 -0.054086 -0.089418 -0.266510 -0.04725561 0.03653217 0.02721948 0.99784338
1779011219.543331 -0.143333 -0.087487 -0.315546 -0.05800522 -0.01911634 -0.00732886 0.99810633
1779011220.804399 -0.271388 -0.092507 -0.276877 -0.06150119 -0.04914533 -0.00854089 0.99685977
