# camera_optical trajectory from onboard odometry (NOT ground truth)
1779011119.718331 0.300000 0.000000 0.000000 0.500000 -0.500000 0.500000 -0.500000
1779011119.856383 0.300000 0.000000 0.000000 0.500000 -0.500000 0.500000 -0.500000
1779011119.994786 0.300000 0.000000 0.000000 0.500000 -0.500000 0.500000 -0.500000
1779011120.135672 0.300000 0.000000 0.000000 0.500000 -0.500000 0.500000 -0.500000
1779011120.280625 0.300000 0.000000 0.000000 0.500000 -0.500000 0.500000 -0.500000
1779011120.416766 0.300000 0.000000 0.000000 0.500000 -0.500000 0.500000 -0.500000
1779011120.560127 0.300000 0.000000 0.000000 0.500000 -0.500000 0.500000 -0.500000
1779011120.697213 0.300000 0.000000 0.000000 0.500000 -0.500000 0.500000 -0.500000
1779011120.837682 0.300000 0.000000 0.000000 0.500000 -0.500000 0.500000 -0.500000
1779011120.978400 0.300000 0.000000 0.000000 0.500000 -0.500000 0.500000 -0.500000
1779011121.119123 0.300000 0.000000 0.000000 0.500000 -0.500000 0.500000 -0.500000
1779011121.259660 0.300000 0.000000 0.000000 0.500000 -0.500000 0.500000 -0.500000
1779011121.397865 0.300000 0.000000 0.000000 0.500000 -0.500000 0.500000 -0.500000
1779011121.540627 0.300000 0.000000 0.000000 0.500000 -0.500000 0.500000 -0.500000
1779011121.685875 0.300000 0.000000 0.000000 0.500000 -0.500000 0.500000 -0.500000
1779011121.823225 0.300000 0.000000 0.000000 0.500000 -0.500000 0.500000 -0.500000
1779011121.965331 0.300000 0.000000 0.000000 0.500000 -0.500000 0.500000 -0.500000
1779011122.113184 0.300000 0.000000 0.000000 0.500000 -0.500000 0.500000 -0.500000
1779011122.241266 0.300000 0.000000 0.000000 0.500000 -0.500000 0.500000 -0.500000
1779011122.382598 0.300000 0.000000 0.000000 0.500000 -0.500000 0.500000 -0.500000
1779011122.523250 0.300000 0.000000 0.000000 0.500000 -0.500000 0.500000 -0.500000
1779011122.666316 0.300000 0.000000 0.000000 0.500000 -0.500000 0.500000 -0.500000
1779011122.806876 0.300000 0.000000 0.000000 0.500000 -0.500000 0.500000 -0.500000
1779011122.945683 0.300000 0.000000 0.000000 0.500000 -0.500000 0.500000 -0.500000
1779011123.084815 0.300000 0.000000 0.000000 0.500000 -0.500000 0.500000 -0.500000
1779011123.232998 0.300000 0.000000 0.000000 0.500000 -0.500000 0.500000 -0.500000
1779011123.366582 0.300000 0.000000 0.000000 0.500000 -0.500000 0.500000 -0.500000
1779011123.534384 0.300000 0.000000 0.000000 0.500000 -0.500000 0.500000 -0.500000
1779011123.649971 0.300000 0.000000 0.000000 0.500000 -0.500000 0.500000 -0.500000
1779011123.799007 0.300000 0.000000 0.000000 0.500000 -0.500000 0.500000 -0.500000
1779011123.931414 0.300000 0.000000 0.000000 0.500000 -0.500000 0.500000 -0.500000
1779011124.072769 0.300000 0.000000 0.000000 0.500000 -0.500000 0.500000 -0.500000
1779011124.208884 0.300000 0.000000 0.000000 0.500000 -0.500000 0.500000 -0.500000
1779011124.350612 0.300000 0.000000 0.000000 0.500000 -0.500000 0.500000 -0.500000
1779011124.497008 0.300000 0.000000 0.000000 0.500000 -0.500000 0.500000 -0.500000
1779011124.629705 0.300000 0.000000 0.000000 0.500000 -0.500000 0.500000 -0.500000
1779011124.773663 0.300000 0.000000 0.000000 0.500000 -0.500000 0.500000 -0.500000
1779011124.919599 0.300000 0.000000 0.000000 0.500000 -0.500000 0.500000 -0.500000
1779011125.058834 0.300000 0.000000 0.000000 0.500000 -0.500000 0.500000 -0.500000
1779011125.194330 0.300000 0.000000 0.000000 0.500000 -0.500000 0.500000 -0.500000
1779011125.338181 0.300000 0.000000 0.000000 0.500000 -0.500000 0.500000 -0.500000
1779011125.474781 0.300000 0.000000 0.000000 0.500000 -0.500000 0.500000 -0.500000
1779011125.621793 0.300000 0.000000 0.000000 0.500000 -0.500000 0.500000 -0.500000
1779011125.764807 0.300000 0.000000 0.000000 0.500000 -0.500000 0.500000 -0.500000
1779011125.901312 0.300000 0.000000 0.000000 0.500000 -0.500000 0.500000 -0.500000
1779011126.038450 0.300000 0.000000 0.000000 0.500000 -0.500000 0.500000 -0.500000
1779011126.177503 0.300000 0.000000 0.000000 0.500000 -0.500000 0.500000 -0.500000
1779011126.318196 0.300000 0.000000 0.000000 0.500000 -0.500000 0.500000 -0.500000
1779011126.456578 0.300000 0.000000 0.000000 0.500000 -0.500000 0.500000 -0.500000
1779011126.602286 0.300000 0.000000 0.000000 0.500000 -0.500000 0.500000 -0.500000
1779011126.736900 0.300000 0.000000 0.000000 0.500000 -0.500000 0.500000 -0.500000
1779011126.881835 0.300000 0.000000 0.000000 0.500000 -0.500000 0.500000 -0.500000
1779011127.021858 0.300000 0.000000 0.000000 0.500000 -0.500000 0.500000 -0.500000
1779011127.164587 0.300000 0.000000 0.000000 0.500000 -0.500000 0.500000 -0.500000
1779011127.302284 0.300000 0.000000 0.000000 0.500000 -0.500000 0.500000 -0.500000
1779011127.442209 0.300000 0.000000 0.000000 0.500000 -0.500000 0.500000 -0.500000
1779011127.581883 0.300000 0.000000 0.000000 0.500000 -0.500000 0.500000 -0.500000
1779011127.720698 0.300000 0.000000 0.000000 0.500000 -0.500000 0.500000 -0.500000
1779011127.865213 0.300000 0.000000 0.000000 0.500000 -0.500000 0.500000 -0.500000
1779011128.008955 0.300000 0.000000 0.000000 0.500000 -0.500000 0.500000 -0.500000
1779011128.145978 0.300000 0.000000 0.000000 0.500000 -0.500000 0.500000 -0.500000
1779011128.285493 0.300000 0.000000 0.000000 0.500000 -0.500000 0.500000 -0.500000
1779011128.432393 0.300000 0.000000 0.000000 0.500000 -0.500000 0.500000 -0.500000
1779011128.567019 0.300000 0.000000 0.000000 0.500000 -0.500000 0.500000 -0.500000
1779011128.710293 0.300000 0.000000 0.000000 0.500000 -0.500000 0.500000 -0.500000
1779011128.846603 0.300000 0.000000 0.000000 0.500000 -0.500000 0.500000 -0.500000
1779011128.989759 0.300000 0.000000 0.000000 0.500000 -0.500000 0.500000 -0.500000
1779011129.131738 0.300000 0.000000 0.000000 0.500000 -0.500000 0.500000 -0.500000
1779011129.268961 0.300000 0.000000 0.000000 0.500000 -0.500000 0.500000 -0.500000
1779011129.409575 0.300000 0.000000 0.000000 0.500000 -0.500000 0.500000 -0.500000
1779011129.549269 0.300000 0.000000 0.000000 0.500000 -0.500000 0.500000 -0.500000
1779011129.689218 0.300000 0.000000 0.000000 0.500000 -0.500000 0.500000 -0.500000
1779011129.834287 0.300000 0.000000 0.000000 0.500000 -0.500000 0.500000 -0.500000
1779011129.972986 0.300000 0.000000 0.000000 0.500000 -0.500000 0.500000 -0.500000
1779011130.117897 0.300000 0.000000 0.000000 0.500000 -0.500000 0.500000 -0.500000
1779011130.253547 0.300000 0.000000 0.000000 0.500000 -0.500000 0.500000 -0.500000
1779011130.394243 0.300000 0.000000 0.000000 0.500000 -0.500000 0.500000 -0.500000
1779011130.537343 0.300000 0.000000 0.000000 0.500000 -0.500000 0.500000 -0.500000
1779011130.674456 0.300000 0.000000 0.000000 0.500000 -0.500000 0.500000 -0.500000
1779011130.828325 0.300000 0.000000 0.000000 0.500000 -0.500000 0.500000 -0.500000
1779011130.954994 0.300000 0.000000 0.000000 0.500000 -0.500000 0.500000 -0.500000
1779011131.096989 0.300000 0.000000 0.000000 0.500000 -0.500000 0.500000 -0.500000
1779011131.237990 0.300000 0.000000 0.000000 0.500000 -0.500000 0.500000 -0.500000
1779011131.383650 0.300000 0.000000 0.000000 0.500000 -0.500000 0.500000 -0.500000
1779011131.520134 0.300000 0.000000 0.000000 0.500000 -0.500000 0.500000 -0.500000
1779011131.656595 0.300000 0.000000 0.000000 0.500000 -0.500000 0.500000 -0.500000
1779011131.797192 0.300000 0.000000 0.000000 0.500000 -0.500000 0.500000 -0.500000
1779011131.937506 0.300000 0.000000 0.000000 0.500000 -0.500000 0.500000 -0.500000
1779011132.083290 0.300000 0.000000 0.000000 0.500000 -0.500000 0.500000 -0.500000
1779011132.224509 0.300000 0.000000 0.000000 0.500000 -0.500000 0.500000 -0.500000
1779011132.366130 0.300000 0.000000 0.000000 0.500000 -0.500000 0.500000 -0.500000
1779011132.502711 0.300000 0.000000 0.000000 0.500000 -0.500000 0.500000 -0.500000
1779011132.645325 0.300000 0.000000 0.000000 0.500000 -0.500000 0.500000 -0.500000
1779011132.784166 0.300000 0.000000 0.000000 0.500000 -0.500000 0.500000 -0.500000
1779011132.922315 0.300000 0.000000 0.000000 0.500000 -0.500000 0.500000 -0.500000
1779011133.064064 0.300000 0.000000 0.000000 0.500000 -0.500000 0.500000 -0.500000
1779011133.208978 0.300000 0.000000 0.000000 0.500000 -0.500000 0.500000 -0.500000
1779011133.345912 0.300000 0.000000 0.000000 0.500000 -0.500000 0.500000 -0.500000
1779011133.486734 0.300000 0.000000 0.000000 0.500000 -0.500000 0.500000 -0.500000
1779011133.629890 0.300000 0.000000 0.000000 0.500000 -0.500000 0.500000 -0.500000
1779011133.767949 0.300000 0.000000 0.000000 0.500000 -0.500000 0.500000 -0.500000
1779011133.906975 0.300000 0.000000 0.000000 0.500000 -0.500000 0.500000 -0.500000
1779011134.050874 0.300000 0.000000 0.000000 0.500000 -0.500000 0.500000 -0.500000
1779011134.190769 0.300000 0.000000 0.000000 0.500000 -0.500000 0.500000 -0.500000
1779011134.331262 0.300000 0.000000 0.000000 0.500000 -0.500000 0.500000 -0.500000
1779011134.479047 0.300000 0.000000 0.000000 0.500000 -0.500000 0.500000 -0.500000
1779011134.608738 0.300000 0.000000 0.000000 0.500000 -0.500000 0.500000 -0.500000
1779011134.751930 0.300000 0.000000 0.000000 0.500000 -0.500000 0.500000 -0.500000
1779011134.890292 0.300000 0.000000 0.000000 0.500000 -0.500000 0.500000 -0.500000
1779011135.030182 0.300000 0.000000 0.000000 0.500000 -0.500000 0.500000 -0.500000
1779011135.170385 0.300000 0.000000 0.000000 0.500000 -0.500000 0.500000 -0.500000
1779011135.314251 0.300000 0.000000 0.000000 0.500000 -0.500000 0.500000 -0.500000
1779011135.453928 0.300000 0.000000 0.000000 0.500000 -0.500000 0.500000 -0.500000
1779011135.593223 0.300000 0.000000 0.000000 0.500000 -0.500000 0.500000 -0.500000
1779011135.735372 0.300000 0.000000 0.000000 0.500000 -0.500000 0.500000 -0.500000
1779011135.873494 0.300000 0.000000 0.000000 0.500000 -0.500000 0.500000 -0.500000
1779011136.015184 0.300000 0.000000 0.000000 0.500000 -0.500000 0.500000 -0.500000
1779011136.152906 0.300000 0.000000 0.000000 0.500000 -0.500000 0.500000 -0.500000
1779011136.302524 0.300000 0.000000 0.000000 0.500000 -0.500000 0.500000 -0.500000
1779011136.442668 0.300000 0.000000 0.000000 0.500000 -0.500000 0.500000 -0.500000
1779011136.578980 0.300000 0.000000 0.000000 0.500000 -0.500000 0.500000 -0.500000
1779011136.719734 0.300000 0.000000 0.000000 0.500000 -0.500000 0.500000 -0.500000
1779011136.857507 0.300000 0.000000 0.000000 0.500000 -0.500000 0.500000 -0.500000
1779011136.998058 0.300000 0.000000 0.000000 0.500000 -0.500000 0.500000 -0.500000
1779011137.137831 0.300000 0.000000 0.000000 0.500000 -0.500000 0.500000 -0.500000
1779011137.277947 0.300000 0.000000 0.000000 0.500000 -0.500000 0.500000 -0.500000
1779011137.424707 0.300000 0.000000 0.000000 0.500000 -0.500000 0.500000 -0.500000
1779011137.564609 0.300000 0.000000 0.000000 0.500000 -0.500000 0.500000 -0.500000
1779011137.703719 0.300000 0.000000 0.000000 0.500000 -0.500000 0.500000 -0.500000
1779011137.844491 0.300000 0.000000 0.000000 0.500000 -0.500000 0.500000 -0.500000
1779011137.981719 0.300000 0.000000 0.000000 0.500000 -0.500000 0.500000 -0.500000
1779011138.125800 0.300000 0.000000 0.000000 0.500000 -0.500000 0.500000 -0.500000
1779011138.261834 0.300000 0.000000 0.000000 0.500000 -0.500000 0.500000 -0.500000
1779011138.406008 0.300000 0.000000 0.000000 0.500000 -0.500000 0.500000 -0.500000
1779011138.551761 0.300000 0.000000 0.000000 0.500000 -0.500000 0.500000 -0.500000
1779011138.690463 0.300000 0.000000 0.000000 0.500000 -0.500000 0.500000 -0.500000
1779011138.827190 0.300000 0.000000 0.000000 0.500000 -0.500000 0.500000 -0.500000
1779011138.971009 0.300000 0.000000 0.000000 0.500000 -0.500000 0.500000 -0.500000
1779011139.105495 0.300000 0.000000 0.000000 0.500000 -0.500000 0.500000 -0.500000
1779011139.250016 0.300000 0.000000 0.000000 0.500000 -0.500000 0.500000 -0.500000
1779011139.392758 0.300000 0.000000 0.000000 0.500000 -0.500000 0.500000 -0.500000
1779011139.530703 0.300000 0.000000 0.000000 0.500000 -0.500000 0.500000 -0.500000
1779011139.669125 0.300000 0.000000 0.000000 0.500000 -0.500000 0.500000 -0.500000
1779011139.809949 0.300000 0.000000 0.000000 0.500000 -0.500000 0.500000 -0.500000
1779011139.953690 0.300000 0.000000 0.000000 0.500000 -0.500000 0.500000 -0.500000
1779011140.089910 0.300000 0.000000 0.000000 0.500000 -0.500000 0.500000 -0.500000
1779011140.234671 0.300000 0.000000 0.000000 0.500000 -0.500000 0.500000 -0.500000
1779011140.371316 0.300000 0.000000 0.000000 0.500000 -0.500000 0.500000 -0.500000
1779011140.513369 0.300000 0.000000 0.000000 0.500000 -0.500000 0.500000 -0.500000
1779011140.656048 0.300000 0.000000 0.000000 0.500000 -0.500000 0.500000 -0.500000
1779011140.794445 0.300000 0.000000 0.000000 0.500000 -0.500000 0.500000 -0.500000
1779011140.933983 0.300000 0.000000 0.000000 0.500000 -0.500000 0.500000 -0.500000
1779011141.075890 0.300000 0.000000 0.000000 0.500000 -0.500000 0.500000 -0.500000
1779011141.216905 0.300000 0.000000 0.000000 0.500000 -0.500000 0.500000 -0.500000
1779011141.355647 0.300000 0.000000 0.000000 0.500000 -0.500000 0.500000 -0.500000
1779011141.502280 0.300000 0.000000 0.000000 0.500000 -0.500000 0.500000 -0.500000
1779011141.639335 0.300000 0.000000 0.000000 0.500000 -0.500000 0.500000 -0.500000
1779011141.778195 0.300000 0.000000 0.000000 0.500000 -0.500000 0.500000 -0.500000
1779011141.916558 0.300000 0.000000 0.000000 0.500000 -0.500000 0.500000 -0.500000
1779011142.058176 0.300000 0.000000 0.000000 0.500000 -0.500000 0.500000 -0.500000
1779011142.200034 0.300000 0.000000 0.000000 0.500000 -0.500000 0.500000 -0.500000
1779011142.340167 0.300000 0.000000 0.000000 0.500000 -0.500000 0.500000 -0.500000
1779011142.480350 0.300000 0.000000 0.000000 0.500000 -0.500000 0.500000 -0.500000
1779011142.625824 0.300000 0.000000 0.000000 0.500000 -0.500000 0.500000 -0.500000
1779011142.764225 0.300000 0.000000 0.000000 0.500000 -0.500000 0.500000 -0.500000
1779011142.909233 0.300000 0.000000 0.000000 0.500000 -0.500000 0.500000 -0.500000
1779011143.042228 0.300000 0.000000 0.000000 0.500000 -0.500000 0.500000 -0.500000
1779011143.193676 0.300000 0.000000 0.000000 0.500000 -0.500000 0.500000 -0.500000
1779011143.321061 0.300000 0.000000 0.000000 0.500000 -0.500000 0.500000 -0.500000
1779011143.470212 0.300000 0.000000 0.000000 0.500000 -0.500000 0.500000 -0.500000
1779011143.606580 0.300000 0.000000 0.000000 0.500000 -0.500000 0.500000 -0.500000
1779011143.745869 0.300000 0.000000 0.000000 0.500000 -0.500000 0.500000 -0.500000
1779011143.886993 0.300000 0.000000 0.000000 0.500000 -0.500000 0.500000 -0.500000
1779011144.028219 0.300000 0.000000 0.000000 0.500000 -0.500000 0.500000 -0.500000
1779011144.167100 0.300000 0.000000 0.000000 0.500000 -0.500000 0.500000 -0.500000
1779011144.308739 0.300000 0.000000 0.000000 0.500000 -0.500000 0.500000 -0.500000
1779011144.447184 0.300000 0.000000 0.000000 0.500000 -0.500000 0.500000 -0.500000
1779011144.587284 0.300000 0.000000 0.000000 0.500000 -0.500000 0.500000 -0.500000
1779011144.731314 0.300000 0.000000 0.000000 0.500000 -0.500000 0.500000 -0.500000
1779011144.871266 0.300000 0.000000 0.000000 0.500000 -0.500000 0.500000 -0.500000
1779011145.011641 0.300000 0.000000 0.000000 0.500000 -0.500000 0.500000 -0.500000
1779011145.152100 0.300000 0.000000 0.000000 0.500000 -0.500000 0.500000 -0.500000
1779011145.295691 0.300000 0.000000 0.000000 0.500000 -0.500000 0.500000 -0.500000
1779011145.428586 0.300000 0.000000 0.000000 0.500000 -0.500000 0.500000 -0.500000
1779011145.571968 0.300000 0.000000 0.000000 0.500000 -0.500000 0.500000 -0.500000
1779011145.718384 0.300000 0.000000 0.000000 0.500000 -0.500000 0.500000 -0.500000
1779011145.854426 0.300000 0.000000 0.000000 0.500000 -0.500000 0.500000 -0.500000
1779011145.997608 0.300000 0.000000 0.000000 0.500000 -0.500000 0.500000 -0.500000
1779011146.133531 0.300000 0.000000 0.000000 0.500000 -0.500000 0.500000 -0.500000
1779011146.276454 0.300000 0.000000 0.000000 0.500000 -0.500000 0.500000 -0.500000
1779011146.426091 0.300000 0.000000 0.000000 0.500000 -0.500000 0.500000 -0.500000
1779011146.554608 0.300000 0.000000 0.000000 0.500000 -0.500000 0.500000 -0.500000
1779011146.693191 0.300000 0.000000 0.000000 0.500000 -0.500000 0.500000 -0.500000
1779011146.838117 0.300000 0.000000 0.000000 0.500000 -0.500000 0.500000 -0.500000
1779011146.977821 0.300000 0.000000 0.000000 0.500000 -0.500000 0.500000 -0.500000
1779011147.116888 0.300000 0.000000 0.000000 0.500000 -0.500000 0.500000 -0.500000
1779011147.261129 0.300000 0.000000 0.000000 0.500000 -0.500000 0.500000 -0.500000
1779011147.399080 0.300000 0.000000 0.000000 0.500000 -0.500000 0.500000 -0.500000
1779011147.538508 0.300000 0.000000 0.000000 0.500000 -0.500000 0.500000 -0.500000
1779011147.679349 0.300000 0.000000 0.000000 0.500000 -0.500000 0.500000 -0.500000
1779011147.822368 0.300000 0.000000 0.000000 0.500000 -0.500000 0.500000 -0.500000
1779011147.960485 0.300000 0.000000 0.000000 0.500000 -0.500000 0.500000 -0.500000
1779011148.101997 0.300000 0.000000 0.000000 0.500000 -0.500000 0.500000 -0.500000
1779011148.241995 0.300000 0.000000 0.000000 0.500000 -0.500000 0.500000 -0.500000
1779011148.381788 0.300000 0.000000 0.000000 0.500000 -0.500000 0.500000 -0.500000
1779011148.526677 0.300000 0.000000 0.000000 0.500000 -0.500000 0.500000 -0.500000
1779011148.661494 0.300000 0.000000 0.000000 0.500000 -0.500000 0.500000 -0.500000
1779011148.801450 0.300000 0.000000 0.000000 0.500000 -0.500000 0.500000 -0.500000
1779011148.945252 0.300000 0.000000 0.000000 0.500000 -0.500000 0.500000 -0.500000
1779011149.085496 0.300000 0.000000 0.000000 0.500000 -0.500000 0.500000 -0.500000
1779011149.224603 0.300000 0.000000 0.000000 0.500000 -0.500000 0.500000 -0.500000
1779011149.363956 0.300000 0.000000 0.000000 0.500000 -0.500000 0.500000 -0.500000
1779011149.508258 0.300000 0.000000 0.000000 0.500000 -0.500000 0.500000 -0.500000
1779011149.644966 0.300000 0.000000 0.000000 0.500000 -0.500000 0.500000 -0.500000
1779011149.787199 0.300000 0.000000 0.000000 0.500000 -0.500000 0.500000 -0.500000
1779011149.932636 0.300000 0.000000 0.000000 0.500000 -0.500000 0.500000 -0.500000
1779011150.079069 0.300000 0.000000 0.000000 0.500000 -0.500000 0.500000 -0.500000
1779011150.211436 0.300000 0.000000 0.000000 0.500000 -0.500000 0.500000 -0.500000
1779011150.350697 0.300000 0.000000 0.000000 0.500000 -0.500000 0.500000 -0.500000
1779011150.495443 0.300000 0.000000 0.000000 0.500000 -0.500000 0.500000 -0.500000
1779011150.637130 0.300000 0.000000 0.000000 0.500000 -0.500000 0.500000 -0.500000
1779011150.771206 0.300000 0.000000 0.000000 0.500000 -0.500000 0.500000 -0.500000
1779011150.911011 0.300000 0.000000 0.000000 0.500000 -0.500000 0.500000 -0.500000
1779011151.059655 0.300000 0.000000 0.000000 0.500000 -0.500000 0.500000 -0.500000
1779011151.198142 0.300000 0.000000 0.000000 0.500000 -0.500000 0.500000 -0.500000
1779011151.334263 0.300000 0.000000 0.000000 0.500000 -0.500000 0.500000 -0.500000
1779011151.477952 0.300000 0.000000 0.000000 0.500000 -0.500000 0.500000 -0.500000
1779011151.619723 0.300000 0.000000 0.000000 0.500000 -0.500000 0.500000 -0.500000
1779011151.765874 0.300000 0.000000 0.000000 0.500000 -0.500000 0.500000 -0.500000
1779011151.893711 0.300000 0.000000 0.000000 0.500000 -0.500000 0.500000 -0.500000
1779011152.042169 0.300000 0.000000 0.000000 0.500000 -0.500000 0.500000 -0.500000
1779011152.178029 0.300000 0.000000 0.000000 0.500000 -0.500000 0.500000 -0.500000
1779011152.319155 0.300000 0.000000 0.000000 0.500000 -0.500000 0.500000 -0.500000
1779011152.459851 0.300000 0.000000 0.000000 0.500000 -0.500000 0.500000 -0.500000
1779011152.598040 0.300000 0.000000 0.000000 0.500000 -0.500000 0.500000 -0.500000
1779011152.738403 0.300000 0.000000 0.000000 0.500000 -0.500000 0.500000 -0.500000
1779011152.877496 0.300000 0.000000 0.000000 0.500000 -0.500000 0.500000 -0.500000
1779011153.018703 0.300000 0.000000 0.000000 0.500000 -0.500000 0.500000 -0.500000
1779011153.162182 0.300000 0.000000 0.000000 0.500000 -0.500000 0.500000 -0.500000
1779011153.304598 0.300000 0.000000 0.000000 0.500000 -0.500000 0.500000 -0.500000
1779011153.445073 0.300000 0.000000 0.000000 0.500000 -0.500000 0.500000 -0.500000
1779011153.585408 0.300000 0.000000 0.000000 0.500000 -0.500000 0.500000 -0.500000
1779011153.722446 0.300000 0.000000 0.000000 0.500000 -0.500000 0.500000 -0.500000
1779011153.876477 0.300000 0.000000 0.000000 0.500000 -0.500000 0.500000 -0.500000
1779011154.003022 0.300000 0.000000 0.000000 0.500000 -0.500000 0.500000 -0.500000
1779011154.146274 0.300000 0.000000 0.000000 0.500000 -0.500000 0.500000 -0.500000
1779011154.285902 0.300000 0.000000 0.000000 0.500000 -0.500000 0.500000 -0.500000
1779011154.427250 0.300000 0.000000 0.000000 0.500000 -0.500000 0.500000 -0.500000
1779011154.566664 0.300000 0.000000 0.000000 0.500000 -0.500000 0.500000 -0.500000
1779011154.706767 0.300000 0.000000 0.000000 0.500000 -0.500000 0.500000 -0.500000
1779011154.847497 0.300000 0.000000 0.000000 0.500000 -0.500000 0.500000 -0.500000
1779011154.989036 0.300000 0.000000 0.000000 0.500000 -0.500000 0.500000 -0.500000
1779011155.128185 0.300000 0.000000 0.000000 0.500000 -0.500000 0.500000 -0.500000
1779011155.269581 0.300000 0.000000 0.000000 0.500000 -0.500000 0.500000 -0.500000
1779011155.417012 0.300000 0.000000 0.000000 0.500000 -0.500000 0.500000 -0.500000
1779011155.551988 0.300000 0.000000 0.000000 0.500000 -0.500000 0.500000 -0.500000
1779011155.693523 0.300000 0.000000 0.000000 0.500000 -0.500000 0.500000 -0.500000
1779011155.831049 0.300000 0.000000 0.000000 0.500000 -0.500000 0.500000 -0.500000
1779011155.971821 0.300000 0.000000 0.000000 0.500000 -0.500000 0.500000 -0.500000
1779011156.110284 0.300000 0.000000 0.000000 0.500000 -0.500000 0.500000 -0.500000
1779011156.253146 0.300000 0.000000 0.000000 0.500000 -0.500000 0.500000 -0.500000
1779011156.394578 0.300000 0.000000 0.000000 0.500000 -0.500000 0.500000 -0.500000
1779011156.534611 0.300000 0.000000 0.000000 0.500000 -0.500000 0.500000 -0.500000
1779011156.676324 0.300000 0.000000 0.000000 0.500000 -0.500000 0.500000 -0.500000
1779011156.813966 0.300000 0.000000 0.000000 0.500000 -0.500000 0.500000 -0.500000
1779011156.954613 0.300000 0.000000 0.000000 0.500000 -0.500000 0.500000 -0.500000
1779011157.095224 0.300000 0.000000 0.000000 0.500000 -0.500000 0.500000 -0.500000
1779011157.239949 0.300000 0.000000 0.000000 0.500000 -0.500000 0.500000 -0.500000
1779011157.379954 0.300000 0.000000 0.000000 0.500000 -0.500000 0.500000 -0.500000
1779011157.520091 0.300000 0.000000 0.000000 0.500000 -0.500000 0.500000 -0.500000
1779011157.659505 0.300000 0.000000 0.000000 0.500000 -0.500000 0.500000 -0.500000
1779011157.797756 0.300000 0.000000 0.000000 0.500000 -0.500000 0.500000 -0.500000
1779011157.936956 0.300000 0.000000 0.000000 0.500000 -0.500000 0.500000 -0.500000
1779011158.079171 0.300000 0.000000 0.000000 0.500000 -0.500000 0.500000 -0.500000
1779011158.219696 0.300000 0.000000 0.000000 0.500000 -0.500000 0.500000 -0.500000
1779011158.362590 0.300000 0.000000 0.000000 0.500000 -0.500000 0.500000 -0.500000
1779011158.502736 0.300000 0.000000 0.000000 0.500000 -0.500000 0.500000 -0.500000
1779011158.642738 0.300000 0.000000 0.000000 0.500000 -0.500000 0.500000 -0.500000
1779011158.781459 0.300000 0.000000 0.000000 0.500000 -0.500000 0.500000 -0.500000
1779011158.920794 0.300000 0.000000 0.000000 0.500000 -0.500000 0.500000 -0.500000
1779011159.065640 0.300000 0.000000 0.000000 0.500000 -0.500000 0.500000 -0.500000
1779011159.202320 0.300000 0.000000 0.000000 0.500000 -0.500000 0.500000 -0.500000
1779011159.341973 0.300000 0.000000 0.000000 0.500000 -0.500000 0.500000 -0.500000
1779011159.486138 0.300000 0.000000 0.000000 0.500000 -0.500000 0.500000 -0.500000
1779011159.628881 0.300000 0.000000 0.000000 0.500000 -0.500000 0.500000 -0.500000
1779011159.767174 0.300000 0.000000 0.000000 0.500000 -0.500000 0.500000 -0.500000
1779011159.905534 0.300000 0.000000 0.000000 0.500000 -0.500000 0.500000 -0.500000
1779011160.045883 0.300000 0.000000 0.000000 0.500000 -0.500000 0.500000 -0.500000
1779011160.186110 0.300000 0.000000 0.000000 0.500000 -0.500000 0.500000 -0.500000
1779011160.327658 0.300000 0.000000 0.000000 0.500000 -0.500000 0.500000 -0.500000
1779011160.470199 0.300000 0.000000 0.000000 0.500000 -0.500000 0.500000 -0.500000
1779011160.610555 0.300000 0.000000 0.000000 0.500000 -0.500000 0.500000 -0.500000
1779011160.753442 0.300000 0.000000 0.000000 0.500000 -0.500000 0.500000 -0.500000
1779011160.897324 0.300000 0.000000 0.000000 0.500000 -0.500000 0.500000 -0.500000
1779011161.033469 0.300000 0.000000 0.000000 0.500000 -0.500000 0.500000 -0.500000
1779011161.174803 0.300000 0.000000 0.000000 0.500000 -0.500000 0.500000 -0.500000
1779011161.312716 0.300000 0.000000 0.000000 0.500000 -0.500000 0.500000 -0.500000
1779011161.448519 0.300000 0.000000 0.000000 0.500000 -0.500000 0.500000 -0.500000
1779011161.589468 0.300000 0.000000 0.000000 0.500000 -0.500000 0.500000 -0.500000
1779011161.731550 0.300000 0.000000 0.000000 0.500000 -0.500000 0.500000 -0.500000
1779011161.869524 0.300000 0.000000 0.000000 0.500000 -0.500000 0.500000 -0.500000
1779011162.008816 0.300000 0.000000 0.000000 0.500000 -0.500000 0.500000 -0.500000
1779011162.152745 0.300000 0.000000 0.000000 0.500000 -0.500000 0.500000 -0.500000
1779011162.292552 0.300000 0.000000 0.000000 0.500000 -0.500000 0.500000 -0.500000
1779011162.432583 0.300000 0.000000 0.000000 0.500000 -0.500000 0.500000 -0.500000
1779011162.572677 0.300000 0.000000 0.000000 0.500000 -0.500000 0.500000 -0.500000
1779011162.711518 0.300000 0.000000 0.000000 0.500000 -0.500000 0.500000 -0.500000
1779011162.852143 0.300000 0.000000 0.000000 0.500000 -0.500000 0.500000 -0.500000
1779011162.998944 0.300000 0.000000 0.000000 0.500000 -0.500000 0.500000 -0.500000
1779011163.133157 0.300000 0.000000 0.000000 0.500000 -0.500000 0.500000 -0.500000
1779011163.277036 0.300000 0.000000 0.000000 0.500000 -0.500000 0.500000 -0.500000
1779011163.417994 0.300000 0.000000 0.000000 0.500000 -0.500000 0.500000 -0.500000
1779011163.555907 0.300000 0.000000 0.000000 0.500000 -0.500000 0.500000 -0.500000
1779011163.697707 0.300000 0.000000 0.000000 0.500000 -0.500000 0.500000 -0.500000
1779011163.835271 0.300000 0.000000 0.000000 0.500000 -0.500000 0.500000 -0.500000
1779011163.976503 0.300000 0.000000 0.000000 0.500000 -0.500000 0.500000 -0.500000
1779011164.117410 0.300000 0.000000 0.000000 0.500000 -0.500000 0.500000 -0.500000
1779011164.254480 0.300000 0.000000 0.000000 0.500000 -0.500000 0.500000 -0.500000
1779011164.398694 0.300000 0.000000 0.000000 0.500000 -0.500000 0.500000 -0.500000
1779011164.544294 0.300000 0.000000 0.000000 0.500000 -0.500000 0.500000 -0.500000
1779011164.680784 0.300000 0.000000 0.000000 0.500000 -0.500000 0.500000 -0.500000
1779011164.819567 0.300000 0.000000 0.000000 0.500000 -0.500000 0.500000 -0.500000
1779011164.958801 0.300000 0.000000 0.000000 0.500000 -0.500000 0.500000 -0.500000
1779011165.097788 0.300000 0.000000 0.000000 0.500000 -0.500000 0.500000 -0.500000
1779011165.242663 0.300000 0.000000 0.000000 0.500000 -0.500000 0.500000 -0.500000
1779011165.383564 0.300000 0.000000 0.000000 0.500000 -0.500000 0.500000 -0.500000
1779011165.524603 0.300000 0.000000 0.000000 0.500000 -0.500000 0.500000 -0.500000
1779011165.666832 0.300000 0.000000 0.000000 0.500000 -0.500000 0.500000 -0.500000
1779011165.809290 0.300000 0.000000 0.000000 0.500000 -0.500000 0.500000 -0.500000
1779011165.946362 0.300000 0.000000 0.000000 0.500000 -0.500000 0.500000 -0.500000
1779011166.088751 0.300000 0.000000 0.000000 0.500000 -0.500000 0.500000 -0.500000
1779011166.224641 0.300000 0.000000 0.000000 0.500000 -0.500000 0.500000 -0.500000
1779011166.368307 0.300000 0.000000 0.000000 0.500000 -0.500000 0.500000 -0.500000
1779011166.508496 0.300000 0.000000 0.000000 0.500000 -0.500000 0.500000 -0.500000
1779011166.649265 0.300000 0.000000 0.000000 0.500000 -0.500000 0.500000 -0.500000
1779011166.789068 0.300000 0.000000 0.000000 0.500000 -0.500000 0.500000 -0.500000
1779011166.932145 0.300000 0.000000 0.000000 0.500000 -0.500000 0.500000 -0.500000
1779011167.068233 0.300000 0.000000 0.000000 0.500000 -0.500000 0.500000 -0.500000
1779011167.213042 0.300000 0.000000 0.000000 0.500000 -0.500000 0.500000 -0.500000
1779011167.354114 0.300000 0.000000 0.000000 0.500000 -0.500000 0.500000 -0.500000
1779011167.490392 0.300000 0.000000 0.000000 0.500000 -0.500000 0.500000 -0.500000
1779011167.634545 0.300000 0.000000 0.000000 0.500000 -0.500000 0.500000 -0.500000
1779011167.772927 0.300000 0.000000 0.000000 0.500000 -0.500000 0.500000 -0.500000
1779011167.910825 0.300000 0.000000 0.000000 0.500000 -0.500000 0.500000 -0.500000
1779011168.049228 0.300000 0.000000 0.000000 0.500000 -0.500000 0.500000 -0.500000
1779011168.187944 0.300000 0.000000 0.000000 0.500000 -0.500000 0.500000 -0.500000
1779011168.330809 0.300000 0.000000 0.000000 0.500000 -0.500000 0.500000 -0.500000
1779011168.467360 0.300000 0.000000 0.000000 0.500000 -0.500000 0.500000 -0.500000
1779011168.611943 0.300000 0.000000 0.000000 0.500000 -0.500000 0.500000 -0.500000
1779011168.752152 0.300000 0.000000 0.000000 0.500000 -0.500000 0.500000 -0.500000
1779011168.893444 0.300000 0.000000 0.000000 0.500000 -0.500000 0.500000 -0.500000
1779011169.030729 0.300000 0.000000 0.000000 0.500000 -0.500000 0.500000 -0.500000
1779011169.171704 0.300000 0.000000 0.000000 0.500000 -0.500000 0.500000 -0.500000
1779011169.311739 0.300000 0.000000 0.000000 0.500000 -0.500000 0.500000 -0.500000
1779011169.454476 0.300000 0.000000 0.000000 0.500000 -0.500000 0.500000 -0.500000
1779011169.591307 0.300000 0.000000 0.000000 0.500000 -0.500000 0.500000 -0.500000
1779011169.734964 0.300000 0.000000 0.000000 0.500000 -0.500000 0.500000 -0.500000
1779011169.876405 0.300000 0.000000 0.000000 0.500000 -0.500000 0.500000 -0.500000
1779011170.018266 0.300000 0.000000 0.000000 0.500000 -0.500000 0.500000 -0.500000
1779011170.155107 0.300000 0.000000 0.000000 0.500000 -0.500000 0.500000 -0.500000
1779011170.294918 0.300000 0.000000 0.000000 0.500000 -0.500000 0.500000 -0.500000
1779011170.434964 0.300000 0.000000 0.000000 0.500000 -0.500000 0.500000 -0.500000
1779011170.574677 0.300000 0.000000 0.000000 0.500000 -0.500000 0.500000 -0.500000
1779011170.720243 0.300000 0.000000 0.000000 0.500000 -0.500000 0.500000 -0.500000
1779011170.858657 0.300000 0.000000 0.000000 0.500000 -0.500000 0.500000 -0.500000
1779011170.997834 0.300000 0.000000 0.000000 0.500000 -0.500000 0.500000 -0.500000
1779011171.138942 0.300000 0.000000 0.000000 0.500000 -0.500000 0.500000 -0.500000
1779011171.277950 0.300000 0.000000 0.000000 0.500000 -0.500000 0.500000 -0.500000
1779011171.427905 0.300000 0.000000 0.000000 0.500000 -0.500000 0.500000 -0.500000
1779011171.556085 0.300000 0.000000 0.000000 0.500000 -0.500000 0.500000 -0.500000
1779011171.698251 0.300000 0.000000 0.000000 0.500000 -0.500000 0.500000 -0.500000
1779011171.843644 0.300000 0.000000 0.000000 0.500000 -0.500000 0.500000 -0.500000
1779011171.987347 0.300000 0.000000 0.000000 0.500000 -0.500000 0.500000 -0.500000
1779011172.124290 0.300000 0.000000 0.000000 0.500000 -0.500000 0.500000 -0.500000
1779011172.266128 0.300000 0.000000 0.000000 0.500000 -0.500000 0.500000 -0.500000
1779011172.402582 0.300000 0.000000 0.000000 0.500000 -0.500000 0.500000 -0.500000
1779011172.541578 0.300000 0.000000 0.000000 0.500000 -0.500000 0.500000 -0.500000
1779011172.682997 0.300000 0.000000 0.000000 0.500000 -0.500000 0.500000 -0.500000
1779011172.827683 0.300000 0.000000 0.000000 0.500000 -0.500000 0.500000 -0.500000
1779011172.972345 0.300000 0.000000 0.000000 0.500000 -0.500000 0.500000 -0.500000
1779011173.107307 0.300000 0.000000 0.000000 0.500000 -0.500000 0.500000 -0.500000
1779011173.247954 0.300000 0.000000 0.000000 0.500000 -0.500000 0.500000 -0.500000
1779011173.393062 0.300000 0.000000 0.000000 0.500000 -0.500000 0.500000 -0.500000
1779011173.529341 0.300000 0.000000 0.000000 0.500000 -0.500000 0.500000 -0.500000
1779011173.674762 0.300000 0.000000 0.000000 0.500000 -0.500000 0.500000 -0.500000
1779011173.808268 0.300000 0.000000 0.000000 0.500000 -0.500000 0.500000 -0.500000
1779011173.951934 0.300000 0.000000 0.000000 0.500000 -0.500000 0.500000 -0.500000
1779011174.092534 0.300000 0.000000 0.000000 0.500000 -0.500000 0.500000 -0.500000
1779011174.235471 0.300000 0.000000 0.000000 0.500000 -0.500000 0.500000 -0.500000
1779011174.377316 0.300000 0.000000 0.000000 0.500000 -0.500000 0.500000 -0.500000
1779011174.517083 0.300000 0.000000 0.000000 0.500000 -0.500000 0.500000 -0.500000
1779011174.662836 0.300000 0.000000 0.000000 0.500000 -0.500000 0.500000 -0.500000
1779011174.791837 0.300000 0.000000 0.000000 0.500000 -0.500000 0.500000 -0.500000
1779011174.935376 0.300000 0.000000 0.000000 0.500000 -0.500000 0.500000 -0.500000
1779011175.073793 0.300000 0.000000 0.000000 0.500000 -0.500000 0.500000 -0.500000
1779011175.213422 0.300000 0.000000 0.000000 0.500000 -0.500000 0.500000 -0.500000
1779011175.357792 0.300000 0.000000 0.000000 0.500000 -0.500000 0.500000 -0.500000
1779011175.492974 0.300000 0.000000 0.000000 0.500000 -0.500000 0.500000 -0.500000
1779011175.634581 0.300000 0.000000 0.000000 0.500000 -0.500000 0.500000 -0.500000
1779011175.774796 0.300000 0.000000 0.000000 0.500000 -0.500000 0.500000 -0.500000
1779011175.911757 0.300000 0.000000 0.000000 0.500000 -0.500000 0.500000 -0.500000
1779011176.054392 0.300000 0.000000 0.000000 0.500000 -0.500000 0.500000 -0.500000
1779011176.189672 0.300000 0.000000 0.000000 0.500000 -0.500000 0.500000 -0.500000
1779011176.331339 0.300000 0.000000 0.000000 0.500000 -0.500000 0.500000 -0.500000
1779011176.471837 0.300000 0.000000 0.000000 0.500000 -0.500000 0.500000 -0.500000
1779011176.610756 0.300000 0.000000 0.000000 0.500000 -0.500000 0.500000 -0.500000
1779011176.753272 0.300000 0.000000 0.000000 0.500000 -0.500000 0.500000 -0.500000
1779011176.855980 0.300000 0.000000 0.000000 0.500000 -0.500000 0.500000 -0.500000
1779011176.963129 0.300000 0.000000 0.000000 0.500000 -0.500000 0.500000 -0.500000
1779011177.119339 0.300000 0.000000 0.000000 0.500000 -0.500000 0.500000 -0.500000
1779011177.245412 0.300000 0.000000 0.000000 0.500000 -0.500000 0.500000 -0.500000
1779011177.383554 0.300000 0.000000 0.000000 0.500000 -0.500000 0.500000 -0.500000
1779011177.523042 0.300000 0.000000 0.000000 0.500000 -0.500000 0.500000 -0.500000
1779011177.663259 0.300000 0.000000 0.000000 0.500000 -0.500000 0.500000 -0.500000
1779011177.805823 0.300000 0.000000 0.000000 0.500000 -0.500000 0.500000 -0.500000
1779011177.947303 0.300000 0.000000 0.000000 0.500000 -0.500000 0.500000 -0.500000
1779011178.087272 0.300000 0.000000 0.000000 0.500000 -0.500000 0.500000 -0.500000
1779011178.227105 0.300000 0.000000 0.000000 0.500000 -0.500000 0.500000 -0.500000
1779011178.366022 0.300000 0.000000 0.000000 0.500000 -0.500000 0.500000 -0.500000
1779011178.512016 0.300000 0.000000 0.000000 0.500000 -0.500000 0.500000 -0.500000
1779011178.652819 0.300000 0.000000 0.000000 0.500000 -0.500000 0.500000 -0.500000
1779011178.796972 0.300000 0.000000 0.000000 0.500000 -0.500000 0.500000 -0.500000
1779011178.930540 0.300000 0.000000 0.000000 0.500000 -0.500000 0.500000 -0.500000
1779011179.071624 0.300000 0.000000 0.000000 0.500000 -0.500000 0.500000 -0.500000
1779011179.210906 0.300000 0.000000 0.000000 0.500000 -0.500000 0.500000 -0.500000
1779011179.353794 0.300000 0.000000 0.000000 0.500000 -0.500000 0.500000 -0.500000
1779011179.491623 0.300000 0.000000 0.000000 0.500000 -0.500000 0.500000 -0.500000
1779011179.636934 0.300000 0.000000 0.000000 0.500000 -0.500000 0.500000 -0.500000
1779011179.770332 0.300000 0.000000 0.000000 0.500000 -0.500000 0.500000 -0.500000
1779011179.913269 0.300000 0.000000 0.000000 0.500000 -0.500000 0.500000 -0.500000
1779011180.054414 0.300000 0.000000 0.000000 0.500000 -0.500000 0.500000 -0.500000
1779011180.192868 0.300000 0.000000 0.000000 0.500000 -0.500000 0.500000 -0.500000
1779011180.337819 0.300000 0.000000 0.000000 0.500000 -0.500000 0.500000 -0.500000
1779011180.474276 0.300000 0.000000 0.000000 0.500000 -0.500000 0.500000 -0.500000
1779011180.615902 0.300000 0.000000 0.000000 0.500000 -0.500000 0.500000 -0.500000
1779011180.759166 0.300000 0.000000 0.000000 0.500000 -0.500000 0.500000 -0.500000
1779011180.903452 0.300000 0.000000 0.000000 0.500000 -0.500000 0.500000 -0.500000
1779011181.040073 0.300000 0.000000 0.000000 0.500000 -0.500000 0.500000 -0.500000
1779011181.180457 0.300000 0.000000 0.000000 0.500000 -0.500000 0.500000 -0.500000
1779011181.317595 0.300000 0.000000 0.000000 0.500000 -0.500000 0.500000 -0.500000
1779011181.457752 0.300000 0.000000 0.000000 0.500000 -0.500000 0.500000 -0.500000
1779011181.603669 0.300000 0.000000 0.000000 0.500000 -0.500000 0.500000 -0.500000
1779011181.737743 0.300000 0.000000 0.000000 0.500000 -0.500000 0.500000 -0.500000
1779011181.881649 0.300000 0.000000 0.000000 0.500000 -0.500000 0.500000 -0.500000
1779011182.022949 0.300000 0.000000 0.000000 0.500000 -0.500000 0.500000 -0.500000
1779011182.165650 0.300000 0.000000 0.000000 0.500000 -0.500000 0.500000 -0.500000
1779011182.301343 0.300000 0.000000 0.000000 0.500000 -0.500000 0.500000 -0.500000
1779011182.442814 0.300000 0.000000 0.000000 0.500000 -0.500000 0.500000 -0.500000
1779011182.583753 0.300000 0.000000 0.000000 0.500000 -0.500000 0.500000 -0.500000
1779011182.726966 0.300000 0.000000 0.000000 0.500000 -0.500000 0.500000 -0.500000
1779011182.862998 0.300000 0.000000 0.000000 0.500000 -0.500000 0.500000 -0.500000
1779011183.001883 0.300000 0.000000 0.000000 0.500000 -0.500000 0.500000 -0.500000
1779011183.144790 0.300000 0.000000 0.000000 0.500000 -0.500000 0.500000 -0.500000
1779011183.281592 0.300000 0.000000 0.000000 0.500000 -0.500000 0.500000 -0.500000
1779011183.428961 0.300000 0.000000 0.000000 0.500000 -0.500000 0.500000 -0.500000
1779011183.561134 0.300000 0.000000 0.000000 0.500000 -0.500000 0.500000 -0.500000
1779011183.704535 0.300000 0.000000 0.000000 0.500000 -0.500000 0.500000 -0.500000
1779011183.846710 0.300000 0.000000 0.000000 0.500000 -0.500000 0.500000 -0.500000
1779011183.987620 0.300000 0.000000 0.000000 0.500000 -0.500000 0.500000 -0.500000
1779011184.127680 0.300000 0.000000 0.000000 0.500000 -0.500000 0.500000 -0.500000
1779011184.264318 0.300000 0.000000 0.000000 0.500000 -0.500000 0.500000 -0.500000
1779011184.414495 0.300000 0.000000 0.000000 0.500000 -0.500000 0.500000 -0.500000
1779011184.554316 0.300000 0.000000 0.000000 0.500000 -0.500000 0.500000 -0.500000
1779011184.688685 0.300000 0.000000 0.000000 0.500000 -0.500000 0.500000 -0.500000
1779011184.828502 0.300000 0.000000 0.000000 0.500000 -0.500000 0.500000 -0.500000
1779011184.967729 0.300000 0.000000 0.000000 0.500000 -0.500000 0.500000 -0.500000
1779011185.107866 0.300000 0.000000 0.000000 0.500000 -0.500000 0.500000 -0.500000
1779011185.250635 0.300000 0.000000 0.000000 0.500000 -0.500000 0.500000 -0.500000
1779011185.387911 0.300000 0.000000 0.000000 0.500000 -0.500000 0.500000 -0.500000
1779011185.530097 0.300000 0.000000 0.000000 0.500000 -0.500000 0.500000 -0.500000
1779011185.670548 0.300000 0.000000 0.000000 0.500000 -0.500000 0.500000 -0.500000
1779011185.810908 0.300000 0.000000 0.000000 0.500000 -0.500000 0.500000 -0.500000
1779011185.950248 0.300000 0.000000 0.000000 0.500000 -0.500000 0.500000 -0.500000
1779011186.090132 0.300000 0.000000 0.000000 0.500000 -0.500000 0.500000 -0.500000
1779011186.231791 0.300000 0.000000 0.000000 0.500000 -0.500000 0.500000 -0.500000
1779011186.373639 0.300000 0.000000 0.000000 0.500000 -0.500000 0.500000 -0.500000
1779011186.516193 0.300000 0.000000 0.000000 0.500000 -0.500000 0.500000 -0.500000
1779011186.657254 0.300000 0.000000 0.000000 0.500000 -0.500000 0.500000 -0.500000
1779011186.800533 0.300000 0.000000 0.000000 0.500000 -0.500000 0.500000 -0.500000
1779011186.934974 0.300000 0.000000 0.000000 0.500000 -0.500000 0.500000 -0.500000
1779011187.073129 0.300000 0.000000 0.000000 0.500000 -0.500000 0.500000 -0.500000
1779011187.212804 0.300000 0.000000 0.000000 0.500000 -0.500000 0.500000 -0.500000
1779011187.354215 0.300000 0.000000 0.000000 0.500000 -0.500000 0.500000 -0.500000
1779011187.494066 0.300000 0.000000 0.000000 0.500000 -0.500000 0.500000 -0.500000
1779011187.642012 0.300000 0.000000 0.000000 0.500000 -0.500000 0.500000 -0.500000
1779011187.778405 0.300000 0.000000 0.000000 0.500000 -0.500000 0.500000 -0.500000
1779011187.920552 0.300000 0.000000 0.000000 0.500000 -0.500000 0.500000 -0.500000
1779011188.058982 0.300000 0.000000 0.000000 0.500000 -0.500000 0.500000 -0.500000
1779011188.199675 0.300000 0.000000 0.000000 0.500000 -0.500000 0.500000 -0.500000
1779011188.341926 0.300000 0.000000 0.000000 0.500000 -0.500000 0.500000 -0.500000
1779011188.478379 0.300000 0.000000 0.000000 0.500000 -0.500000 0.500000 -0.500000
1779011188.625113 0.300000 0.000000 0.000000 0.500000 -0.500000 0.500000 -0.500000
1779011188.760983 0.300000 0.000000 0.000000 0.500000 -0.500000 0.500000 -0.500000
1779011188.900332 0.300000 0.000000 0.000000 0.500000 -0.500000 0.500000 -0.500000
1779011189.043116 0.300000 0.000000 0.000000 0.500000 -0.500000 0.500000 -0.500000
1779011189.186389 0.300000 0.000000 0.000000 0.500000 -0.500000 0.500000 -0.500000
1779011189.322939 0.300000 0.000000 0.000000 0.500000 -0.500000 0.500000 -0.500000
1779011189.462293 0.300000 0.000000 0.000000 0.500000 -0.500000 0.500000 -0.500000
1779011189.602290 0.300000 0.000000 0.000000 0.500000 -0.500000 0.500000 -0.500000
1779011189.746514 0.300000 0.000000 0.000000 0.500000 -0.500000 0.500000 -0.500000
1779011189.886675 0.300000 0.000000 0.000000 0.500000 -0.500000 0.500000 -0.500000
1779011190.026963 0.300000 0.000000 0.000000 0.500000 -0.500000 0.500000 -0.500000
1779011190.165591 0.300000 0.000000 0.000000 0.500000 -0.500000 0.500000 -0.500000
1779011190.307198 0.300000 0.000000 0.000000 0.500000 -0.500000 0.500000 -0.500000
1779011190.451065 0.300000 0.000000 0.000000 0.500000 -0.500000 0.500000 -0.500000
1779011190.585795 0.300000 0.000000 0.000000 0.500000 -0.500000 0.500000 -0.500000
1779011190.729753 0.300000 0.000000 0.000000 0.500000 -0.500000 0.500000 -0.500000
1779011190.870862 0.300000 0.000000 0.000000 0.500000 -0.500000 0.500000 -0.500000
1779011191.010308 0.300000 0.000000 0.000000 0.500000 -0.500000 0.500000 -0.500000
1779011191.151190 0.300000 0.000000 0.000000 0.500000 -0.500000 0.500000 -0.500000
1779011191.292453 0.300000 0.000000 0.000000 0.500000 -0.500000 0.500000 -0.500000
1779011191.433635 0.300000 0.000000 0.000000 0.500000 -0.500000 0.500000 -0.500000
1779011191.574966 0.300000 0.000000 0.000000 0.500000 -0.500000 0.500000 -0.500000
1779011191.714607 0.300000 0.000000 0.000000 0.500000 -0.500000 0.500000 -0.500000
1779011191.855898 0.300000 0.000000 0.000000 0.500000 -0.500000 0.500000 -0.500000
1779011191.996238 0.300000 0.000000 0.000000 0.500000 -0.500000 0.500000 -0.500000
1779011192.132232 0.300000 0.000000 0.000000 0.500000 -0.500000 0.500000 -0.500000
1779011192.274942 0.300000 0.000000 0.000000 0.500000 -0.500000 0.500000 -0.500000
1779011192.415532 0.300000 0.000000 0.000000 0.500000 -0.500000 0.500000 -0.500000
1779011192.553782 0.300000 0.000000 0.000000 0.500000 -0.500000 0.500000 -0.500000
1779011192.693149 0.300000 0.000000 0.000000 0.500000 -0.500000 0.500000 -0.500000
1779011192.837547 0.300000 0.000000 0.000000 0.500000 -0.500000 0.500000 -0.500000
1779011192.980771 0.300000 0.000000 0.000000 0.500000 -0.500000 0.500000 -0.500000
1779011193.121322 0.300000 0.000000 0.000000 0.500000 -0.500000 0.500000 -0.500000
1779011193.264623 0.300000 0.000000 0.000000 0.500000 -0.500000 0.500000 -0.500000
1779011193.402593 0.300000 0.000000 0.000000 0.500000 -0.500000 0.500000 -0.500000
1779011193.538933 0.300000 0.000000 0.000000 0.500000 -0.500000 0.500000 -0.500000
1779011193.682924 0.300000 0.000000 0.000000 0.500000 -0.500000 0.500000 -0.500000
1779011193.821676 0.300000 0.000000 0.000000 0.500000 -0.500000 0.500000 -0.500000
1779011193.964823 0.300000 0.000000 0.000000 0.500000 -0.500000 0.500000 -0.500000
1779011194.103013 0.300000 0.000000 0.000000 0.500000 -0.500000 0.500000 -0.500000
1779011194.242730 0.300000 0.000000 0.000000 0.500000 -0.500000 0.500000 -0.500000
1779011194.382167 0.300000 0.000000 0.000000 0.500000 -0.500000 0.500000 -0.500000
1779011194.521884 0.300000 0.000000 0.000000 0.500000 -0.500000 0.500000 -0.500000
1779011194.662802 0.300000 0.000000 0.000000 0.500000 -0.500000 0.500000 -0.500000
1779011194.801527 0.300000 0.000000 0.000000 0.500000 -0.500000 0.500000 -0.500000
1779011194.947708 0.300000 0.000000 0.000000 0.500000 -0.500000 0.500000 -0.500000
1779011195.087234 0.300000 0.000000 0.000000 0.500000 -0.500000 0.500000 -0.500000
1779011195.233275 0.300000 0.000000 0.000000 0.500000 -0.500000 0.500000 -0.500000
1779011195.366242 0.300000 0.000000 0.000000 0.500000 -0.500000 0.500000 -0.500000
1779011195.509178 0.300000 0.000000 0.000000 0.500000 -0.500000 0.500000 -0.500000
1779011195.646001 0.300000 0.000000 0.000000 0.500000 -0.500000 0.500000 -0.500000
1779011195.789527 0.300000 0.000000 0.000000 0.500000 -0.500000 0.500000 -0.500000
1779011195.928801 0.300000 0.000000 0.000000 0.500000 -0.500000 0.500000 -0.500000
1779011196.069910 0.300000 0.000000 0.000000 0.500000 -0.500000 0.500000 -0.500000
1779011196.211725 0.300000 0.000000 0.000000 0.500000 -0.500000 0.500000 -0.500000
1779011196.351129 0.300000 0.000000 0.000000 0.500000 -0.500000 0.500000 -0.500000
1779011196.491536 0.300000 0.000000 0.000000 0.500000 -0.500000 0.500000 -0.500000
1779011196.636583 0.300000 0.000000 0.000000 0.500000 -0.500000 0.500000 -0.500000
1779011196.770514 0.300000 0.000000 0.000000 0.500000 -0.500000 0.500000 -0.500000
1779011196.911500 0.300000 0.000000 0.000000 0.500000 -0.500000 0.500000 -0.500000
1779011197.053773 0.300000 0.000000 0.000000 0.500000 -0.500000 0.500000 -0.500000
1779011197.195132 0.300000 0.000000 0.000000 0.500000 -0.500000 0.500000 -0.500000
1779011197.337891 0.300000 0.000000 0.000000 0.500000 -0.500000 0.500000 -0.500000
1779011197.475121 0.300000 0.000000 0.000000 0.500000 -0.500000 0.500000 -0.500000
1779011197.619472 0.300000 0.000000 0.000000 0.500000 -0.500000 0.500000 -0.500000
1779011197.755000 0.300000 0.000000 0.000000 0.500000 -0.500000 0.500000 -0.500000
1779011197.895212 0.300000 0.000000 0.000000 0.500000 -0.500000 0.500000 -0.500000
1779011198.037863 0.300000 0.000000 0.000000 0.500000 -0.500000 0.500000 -0.500000
1779011198.178897 0.300000 0.000000 0.000000 0.500000 -0.500000 0.500000 -0.500000
1779011198.319874 0.300000 0.000000 0.000000 0.500000 -0.500000 0.500000 -0.500000
1779011198.458625 0.300000 0.000000 0.000000 0.500000 -0.500000 0.500000 -0.500000
1779011198.599089 0.300000 0.000000 0.000000 0.500000 -0.500000 0.500000 -0.500000
1779011198.738937 0.300000 0.000000 0.000000 0.500000 -0.500000 0.500000 -0.500000
1779011198.879288 0.300000 0.000000 0.000000 0.500000 -0.500000 0.500000 -0.500000
1779011199.023363 0.300000 0.000000 0.000000 0.500000 -0.500000 0.500000 -0.500000
1779011199.162442 0.300000 0.000000 0.000000 0.500000 -0.500000 0.500000 -0.500000
1779011199.302941 0.300000 0.000000 0.000000 0.500000 -0.500000 0.500000 -0.500000
1779011199.441859 0.300000 0.000000 0.000000 0.500000 -0.500000 0.500000 -0.500000
1779011199.582519 0.300000 0.000000 0.000000 0.500000 -0.500000 0.500000 -0.500000
1779011199.722730 0.300000 0.000000 0.000000 0.500000 -0.500000 0.500000 -0.500000
1779011199.862984 0.300000 0.000000 0.000000 0.500000 -0.500000 0.500000 -0.500000
1779011200.001275 0.300000 0.000000 0.000000 0.500000 -0.500000 0.500000 -0.500000
1779011200.141273 0.300000 0.000000 0.000000 0.500000 -0.500000 0.500000 -0.500000
1779011200.287475 0.300000 0.000000 0.000000 0.500000 -0.500000 0.500000 -0.500000
1779011200.426725 0.300000 0.000000 0.000000 0.500000 -0.500000 0.500000 -0.500000
1779011200.567180 0.300000 0.000000 0.000000 0.500000 -0.500000 0.500000 -0.500000
1779011200.707914 0.300000 0.000000 0.000000 0.500000 -0.500000 0.500000 -0.500000
1779011200.846594 0.300000 0.000000 0.000000 0.500000 -0.500000 0.500000 -0.500000
1779011200.987044 0.300000 0.000000 0.000000 0.500000 -0.500000 0.500000 -0.500000
1779011201.126352 0.300000 0.000000 0.000000 0.500000 -0.500000 0.500000 -0.500000
1779011201.269164 0.300000 0.000000 0.000000 0.500000 -0.500000 0.500000 -0.500000
1779011201.413653 0.300000 0.000000 0.000000 0.500000 -0.500000 0.500000 -0.500000
1779011201.551055 0.300000 0.000000 0.000000 0.500000 -0.500000 0.500000 -0.500000
1779011201.689856 0.300000 0.000000 0.000000 0.500000 -0.500000 0.500000 -0.500000
1779011201.830132 0.300000 0.000000 0.000000 0.500000 -0.500000 0.500000 -0.500000
1779011201.968339 0.300000 0.000000 0.000000 0.500000 -0.500000 0.500000 -0.500000
1779011202.113608 0.300000 0.000000 0.000000 0.500000 -0.500000 0.500000 -0.500000
1779011202.249821 0.300000 0.000000 0.000000 0.500000 -0.500000 0.500000 -0.500000
1779011202.395312 0.300000 0.000000 0.000000 0.500000 -0.500000 0.500000 -0.500000
1779011202.536361 0.300000 0.000000 0.000000 0.500000 -0.500000 0.500000 -0.500000
1779011202.675804 0.300000 0.000000 0.000000 0.500000 -0.500000 0.500000 -0.500000
1779011202.813809 0.300000 0.000000 0.000000 0.500000 -0.500000 0.500000 -0.500000
1779011202.954903 0.300000 0.000000 0.000000 0.500000 -0.500000 0.500000 -0.500000
1779011203.095195 0.300000 0.000000 0.000000 0.500000 -0.500000 0.500000 -0.500000
1779011203.235852 0.300000 0.000000 0.000000 0.500000 -0.500000 0.500000 -0.500000
1779011203.380359 0.300000 0.000000 0.000000 0.500000 -0.500000 0.500000 -0.500000
1779011203.517524 0.300000 0.000000 0.000000 0.500000 -0.500000 0.500000 -0.500000
1779011203.659074 0.300000 0.000000 0.000000 0.500000 -0.500000 0.500000 -0.500000
1779011203.802066 0.300000 0.000000 0.000000 0.500000 -0.500000 0.500000 -0.500000
1779011203.943248 0.300000 0.000000 0.000000 0.500000 -0.500000 0.500000 -0.500000
1779011204.077895 0.300000 0.000000 0.000000 0.500000 -0.500000 0.500000 -0.500000
1779011204.223180 0.300000 0.000000 0.000000 0.500000 -0.500000 0.500000 -0.500000
1779011204.359791 0.300000 0.000000 0.000000 0.500000 -0.500000 0.500000 -0.500000
1779011204.501885 0.300000 0.000000 0.000000 0.500000 -0.500000 0.500000 -0.500000
1779011204.643304 0.300000 0.000000 0.000000 0.500000 -0.500000 0.500000 -0.500000
1779011204.785139 0.300000 0.000000 0.000000 0.500000 -0.500000 0.500000 -0.500000
1779011204.922584 0.300000 0.000000 0.000000 0.500000 -0.500000 0.500000 -0.500000
1779011205.065154 0.300000 0.000000 0.000000 0.500000 -0.500000 0.500000 -0.500000
1779011205.202680 0.300000 0.000000 0.000000 0.500000 -0.500000 0.500000 -0.500000
1779011205.341300 0.300000 0.000000 0.000000 0.500000 -0.500000 0.500000 -0.500000
1779011205.487402 0.300000 0.000000 0.000000 0.500000 -0.500000 0.500000 -0.500000
1779011205.626576 0.300000 0.000000 0.000000 0.500000 -0.500000 0.500000 -0.500000
1779011205.766999 0.300000 0.000000 0.000000 0.500000 -0.500000 0.500000 -0.500000
1779011205.919780 0.300000 0.000000 0.000000 0.500000 -0.500000 0.500000 -0.500000
1779011206.048242 0.300000 0.000000 0.000000 0.500000 -0.500000 0.500000 -0.500000
1779011206.191082 0.300000 0.000000 0.000000 0.500000 -0.500000 0.500000 -0.500000
1779011206.326357 0.300000 0.000000 0.000000 0.500000 -0.500000 0.500000 -0.500000
1779011206.468711 0.300000 0.000000 0.000000 0.500000 -0.500000 0.500000 -0.500000
1779011206.613797 0.300000 0.000000 0.000000 0.500000 -0.500000 0.500000 -0.500000
1779011206.754535 0.300000 0.000000 0.000000 0.500000 -0.500000 0.500000 -0.500000
1779011206.891851 0.300000 0.000000 0.000000 0.500000 -0.500000 0.500000 -0.500000
1779011207.031319 0.300000 0.000000 0.000000 0.500000 -0.500000 0.500000 -0.500000
1779011207.169806 0.300000 0.000000 0.000000 0.500000 -0.500000 0.500000 -0.500000
1779011207.311372 0.300000 0.000000 0.000000 0.500000 -0.500000 0.500000 -0.500000
1779011207.461449 0.300000 0.000000 0.000000 0.500000 -0.500000 0.500000 -0.500000
1779011207.595958 0.300000 0.000000 0.000000 0.500000 -0.500000 0.500000 -0.500000
1779011207.737724 0.300000 0.000000 0.000000 0.500000 -0.500000 0.500000 -0.500000
1779011207.875134 0.300000 0.000000 0.000000 0.500000 -0.500000 0.500000 -0.500000
1779011208.016896 0.300000 0.000000 0.000000 0.500000 -0.500000 0.500000 -0.500000
1779011208.162330 0.300000 0.000000 0.000000 0.500000 -0.500000 0.500000 -0.500000
1779011208.295820 0.300000 0.000000 0.000000 0.500000 -0.500000 0.500000 -0.500000
1779011208.435233 0.300000 0.000000 0.000000 0.500000 -0.500000 0.500000 -0.500000
1779011208.589090 0.300000 0.000000 0.000000 0.500000 -0.500000 0.500000 -0.500000
1779011208.720275 0.300000 0.000000 0.000000 0.500000 -0.500000 0.500000 -0.500000
1779011208.861331 0.300000 0.000000 0.000000 0.500000 -0.500000 0.500000 -0.500000
1779011208.998333 0.300000 0.000000 0.000000 0.500000 -0.500000 0.500000 -0.500000
1779011209.141529 0.300000 0.000000 0.000000 0.500000 -0.500000 0.500000 -0.500000
1779011209.279973 0.300000 0.000000 0.000000 0.500000 -0.500000 0.500000 -0.500000
1779011209.419893 0.300000 0.000000 0.000000 0.500000 -0.500000 0.500000 -0.500000
1779011209.560146 0.300000 0.000000 0.000000 0.500000 -0.500000 0.500000 -0.500000
1779011209.704878 0.300000 0.000000 0.000000 0.500000 -0.500000 0.500000 -0.500000
1779011209.843861 0.300000 0.000000 0.000000 0.500000 -0.500000 0.500000 -0.500000
1779011209.982970 0.300000 0.000000 0.000000 0.500000 -0.500000 0.500000 -0.500000
1779011210.121848 0.300000 0.000000 0.000000 0.500000 -0.500000 0.500000 -0.500000
1779011210.266659 0.300000 0.000000 0.000000 0.500000 -0.500000 0.500000 -0.500000
1779011210.405794 0.300000 0.000000 0.000000 0.500000 -0.500000 0.500000 -0.500000
1779011210.542840 0.300000 0.000000 0.000000 0.500000 -0.500000 0.500000 -0.500000
1779011210.685708 0.300000 0.000000 0.000000 0.500000 -0.500000 0.500000 -0.500000
1779011210.827019 0.300000 0.000000 0.000000 0.500000 -0.500000 0.500000 -0.500000
1779011210.966204 0.300000 0.000000 0.000000 0.500000 -0.500000 0.500000 -0.500000
1779011211.106671 0.300000 0.000000 0.000000 0.500000 -0.500000 0.500000 -0.500000
1779011211.248560 0.300000 0.000000 0.000000 0.500000 -0.500000 0.500000 -0.500000
1779011211.386992 0.300000 0.000000 0.000000 0.500000 -0.500000 0.500000 -0.500000
1779011211.526826 0.300000 0.000000 0.000000 0.500000 -0.500000 0.500000 -0.500000
1779011211.665333 0.300000 0.000000 0.000000 0.500000 -0.500000 0.500000 -0.500000
1779011211.811868 0.300000 0.000000 0.000000 0.500000 -0.500000 0.500000 -0.500000
1779011211.952540 0.300000 0.000000 0.000000 0.500000 -0.500000 0.500000 -0.500000
1779011212.092484 0.300000 0.000000 0.000000 0.500000 -0.500000 0.500000 -0.500000
1779011212.232111 0.300000 0.000000 0.000000 0.500000 -0.500000 0.500000 -0.500000
1779011212.373191 0.300000 0.000000 0.000000 0.500000 -0.500000 0.500000 -0.500000
1779011212.509120 0.300000 0.000000 0.000000 0.500000 -0.500000 0.500000 -0.500000
1779011212.649807 0.300000 0.000000 0.000000 0.500000 -0.500000 0.500000 -0.500000
1779011212.791711 0.300000 0.000000 0.000000 0.500000 -0.500000 0.500000 -0.500000
1779011212.937023 0.300000 0.000000 0.000000 0.500000 -0.500000 0.500000 -0.500000
1779011213.072532 0.300000 0.000000 0.000000 0.500000 -0.500000 0.500000 -0.500000
1779011213.214607 0.300000 0.000000 0.000000 0.500000 -0.500000 0.500000 -0.500000
1779011213.354199 0.300000 0.000000 0.000000 0.500000 -0.500000 0.500000 -0.500000
1779011213.497106 0.300000 0.000000 0.000000 0.500000 -0.500000 0.500000 -0.500000
1779011213.635256 0.300000 0.000000 0.000000 0.500000 -0.500000 0.500000 -0.500000
1779011213.774996 0.300000 0.000000 0.000000 0.500000 -0.500000 0.500000 -0.500000
1779011213.919885 0.300000 0.000000 0.000000 0.500000 -0.500000 0.500000 -0.500000
1779011214.058755 0.300000 0.000000 0.000000 0.500000 -0.500000 0.500000 -0.500000
1779011214.203567 0.300000 0.000000 0.000000 0.500000 -0.500000 0.500000 -0.500000
1779011214.341095 0.300000 0.000000 0.000000 0.500000 -0.500000 0.500000 -0.500000
1779011214.479748 0.300000 0.000000 0.000000 0.500000 -0.500000 0.500000 -0.500000
1779011214.618154 0.300000 0.000000 0.000000 0.500000 -0.500000 0.500000 -0.500000
1779011214.760990 0.300000 0.000000 0.000000 0.500000 -0.500000 0.500000 -0.500000
1779011214.899587 0.300000 0.000000 0.000000 0.500000 -0.500000 0.500000 -0.500000
1779011215.044907 0.300000 0.000000 0.000000 0.500000 -0.500000 0.500000 -0.500000
1779011215.183499 0.300000 0.000000 0.000000 0.500000 -0.500000 0.500000 -0.500000
1779011215.328380 0.300000 0.000000 0.000000 0.500000 -0.500000 0.500000 -0.500000
1779011215.466352 0.300000 0.000000 0.000000 0.500000 -0.500000 0.500000 -0.500000
1779011215.602728 0.300000 0.000000 0.000000 0.500000 -0.500000 0.500000 -0.500000
1779011215.742877 0.300000 0.000000 0.000000 0.500000 -0.500000 0.500000 -0.500000
1779011215.882391 0.300000 0.000000 0.000000 0.500000 -0.500000 0.500000 -0.500000
1779011216.030963 0.300000 0.000000 0.000000 0.500000 -0.500000 0.500000 -0.500000
1779011216.168258 0.300000 0.000000 0.000000 0.500000 -0.500000 0.500000 -0.500000
1779011216.307426 0.300000 0.000000 0.000000 0.500000 -0.500000 0.500000 -0.500000
1779011216.449834 0.300000 0.000000 0.000000 0.500000 -0.500000 0.500000 -0.500000
1779011216.589219 0.300000 0.000000 0.000000 0.500000 -0.500000 0.500000 -0.500000
1779011216.724849 0.300000 0.000000 0.000000 0.500000 -0.500000 0.500000 -0.500000
1779011216.867659 0.300000 0.000000 0.000000 0.500000 -0.500000 0.500000 -0.500000
1779011217.005995 0.300000 0.000000 0.000000 0.500000 -0.500000 0.500000 -0.500000
1779011217.149709 0.300000 0.000000 0.000000 0.500000 -0.500000 0.500000 -0.500000
1779011217.289997 0.300000 0.000000 0.000000 0.500000 -0.500000 0.500000 -0.500000
1779011217.430805 0.300000 0.000000 0.000000 0.500000 -0.500000 0.500000 -0.500000
1779011217.569739 0.300000 0.000000 0.000000 0.500000 -0.500000 0.500000 -0.500000
1779011217.710561 0.300000 0.000000 0.000000 0.500000 -0.500000 0.500000 -0.500000
1779011217.855794 0.300000 0.000000 0.000000 0.500000 -0.500000 0.500000 -0.500000
1779011217.990729 0.300000 0.000000 0.000000 0.500000 -0.500000 0.500000 -0.500000
1779011218.134793 0.300000 0.000000 0.000000 0.500000 -0.500000 0.500000 -0.500000
1779011218.276250 0.300000 0.000000 0.000000 0.500000 -0.500000 0.500000 -0.500000
1779011218.415781 0.300000 0.000000 0.000000 0.500000 -0.500000 0.500000 -0.500000
1779011218.555069 0.300000 0.000000 0.000000 0.500000 -0.500000 0.500000 -0.500000
1779011218.695166 0.300000 0.000000 0.000000 0.500000 -0.500000 0.500000 -0.500000
1779011218.836031 0.300000 0.000000 0.000000 0.500000 -0.500000 0.500000 -0.500000
1779011218.977200 0.300000 0.000000 0.000000 0.500000 -0.500000 0.500000 -0.500000
1779011219.122420 0.300000 0.000000 0.000000 0.500000 -0.500000 0.500000 -0.500000
1779011219.259185 0.300000 0.000000 0.000000 0.500000 -0.500000 0.500000 -0.500000
1779011219.401159 0.300000 0.000000 0.000000 0.500000 -0.500000 0.500000 -0.500000
1779011219.543331 0.300000 0.000000 0.000000 0.500000 -0.500000 0.500000 -0.500000
1779011219.682904 0.300000 0.000000 0.000000 0.500000 -0.500000 0.500000 -0.500000
1779011219.821123 0.300000 0.000000 0.000000 0.500000 -0.500000 0.500000 -0.500000
1779011219.959162 0.300000 0.000000 0.000000 0.500000 -0.500000 0.500000 -0.500000
1779011220.100423 0.300000 0.000000 0.000000 0.500000 -0.500000 0.500000 -0.500000
1779011220.241722 0.300000 0.000000 0.000000 0.500000 -0.500000 0.500000 -0.500000
1779011220.386269 0.300000 0.000000 0.000000 0.500000 -0.500000 0.500000 -0.500000
1779011220.525538 0.300000 0.000000 0.000000 0.500000 -0.500000 0.500000 -0.500000
1779011220.663223 0.300000 0.000000 0.000000 0.500000 -0.500000 0.500000 -0.500000
1779011220.804399 0.300000 0.000000 0.000000 0.500000 -0.500000 0.500000 -0.500000
1779011220.944912 0.300000 0.000000 0.000000 0.500000 -0.500000 0.500000 -0.500000
1779011221.084145 0.300000 0.000000 0.000000 0.500000 -0.500000 0.500000 -0.500000
1779011221.222691 0.300000 0.000000 0.000000 0.500000 -0.500000 0.500000 -0.500000
1779011221.367304 0.300000 0.000000 0.000000 0.500000 -0.500000 0.500000 -0.500000
1779011221.512967 0.300000 0.000000 0.000000 0.500000 -0.500000 0.500000 -0.500000
1779011221.646793 0.300000 0.000000 0.000000 0.500000 -0.500000 0.500000 -0.500000
1779011221.786800 0.300000 0.000000 0.000000 0.500000 -0.500000 0.500000 -0.500000
1779011221.928386 0.300000 0.000000 0.000000 0.500000 -0.500000 0.500000 -0.500000
1779011222.066497 0.300000 0.000000 0.000000 0.500000 -0.500000 0.500000 -0.500000
