# corruption: line 17 (1-indexed, after this comment) has ty = nan
0.00000000 0.00000000 0.00000000 1.00000000 0.00000000 0.00000000 0.00000000 1.00000000
0.10000000 0.05000000 0.00000000 1.00000000 0.00000000 0.00000000 0.00999983 0.99995000
0.20000000 0.10000000 0.00000000 1.00000000 0.00000000 0.00000000 0.01999867 0.99980001
0.30000000 0.15000000 0.00000000 1.00000000 0.00000000 0.00000000 0.02999550 0.99955003
0.40000000 0.20000000 0.00000000 1.00000000 0.00000000 0.00000000 0.03998933 0.99920011
0.50000000 0.25000000 0.00000000 1.00000000 0.00000000 0.00000000 0.04997917 0.99875026
0.60000000 0.30000000 0.00000000 1.00000000 0.00000000 0.00000000 0.05996401 0.99820054
0.70000000 0.35000000 0.00000000 1.00000000 0.00000000 0.00000000 0.06994285 0.99755100
0.80000000 0.40000000 0.00000000 1.00000000 0.00000000 0.00000000 0.07991469 0.99680171
0.90000000 0.45000000 0.00000000 1.00000000 0.00000000 0.00000000 0.08987855 0.99595273
1.00000000 0.50000000 0.00000000 1.00000000 0.00000000 0.00000000 0.09983342 0.99500417
1.10000000 0.55000000 0.00000000 1.00000000 0.00000000 0.00000000 0.10977830 0.99395610
1.20000000 0.60000000 0.00000000 1.00000000 0.00000000 0.00000000 0.11971221 0.99280864
1.30000000 0.65000000 0.00000000 1.00000000 0.00000000 0.00000000 0.12963414 0.99156189
1.40000000 0.70000000 0.00000000 1.00000000 0.00000000 0.00000000 0.13954311 0.99021600
1.50000000 0.75000000 nan 1.00000000 0.00000000 0.00000000 0.14943813 0.98877108
1.60000000 0.80000000 0.00000000 1.00000000 0.00000000 0.00000000 0.15931821 0.98722728
1.70000000 0.85000000 0.00000000 1.00000000 0.00000000 0.00000000 0.16918235 0.98558477
1.80000000 0.90000000 0.00000000 1.00000000 0.00000000 0.00000000 0.17902957 0.98384369
1.90000000 0.95000000 0.00000000 1.00000000 0.00000000 0.00000000 0.18885889 0.98200424
