1778468592.472623 0.000000 0.000000 0.000000 0.00000000 0.00000000 0.00000000 1.00000000
1778468595.977662 -0.009104 -0.015261 0.009727 -0.03915041 -0.08256252 0.00746867 0.99578858
1778468596.122251 -0.008637 -0.014966 0.027234 -0.02969660 -0.15085972 0.00664250 0.98808670
1778468596.671349 -0.023722 -0.010415 0.076854 -0.04198293 -0.10810124 0.00498856 0.99324049
1778468597.511732 -0.045706 -0.006340 0.193216 -0.03569688 -0.07886043 0.02313789 0.99597761
1778468598.076241 -0.056593 -0.004465 0.226634 -0.04835585 -0.14085070 -0.01010336 0.98879761
1778468598.214791 -0.061822 -0.003075 0.251716 -0.03688830 -0.19278128 -0.01535243 0.98042793
1778468598.634253 -0.068912 -0.000743 0.283197 -0.05461758 -0.12488482 -0.00044418 0.99066670
1778468599.332464 -0.106866 0.004674 0.353988 -0.04187879 -0.18728379 -0.00954418 0.98136632
1778468600.034518 -0.217011 0.001503 0.398146 -0.04321896 -0.26758125 -0.00291130 0.96256113
1778468600.870706 -0.229184 0.013328 0.498661 -0.04422844 -0.27313293 -0.00841728 0.96092216
1778468601.721968 -0.303425 0.019413 0.640767 -0.05008832 -0.20743876 0.00715863 0.97693862
1778468602.833464 -0.365112 0.022671 0.742537 -0.04654531 -0.22528137 0.00362066 0.97317456
1778468603.252888 -0.386098 0.026292 0.808723 -0.03878409 -0.29639226 0.01704589 0.95412623
1778468603.394128 -0.381729 0.029404 0.808768 -0.02345395 -0.40438908 -0.01549968 0.91415488
1778468603.675040 -0.410856 0.028994 0.810443 -0.02769186 -0.42924864 -0.02456847 0.90242737
1778468603.952691 -0.405648 0.031367 0.817053 -0.03115014 -0.52973916 0.01130694 0.84751298
1778468603.952691 -0.396170 0.030087 0.793313 -0.03034405 -0.53718140 0.01153711 0.84284179
1778468604.373351 -0.394459 0.028555 0.770526 -0.01571940 -0.57321642 0.00024407 0.81925318
1778468604.514714 -0.381408 0.026761 0.744240 -0.02176320 -0.60323767 0.01601930 0.79710354
1778468604.655172 -0.371954 0.026054 0.719275 -0.01451284 -0.63388041 0.01665465 0.77311553
1778468604.798918 -0.386208 0.023831 0.694756 -0.01006248 -0.65993260 0.01849742 0.75102966
1778468605.223645 -0.407607 0.021252 0.673505 -0.01993123 -0.67037628 0.03514477 0.74092053
1778468605.499521 -0.434098 0.018648 0.644120 -0.01309030 -0.68080188 0.02230398 0.73201092
1778468605.777522 -0.424548 0.016036 0.623388 -0.01682089 -0.68404654 0.03069810 0.72859797
1778468606.895833 -0.514627 0.010307 0.592861 -0.01043997 -0.66868958 0.03259656 0.74275347
1778468607.175258 -0.520186 0.010538 0.575290 -0.00929747 -0.65837448 0.02696801 0.75214980
1778468607.597414 -0.482904 0.019594 0.642444 -0.01987089 -0.64487568 0.02892763 0.76348130
1778468608.016751 -0.452662 0.026364 0.703290 -0.01587872 -0.64028466 0.01806449 0.76776109
1778468608.717091 -0.450220 0.032135 0.774084 -0.02436074 -0.63664355 0.02128737 0.77047932
1778468610.116862 -0.537995 0.034337 0.861241 -0.01756046 -0.66236104 0.01565881 0.74881525
1778468610.958638 -0.583272 0.030127 0.893129 -0.02889630 -0.65877302 0.03449969 0.75099460
1778468612.916428 -0.808930 0.031299 0.988701 -0.02557709 -0.68001440 0.02805653 0.73221517
1778468614.465132 -0.993163 0.035731 1.042546 -0.02215152 -0.69664599 0.01590512 0.71689657
1778468614.465132 -0.954429 0.038104 1.047801 -0.02215210 -0.70516092 0.01645727 0.70851007
1778468614.735600 -0.904070 0.038933 1.046522 0.00393307 0.73429322 -0.00925248 -0.67875798
1778468614.878632 -0.879608 0.042184 1.049581 0.00156993 0.75674814 -0.00925723 -0.65363911
1778468615.295798 -0.843724 0.043737 1.045622 -0.00022315 0.79312031 -0.01556350 -0.60886608
1778468615.440439 -0.828667 0.040338 1.004143 -0.00887172 0.80933094 -0.01701108 -0.58703947
1778468616.420794 -0.834901 0.036398 0.937687 -0.00785351 0.84317569 -0.02937529 -0.53677759
1778468616.555084 -0.837494 0.031878 0.906441 -0.02955362 0.85915159 -0.02275960 -0.51035980
1778468616.700192 -0.854454 0.026416 0.857111 -0.01886750 0.87638487 -0.02768769 -0.48044455
1778468617.396221 -0.857551 0.021167 0.798016 0.00609487 0.88685664 -0.04661236 -0.45964708
1778468617.817170 -0.908548 0.011354 0.708781 -0.00512334 0.90140334 -0.03543523 -0.43149753
1778468619.076771 -0.954161 0.001610 0.563225 -0.00816938 0.89624181 -0.03725376 -0.44192310
1778468620.336184 -0.953354 -0.000142 0.553921 -0.00263629 0.91171099 -0.04257408 -0.40861175
1778468620.479151 -0.925542 0.001116 0.597995 -0.02471833 0.93055707 -0.03592349 -0.36354098
1778468620.619276 -0.914734 0.001001 0.625298 -0.03323097 0.94790633 -0.03175063 -0.31521610
1778468621.318343 -0.878161 0.014265 0.672068 -0.01157545 0.95065329 -0.01800353 -0.30951609
1778468621.743233 -0.873415 0.007583 0.689963 -0.00827056 0.92528433 -0.02623839 -0.37827510
1778468621.884315 -0.878984 0.010909 0.698296 0.00385732 0.90824098 -0.02209975 -0.41784571
1778468621.884315 -0.875716 0.010962 0.694649 0.00338691 0.90717754 -0.02198842 -0.42015944
1778468622.999758 -0.857456 0.010665 0.730073 -0.00780558 0.91900362 -0.01955681 -0.39368636
1778468623.140672 -0.851733 0.011433 0.731322 -0.00299515 0.93522064 -0.02618551 -0.35308313
1778468623.280166 -0.853044 0.011391 0.715256 -0.00795232 0.95421420 -0.03325693 -0.29716326
1778468623.423597 -0.858857 0.011896 0.703397 -0.00736288 0.97652834 -0.04326576 -0.21087026
1778468623.574786 -0.849684 0.010937 0.685776 -0.01681321 0.98906439 -0.04746483 -0.13862191
1778468623.700922 -0.852759 0.010397 0.677907 -0.00334964 0.99232598 -0.05330143 -0.11152076
1778468624.258441 -0.841226 0.007151 0.636454 -0.00750254 0.99286656 -0.04898349 -0.10844502
1778468624.538830 -0.838276 0.006128 0.619187 -0.00144630 0.98331469 -0.04415933 -0.17646552
1778468624.680879 -0.849766 0.007496 0.624094 -0.00286926 0.97600252 -0.03378060 -0.21510398
1778468624.817245 -0.835253 0.004397 0.592898 0.01117476 0.95329301 -0.03762384 -0.29948624
1778468624.957428 -0.832767 0.004743 0.594507 0.00744735 0.93297577 -0.03562021 -0.35809489
1778468625.101440 -0.838780 0.006260 0.608729 -0.01119028 0.91393513 -0.02404643 -0.40499275
1778468625.242323 -0.821272 0.002942 0.557775 0.00254337 0.89306325 -0.02811607 -0.44904459
1778468625.516689 -0.830103 0.000737 0.519289 0.00038484 0.88508723 -0.02415473 -0.46479780
1778468625.664586 -0.844666 0.000993 0.524728 -0.00125616 0.87331769 -0.02232560 -0.48663764
1778468625.799234 -0.845926 0.000530 0.518033 -0.00365990 0.86857401 -0.02391430 -0.49496859
1778468625.799234 -0.844766 -0.000046 0.520573 -0.00376778 0.87168864 -0.02408147 -0.48945358
1778468626.359860 -0.843864 -0.000262 0.523222 0.00249110 0.87716703 -0.03297820 -0.47904513
1778468627.480189 -0.813915 0.000078 0.562360 -0.00000569 0.85802893 -0.01812228 -0.51328154
1778468627.898274 -0.807614 -0.000954 0.559305 -0.00410315 0.84656171 -0.02158031 -0.53183712
1778468628.320540 -0.815919 -0.002237 0.561710 -0.00029879 0.84362720 -0.03247284 -0.53594642
1778468628.885875 -0.842498 -0.002025 0.543077 0.00512931 0.87419709 -0.03208880 -0.48448265
1778468630.556971 -0.802635 -0.003994 0.501732 -0.01372184 0.84920126 -0.01051198 -0.52778635
1778468630.704944 -0.752687 -0.003449 0.488205 -0.02023789 0.83073449 -0.00959041 -0.55621818
1778468630.841843 -0.732006 -0.003867 0.463466 -0.01906768 0.81190865 -0.00783318 -0.58342043
1778468630.981395 -0.697916 -0.004548 0.441390 -0.02152593 0.78443884 -0.01226356 -0.61971117
1778468631.125665 -0.669029 -0.004221 0.423201 -0.01238387 0.75887009 -0.00979778 -0.65105056
1778468631.259881 -0.647281 -0.003075 0.421054 -0.01151612 0.72861464 -0.00816115 -0.68477842
1778468631.398059 -0.636379 -0.000307 0.451702 0.01738284 -0.70138767 -0.00244858 0.71256380
1778468631.539904 -0.612040 0.001772 0.415058 0.01440939 -0.67595924 -0.00265322 0.73679335
1778468632.096300 -0.594686 -0.002654 0.431126 -0.00981120 -0.69037799 0.01572627 0.72321135
1778468632.242034 -0.592771 0.000729 0.430858 -0.01722798 -0.70438912 0.01476614 0.70945128
1778468632.938130 -0.686002 -0.005223 0.431245 0.00711301 0.72007746 -0.02245709 -0.69349372
1778468632.938130 -0.648623 -0.002999 0.444835 0.00725680 0.73147847 -0.02357829 -0.68141812
1778468633.355970 -0.599786 -0.001786 0.463416 0.01337748 0.71014442 -0.02199443 -0.70358524
1778468633.497448 -0.555867 0.001433 0.488892 -0.00504655 -0.70050605 0.01542294 0.71346194
1778468633.640540 -0.565579 0.002416 0.508485 -0.01847783 -0.68827502 0.02633622 0.72473614
1778468633.778704 -0.565317 0.006860 0.546234 -0.01466293 -0.66509856 0.01959005 0.74635457
1778468634.199865 -0.611620 0.002311 0.512167 -0.00625083 -0.66138492 0.02539817 0.74959045
1778468634.766819 -0.677768 0.000795 0.475029 -0.01310356 -0.67635111 0.01250587 0.73635662
1778468634.899714 -0.694714 -0.004499 0.423823 -0.00580695 -0.66475490 0.00868398 0.74698848
1778468635.322516 -0.744132 -0.007534 0.377877 0.00359801 -0.67533698 0.01109916 0.73741699
1778468635.739937 -0.791231 -0.008519 0.342293 -0.01737699 -0.68626172 0.01520344 0.72698814
1778468636.162888 -0.847583 -0.012909 0.281139 0.00560215 -0.70333339 0.01346373 0.71071056
1778468636.718878 -0.912904 -0.016061 0.241353 0.00563357 0.71899250 -0.01698815 -0.69478734
1778468637.280581 -0.961013 -0.016525 0.195404 -0.00484926 0.73031119 -0.01035473 -0.68301891
1778468637.698790 -0.998212 -0.021472 0.155413 0.00214145 0.73120833 -0.01160513 -0.68205214
1778468638.539450 -1.094722 -0.031181 0.070290 0.00126899 0.74924042 -0.01731282 -0.66207057
1778468638.961303 -1.133862 -0.033786 0.027168 -0.00207177 0.75610507 -0.00940355 -0.65437941
1778468639.382897 -1.173049 -0.036388 -0.027640 0.00880225 0.76211067 -0.01863173 -0.64711877
1778468639.382897 -1.171273 -0.036760 -0.031953 0.00841467 0.76443149 -0.01848804 -0.64438489
1778468639.805407 -1.204379 -0.040642 -0.065408 0.01105800 0.76829343 -0.01245441 -0.63988109
1778468640.224252 -1.227460 -0.044079 -0.090082 -0.01168693 0.77428177 -0.01983991 -0.63242195
1778468640.921850 -1.276007 -0.050435 -0.138371 0.00446587 0.78422709 -0.01732827 -0.62021582
1778468642.188170 -1.361743 -0.056775 -0.216372 -0.02401584 0.79725669 0.00731140 -0.60311819
1778468642.323462 -1.365062 -0.058644 -0.214774 -0.01649473 0.76350917 -0.00384562 -0.64557484
1778468642.465463 -1.357100 -0.058505 -0.196775 -0.02615833 0.72287994 -0.01431401 -0.69032996
1778468642.603247 -1.359703 -0.059635 -0.180578 -0.01348131 -0.69306704 0.03284341 0.71999836
1778468642.745117 -1.356320 -0.055440 -0.149329 -0.01692690 -0.67217642 0.02553844 0.73975680
1778468644.145927 -1.449928 -0.060427 -0.222119 -0.01952352 -0.61853974 0.01753870 0.78531511
1778468644.700107 -1.490269 -0.061723 -0.224276 -0.01457759 -0.64296570 0.01011968 0.76568936
1778468644.847070 -1.503007 -0.063760 -0.246820 0.00847008 -0.67765442 -0.01394424 0.73519950
1778468645.542657 -1.554966 -0.068943 -0.271010 -0.00282898 -0.68902739 0.01039835 0.72465518
1778468645.690556 -1.557743 -0.068401 -0.266156 0.00073818 -0.66918731 0.01089311 0.74301355
1778468645.821812 -1.552303 -0.068356 -0.261425 -0.00857174 -0.60951555 0.02329443 0.79238544
1778468645.964200 -1.537146 -0.065267 -0.263883 0.00021603 -0.55992106 0.01531370 0.82840440
1778468646.386007 -1.570377 -0.064314 -0.258760 -0.01667518 -0.54802759 0.01002690 0.83623392
1778468646.386007 -1.569183 -0.064349 -0.260241 -0.01669266 -0.54889113 0.01015362 0.83566547
1778468646.945169 -1.589412 -0.063150 -0.251582 -0.01390101 -0.55616806 0.02330580 0.83062669
1778468647.368544 -1.619602 -0.064611 -0.241408 -0.02493183 -0.55865949 0.02079849 0.82876136
1778468648.063265 -1.666448 -0.064825 -0.223102 -0.02249820 -0.56581982 0.02530775 0.82383328
1778468648.348576 -1.687373 -0.066227 -0.218850 -0.01219192 -0.59605388 0.01403131 0.80272925
1778468649.045541 -1.737316 -0.068288 -0.218148 -0.02312719 -0.60544083 0.02431312 0.79518263
1778468649.464595 -1.766921 -0.068903 -0.212843 -0.02496827 -0.61121456 0.02464390 0.79068706
1778468649.742950 -1.785061 -0.070054 -0.213905 -0.01327726 -0.60969934 0.00819973 0.79247914
1778468649.885087 -1.782381 -0.069981 -0.214873 -0.01452900 -0.57523134 0.00651019 0.81783582
1778468650.023208 -1.777165 -0.070738 -0.212719 -0.01742781 -0.54381738 0.02551112 0.83863467
1778468650.172016 -1.758022 -0.066769 -0.218656 -0.02686156 -0.51143611 0.03880679 0.85802424
1778468650.310394 -1.775365 -0.068551 -0.205160 -0.04378751 -0.47756319 0.04457743 0.87637259
1778468651.438709 -1.769935 -0.069144 -0.206366 -0.03357573 -0.47491496 0.02407925 0.87906123
1778468651.571679 -1.770084 -0.067233 -0.206135 -0.02848411 -0.43343321 0.00999770 0.90067994
1778468651.709908 -1.763308 -0.066812 -0.208665 -0.01945826 -0.39424813 0.00355806 0.91879112
1778468651.849341 -1.748252 -0.067386 -0.213416 -0.03842470 -0.36413193 0.00198939 0.93055227
1778468652.130705 -1.755452 -0.064629 -0.204901 -0.04691335 -0.34709780 0.02067622 0.93642659
1778468652.130705 -1.755018 -0.064621 -0.205374 -0.04691506 -0.34803297 0.02081479 0.93607626
1778468652.274652 -1.754333 -0.065238 -0.210871 -0.03833641 -0.33466343 0.01681612 0.94140742
1778468652.418212 -1.754322 -0.064944 -0.209246 -0.03688110 -0.30619941 0.00642286 0.95123102
1778468652.556988 -1.752747 -0.064719 -0.206834 -0.03797135 -0.27028705 0.01299568 0.96194293
1778468652.698103 -1.750999 -0.063291 -0.191896 -0.04224630 -0.26086695 0.03091901 0.96395420
1778468652.838556 -1.752133 -0.063939 -0.199044 -0.04145635 -0.27894307 0.04181317 0.95850080
1778468652.981392 -1.752542 -0.063509 -0.200106 -0.03911025 -0.31746168 0.03688629 0.94674594
1778468653.114958 -1.757589 -0.063242 -0.188843 -0.03105577 -0.35686421 0.02991942 0.93316038
1778468653.255338 -1.764090 -0.063068 -0.186430 -0.03151257 -0.39487425 0.02120450 0.91794970
1778468653.399788 -1.764264 -0.062843 -0.186491 -0.03166294 -0.45933814 0.02326874 0.88739196
1778468653.539548 -1.756933 -0.064215 -0.197864 -0.02127337 -0.51018845 0.00937757 0.85974836
1778468653.680383 -1.753351 -0.064486 -0.207596 -0.02028880 -0.54204829 0.00670797 0.84007560
1778468653.821619 -1.755604 -0.064769 -0.212807 -0.02359828 -0.55758716 -0.00767886 0.82974738
1778468654.944745 -1.751521 -0.064979 -0.215288 -0.02862210 -0.57687022 0.01639405 0.81616956
1778468655.084932 -1.746264 -0.064799 -0.216256 -0.02955132 -0.61140769 0.01367460 0.79064554
1778468655.224369 -1.744901 -0.064147 -0.214230 -0.02459489 -0.65552355 0.01688037 0.75458533
1778468655.365063 -1.742938 -0.065214 -0.219979 -0.02140019 -0.68733511 0.00672552 0.72599397
1778468655.365063 -1.742325 -0.065250 -0.220466 -0.02140192 -0.68882351 0.00659761 0.72458306
1778468655.509043 -1.741318 -0.064735 -0.219075 0.00041042 0.76954075 -0.00315679 -0.63858977
1778468655.649567 -1.735690 -0.064988 -0.218739 -0.00194806 0.83097722 -0.02049114 -0.55592551
1778468655.791881 -1.736644 -0.066166 -0.218392 0.01544225 0.90524953 -0.01867143 -0.42418887
1778468655.932667 -1.767721 -0.074304 -0.276418 -0.00560545 0.90079721 -0.02508038 -0.43347889
1778468656.221076 -1.763199 -0.073798 -0.271328 -0.00180427 0.92144701 -0.05344699 -0.38480589
1778468656.353580 -1.765638 -0.067594 -0.252655 -0.01649882 0.90273733 -0.04054969 -0.42795890
1778468656.498242 -1.789755 -0.064598 -0.257768 -0.02125656 0.86272110 -0.03712010 -0.50386761
1778468656.917924 -1.817445 -0.070012 -0.288301 0.00994911 0.90762310 -0.03310591 -0.41836027
1778468657.476465 -1.848578 -0.076648 -0.326586 0.00921341 0.92174633 -0.01959251 -0.38718851
1778468657.761941 -1.871478 -0.076370 -0.335395 -0.01954042 0.88796145 -0.01480530 -0.45926402
1778468658.457314 -1.942905 -0.085372 -0.395580 -0.02993828 0.88872000 -0.02910858 -0.45654481
1778468658.734162 -1.939419 -0.094529 -0.413687 -0.14082922 0.81734168 -0.06022269 -0.55542141
1778468658.874130 -1.926950 -0.089352 -0.418424 -0.08629373 0.87525075 -0.00843372 -0.47583442
1778468659.012271 -1.934060 -0.081694 -0.433425 -0.00473772 0.83625502 0.06606714 -0.54432548
1778468659.293627 -1.935225 -0.082183 -0.434045 -0.00878210 0.84469148 0.01438730 -0.53498802
1778468659.573088 -1.933435 -0.084348 -0.425038 -0.02560529 0.81655602 -0.00591748 -0.57666768
1778468659.573088 -1.932549 -0.084507 -0.425711 -0.02574181 0.81893202 -0.00518718 -0.57328945
1778468659.708279 -1.930061 -0.084902 -0.421997 -0.02660866 0.79045993 -0.00054540 -0.61193528
1778468659.854377 -1.924623 -0.085016 -0.413725 -0.02924515 0.74392859 0.02840057 -0.66701453
1778468659.992453 -1.920159 -0.084639 -0.417777 0.02155020 -0.67836186 -0.03437836 0.73360678
1778468660.131224 -1.920235 -0.084457 -0.423039 0.01895281 -0.59497885 -0.00641561 0.80349225
1778468660.271985 -1.918541 -0.084933 -0.420891 0.01853801 -0.52241130 -0.02182117 0.85221277
1778468660.409945 -1.913777 -0.085953 -0.421470 0.00551318 -0.46934960 0.00543793 0.88297848
1778468660.546749 -1.923110 -0.085459 -0.428180 -0.00885233 -0.38842551 0.00693073 0.92141154
1778468660.686368 -1.921957 -0.085675 -0.425862 -0.01604910 -0.32472188 0.00347762 0.94566698
1778468660.829639 -1.916042 -0.085394 -0.420482 -0.01907103 -0.27300288 0.00388355 0.96181632
1778468660.972208 -1.906518 -0.086534 -0.415025 -0.02333551 -0.23353524 0.02548757 0.97173408
1778468661.110397 -1.909786 -0.086059 -0.398500 -0.03556603 -0.20091634 0.03549294 0.97831893
1778468661.246724 -1.901867 -0.084582 -0.371772 -0.03615770 -0.24255924 0.02116091 0.96923158
1778468661.390056 -1.900553 -0.083803 -0.361299 -0.02605553 -0.26141567 0.01300811 0.96478689
1778468661.668046 -1.885658 -0.084098 -0.347427 -0.01700431 -0.22579187 -0.00816319 0.97399294
1778468661.817203 -1.901619 -0.084164 -0.356211 -0.01927271 -0.20744164 0.01327495 0.97796743
1778468662.508417 -1.922967 -0.081538 -0.265882 -0.02317871 -0.20815520 0.01084286 0.97776101
1778468662.508417 -1.918307 -0.081783 -0.266412 -0.02269931 -0.20806168 0.01050424 0.97779586
1778468662.649058 -1.914682 -0.081847 -0.265083 -0.02481719 -0.23480679 0.01062990 0.97166707
1778468663.211687 -1.925516 -0.081662 -0.246278 -0.02649791 -0.27652925 0.01213510 0.96056347
1778468663.356782 -1.938678 -0.082920 -0.248332 -0.01494008 -0.32451308 0.00395062 0.94575496
1778468663.491283 -1.957637 -0.084758 -0.236865 -0.01037443 -0.33834873 -0.00111853 0.94096294
1778468663.771875 -2.000236 -0.090499 -0.255865 -0.01829954 -0.34333914 0.01829536 0.93885496
1778468664.187601 -1.967880 -0.084324 -0.235012 -0.01041525 -0.30995907 0.01528445 0.95056998
1778468664.333081 -1.960249 -0.084354 -0.203896 -0.01926000 -0.29420560 0.03231149 0.95500161
1778468665.032837 -2.021430 -0.083077 -0.144636 -0.03288346 -0.28763942 0.01543323 0.95704966
1778468665.453584 -2.006417 -0.081503 -0.109930 -0.02513461 -0.25685916 0.00041775 0.96612186
1778468665.873220 -2.021557 -0.085843 -0.098547 -0.02817087 -0.29794121 0.01063172 0.95410922
1778468666.150879 -1.998939 -0.080135 -0.088638 -0.03075517 -0.28001055 -0.00577028 0.95948680
1778468666.293447 -1.954448 -0.077564 -0.073840 -0.02762906 -0.25096986 -0.00042811 0.96760042
1778468666.433005 -1.921844 -0.077973 -0.070532 -0.02742969 -0.21128711 0.01374838 0.97694235
1778468666.571583 -1.848099 -0.080470 -0.048746 -0.04119021 -0.19577815 0.00321522 0.97977750
1778468666.714252 -1.805817 -0.077917 -0.078027 -0.04139233 -0.13548773 0.01860022 0.98973925
1778468666.850387 -1.778146 -0.077429 -0.082656 -0.03866174 -0.07247941 0.00928109 0.99657707
1778468666.850387 -1.664871 -0.075322 -0.097388 -0.03874639 -0.07518404 0.00951365 0.99637120
1778468666.994601 -1.549248 -0.075381 -0.126288 -0.03233621 -0.00945741 0.00082662 0.99943196
1778468667.144934 -1.425422 -0.070929 -0.132283 -0.04162951 0.04693633 0.00298571 0.99802558
1778468667.693928 -1.306355 -0.067131 -0.140241 -0.05669368 0.00016707 0.01900008 0.99821080
1778468667.833509 -1.185310 -0.063046 -0.145881 -0.05294799 -0.05455809 0.01806444 0.99694213
1778468667.975617 -1.070599 -0.058365 -0.138918 -0.04306404 -0.07483943 -0.00183714 0.99626361
1778468668.536027 -0.972393 -0.053971 -0.084166 -0.02237257 -0.08396314 0.02632160 0.99586989
1778468668.955683 -0.889740 -0.050254 -0.061676 -0.02509958 -0.10165088 0.01632459 0.99436946
1778468669.798111 -0.827557 -0.042391 0.001634 -0.03531648 -0.10655150 0.01180110 0.99360971
1778468671.052519 -0.753449 -0.034972 0.071122 -0.02954137 -0.05943564 0.01551521 0.99767429
1778468671.611008 -0.677272 -0.029905 0.108304 -0.04128354 -0.02216509 0.00048735 0.99890147
1778468671.751951 -0.611245 -0.026311 0.103443 -0.05522839 -0.00188340 0.00539326 0.99845741
1778468672.599095 -0.541915 -0.015945 0.215621 -0.03751353 -0.00955781 0.00463268 0.99923967
1778468673.432145 -0.475917 -0.001994 0.411372 -0.05469483 -0.02152627 0.02266436 0.99801374
1778468674.556106 -0.411530 0.015874 0.609923 -0.06253591 0.01440787 0.00108905 0.99793812
1778468674.696946 -0.382723 0.019326 0.614899 -0.04305249 0.05576150 0.00592273 0.99749790
1778468675.814391 -0.323218 0.029171 0.809323 -0.05381168 0.05215765 -0.00253713 0.99718476
1778468675.814391 -0.291798 0.029507 0.799446 -0.05408410 0.04450809 -0.00271220 0.99754027
1778468676.093864 -0.279500 0.028587 0.782428 -0.05256312 -0.05140448 -0.00261016 0.99729027
1778468676.232000 -0.252054 0.028295 0.765907 -0.04954418 -0.14620496 -0.00183390 0.98801119
1778468676.374277 -0.236482 0.028589 0.757639 -0.03539938 -0.21379215 0.01633029 0.97610098
1778468676.514636 -0.209547 0.029994 0.753186 -0.03437001 -0.30847633 0.00756895 0.95058075
1778468676.652982 -0.184020 0.030311 0.739847 -0.03857779 -0.38765379 0.01992657 0.92078185
1778468676.791783 -0.173319 0.028985 0.726513 -0.03784391 -0.48563526 0.04353017 0.87225648
1778468676.934704 -0.163102 0.031332 0.729860 -0.03753395 -0.58543923 0.03364711 0.80914769
1778468677.211822 -0.145793 0.031197 0.728195 -0.02317332 -0.62781880 0.02813056 0.77750577
1778468677.771058 -0.165902 0.033016 0.730172 -0.02382433 -0.59474897 0.01367707 0.80344197
1778468678.611775 -0.218409 0.030032 0.722105 -0.00642278 -0.60884323 0.02851914 0.79275175
1778468679.313752 -0.328751 0.031027 0.757495 -0.02562498 -0.61244984 0.03413056 0.78935648
1778468680.020312 -0.391390 0.029177 0.793907 -0.01348159 -0.62815349 0.03273180 0.77728377
1778468680.577492 -0.439123 0.033865 0.812350 -0.02536793 -0.62607583 0.03103759 0.77873114
1778468680.853456 -0.443159 0.034480 0.811292 -0.03148913 -0.62294855 0.03296416 0.78093335
1778468681.844479 -0.570467 0.034513 0.878836 -0.01882927 -0.63941761 0.01754838 0.76842868
1778468682.817583 -0.644226 0.036563 0.892412 -0.02093025 -0.64431261 0.01541412 0.76432034
1778468682.817583 -0.603883 0.037566 0.898299 -0.02078523 -0.64668286 0.01641489 0.76229902
1778468684.358929 -0.812817 0.029087 0.964961 -0.01220966 -0.65901970 0.01654049 0.75184465
1778468685.337868 -0.965809 0.030138 1.010497 -0.02261799 -0.67221347 0.01595228 0.73983985
1778468686.455767 -1.127942 0.028096 1.038545 -0.01845745 -0.68279835 0.01840375 0.73014179
1778468686.737180 -1.095791 0.027054 1.036310 0.00589353 0.71324139 -0.03536359 -0.70000100
1778468686.874258 -1.086283 0.023650 1.074696 -0.00683875 0.76872749 -0.00462261 -0.63952319
1778468687.014115 -1.102381 0.019176 1.037935 -0.01994175 0.81974169 -0.01336311 -0.57223012
1778468687.157623 -1.108841 0.023031 1.005249 -0.00877301 0.86562916 -0.01250864 -0.50045252
1778468687.298609 -1.032489 0.018967 0.940477 -0.01049784 0.91409367 -0.01395187 -0.40512703
1778468687.435888 -0.922592 0.021947 0.951845 -0.00885568 0.94657955 -0.02912298 -0.32103051
1778468687.719882 -0.927460 0.013624 0.934775 -0.02180589 0.96040675 -0.02708104 -0.27642359
1778468687.998352 -0.965260 0.013578 0.903823 -0.00021050 0.94992992 -0.02631591 -0.31135282
1778468688.138930 -0.943047 0.027209 0.907770 0.01013393 0.94773991 -0.02476630 -0.31791981
1778468688.839925 -0.893067 0.009290 0.819803 -0.01247696 0.93914137 -0.01950452 -0.34274975
1778468689.958682 -0.887642 0.010686 0.741979 -0.00845374 0.93159744 -0.02072243 -0.36280205
1778468690.516936 -0.902624 0.006198 0.700376 -0.00326308 0.92342776 -0.02528769 -0.38292436
1778468691.356349 -0.883973 0.006984 0.658243 -0.00402057 0.93850729 -0.01898608 -0.34471356
1778468691.356349 -0.883632 0.006977 0.658083 -0.00394993 0.93853145 -0.01905722 -0.34464466
1778468691.493314 -0.879258 0.007068 0.660526 -0.01969717 0.94597138 -0.01359657 -0.32336558
1778468691.635240 -0.877033 0.007984 0.661430 -0.02881426 0.95646036 -0.01138260 -0.29021328
1778468691.777189 -0.873709 0.008053 0.663925 -0.01424035 0.96631182 -0.01764951 -0.25637313
1778468691.912609 -0.870092 0.008099 0.660783 -0.01452066 0.97414482 -0.01355981 -0.22504922
1778468692.053387 -0.865027 0.007309 0.658230 0.00359810 0.98089097 -0.02345921 -0.19310524
1778468692.194285 -0.862742 0.008190 0.666879 -0.00834437 0.98774482 -0.02456155 -0.15390673
1778468692.333383 -0.855572 0.008209 0.659696 -0.02235410 0.99195716 -0.02147739 -0.12271919
1778468692.474021 -0.848427 0.009828 0.664101 -0.04596786 0.99448692 -0.01667831 -0.09276080
1778468692.615047 -0.827030 0.010242 0.653825 -0.03436576 0.98938790 -0.01633310 -0.14022769
1778468692.760042 -0.840029 0.010186 0.662833 -0.03613778 0.98835292 -0.02042031 -0.14640893
1778468692.904404 -0.857922 0.010178 0.675620 -0.03192549 0.98828715 -0.02364950 -0.14734303
1778468693.042206 -0.872613 0.010471 0.690038 -0.03744004 0.98466818 -0.01918380 -0.16928908
1778468693.179773 -0.885136 0.010605 0.702632 -0.03946096 0.97952259 -0.01548749 -0.19682088
1778468693.313071 -0.888757 0.010225 0.703131 -0.03591214 0.97023664 -0.01074983 -0.23923966
1778468693.454185 -0.891461 0.010468 0.712627 -0.04250580 0.95978814 -0.01016097 -0.27730261
1778468693.602506 -0.899335 0.009946 0.713385 -0.02730322 0.94904152 -0.01530006 -0.31359310
1778468693.602506 -0.897661 0.010019 0.711493 -0.02735592 0.94592235 -0.01496628 -0.32289097
1778468693.733598 -0.903077 0.010145 0.717802 -0.02188684 0.92828120 -0.01225603 -0.37103204
1778468693.874794 -0.922668 0.010735 0.727686 -0.01259529 0.92001776 -0.00940385 -0.39156128
1778468694.305861 -0.940467 0.009141 0.724383 -0.01206083 0.91991910 -0.01040951 -0.39178441
1778468694.582251 -0.933038 0.008621 0.702711 -0.01770164 0.91755496 -0.01106354 -0.39706064
1778468694.714848 -0.925405 0.008098 0.685623 -0.01491333 0.92197025 -0.01666663 -0.38661438
1778468694.858214 -0.917277 0.007799 0.675148 -0.02318895 0.92921165 -0.02007079 -0.36827319
1778468695.138191 -0.926644 0.005568 0.662076 -0.03041279 0.93423692 -0.01549635 -0.35501593
1778468696.256311 -0.923531 0.005316 0.661247 -0.03450409 0.93195363 -0.01536850 -0.36060464
1778468696.539299 -0.912605 0.007515 0.667627 -0.02417678 0.92416609 -0.01415972 -0.38096197
1778468696.812016 -0.873976 0.011283 0.698910 -0.03436434 0.93575229 -0.01485439 -0.35066521
1778468696.951853 -0.871404 0.012149 0.709891 -0.02676098 0.95939440 -0.01590303 -0.28034502
1778468697.095311 -0.864803 0.012978 0.704613 -0.00120233 0.97191330 -0.03228779 -0.23311067
1778468697.235060 -0.846316 0.009703 0.688417 -0.00734839 0.98230894 -0.02091415 -0.18595092
1778468697.375454 -0.815526 0.008082 0.671716 -0.01724527 0.99025885 -0.02092780 -0.13657246
1778468697.514559 -0.801480 0.009555 0.670093 -0.04058210 0.99881395 -0.01002045 -0.02496756
1778468697.653627 -0.779672 0.010521 0.670917 -0.03648773 0.99883377 -0.00935665 0.03020250
1778468697.653627 -0.759767 0.011252 0.673537 -0.03604231 0.99924672 -0.00869220 0.01146269
1778468697.795194 -0.740121 0.012353 0.681810 -0.03280752 0.99644345 -0.02097760 0.07472655
1778468698.498722 -0.730670 0.005532 0.602309 -0.03019629 0.99844547 -0.02714916 0.03818061
1778468698.637991 -0.723918 0.004288 0.572566 -0.01763453 0.99778672 -0.02417837 -0.05938094
1778468699.200209 -0.727030 0.000960 0.508998 -0.01517616 0.98635262 -0.02179023 -0.16249118
1778468699.339725 -0.711011 -0.001174 0.530909 -0.00631864 0.97015819 -0.02583746 -0.24100952
1778468699.481871 -0.722538 -0.002129 0.516566 0.00369839 0.93861982 -0.02959857 -0.34366130
1778468700.039223 -0.741528 -0.001499 0.441334 -0.01857247 0.90565812 -0.00161731 -0.42359864
1778468700.320263 -0.746200 -0.006780 0.404172 -0.01121266 0.89262650 -0.01436411 -0.45042855
1778468700.461051 -0.741795 -0.004460 0.402731 -0.00357011 0.86811260 -0.00804618 -0.49628926
1778468700.738236 -0.746307 -0.007586 0.376883 0.00278585 0.84342272 -0.01589000 -0.53700825
1778468701.020065 -0.741985 -0.009798 0.370386 -0.01486526 0.82248489 -0.01076324 -0.56849080
1778468701.171043 -0.746682 -0.012765 0.347343 0.00072934 0.78472171 -0.02252931 -0.61943824
1778468701.721962 -0.770016 -0.010927 0.319456 -0.00971866 0.76464097 -0.00624430 -0.64435296
1778468702.424744 -0.818164 -0.010656 0.276713 0.00747888 0.75427325 -0.01128961 -0.65642096
1778468702.756651 -0.843253 -0.015909 0.243875 0.01381895 0.74785705 -0.02371182 -0.66329226
1778468703.337501 -0.893844 -0.017614 0.204041 0.00308822 0.75087174 -0.00872215 -0.66038323
1778468703.337501 -0.891591 -0.017447 0.203339 0.00329554 0.75015240 -0.00894307 -0.66119629
1778468703.936485 -0.942356 -0.019649 0.159302 0.00983445 0.75630314 -0.01865839 -0.65388126
1778468704.402820 -0.982167 -0.025128 0.127552 0.00491453 0.75549322 -0.02988083 -0.65445625
1778468705.108035 -1.031335 -0.026662 0.081299 -0.00441895 0.75830973 -0.01895144 -0.65160392
1778468705.922053 -1.099661 -0.033755 0.029679 -0.00494238 0.75350255 -0.01160424 -0.65732399
1778468706.286757 -1.117673 -0.035073 0.013245 0.01232393 0.73162356 -0.02133780 -0.68126337
1778468706.982948 -1.131339 -0.035384 -0.009840 -0.00277077 0.78465973 -0.00367508 -0.61990961
1778468707.323859 -1.149480 -0.036940 -0.025550 -0.00898872 0.80404762 -0.00331550 -0.59448771
1778468707.743177 -1.169308 -0.040469 -0.047475 -0.01467424 0.79161579 -0.00632823 -0.61081017
1778468708.022138 -1.172534 -0.041095 -0.052109 -0.00398756 0.77364319 -0.02014113 -0.63328876
1778468708.439272 -1.182771 -0.040410 -0.058906 -0.00974844 0.74796528 -0.01751727 -0.66343504
1778468709.006009 -1.202503 -0.042243 -0.075079 0.00401407 0.74329387 -0.02199277 -0.66859137
1778468709.424372 -1.216255 -0.042813 -0.090137 0.00320928 0.74046187 -0.01486666 -0.67192626
1778468709.839949 -1.235988 -0.043670 -0.107865 0.00182533 0.74128365 -0.01115497 -0.67109671
1778468710.818082 -1.330772 -0.049570 -0.184566 0.02142728 0.75289678 -0.02739328 -0.65721908
1778468710.959753 -1.329737 -0.055347 -0.199832 0.00389693 0.77003666 -0.03306820 -0.63713017
1778468711.104896 -1.347030 -0.056153 -0.208602 -0.00474907 0.80225359 -0.01952920 -0.59664498
1778468711.104896 -1.343257 -0.056099 -0.208644 -0.00435114 0.80240553 -0.01971516 -0.59643754
1778468711.518951 -1.350136 -0.055692 -0.214466 0.00383408 0.76742438 -0.01177615 -0.64101985
1778468712.222774 -1.381999 -0.059780 -0.226141 -0.00552951 0.75324685 -0.01801788 -0.65746784
1778468712.360541 -1.381396 -0.060203 -0.213562 -0.00682480 0.73100151 -0.01997698 -0.68204922
1778468712.645184 -1.395890 -0.060165 -0.221735 0.00383932 0.71490396 -0.01874051 -0.69896093
1778468713.060271 -1.396857 -0.060066 -0.221055 -0.00239458 -0.67634400 0.01409451 0.73644715
1778468713.199759 -1.396842 -0.059830 -0.218695 -0.00956357 -0.62392969 0.01908823 0.78118879
1778468713.344794 -1.408242 -0.061427 -0.217745 -0.02900858 -0.59872927 0.04382448 0.79922536
1778468713.623705 -1.417371 -0.060641 -0.214936 -0.03218837 -0.62616847 0.02780672 0.77852664
1778468714.045185 -1.453091 -0.061388 -0.231064 -0.01632467 -0.62775587 0.01942615 0.77799659
1778468715.032197 -1.527646 -0.064361 -0.243262 -0.01997035 -0.63341439 0.01905106 0.77332041
1778468715.443513 -1.565221 -0.067344 -0.249212 -0.02303197 -0.60447330 0.02339889 0.79594852
1778468715.722609 -1.584854 -0.066647 -0.247638 -0.03420567 -0.58172037 0.00981757 0.81260999
1778468716.142030 -1.599791 -0.067730 -0.256972 -0.02780295 -0.56306112 0.02696048 0.82550730
1778468716.847383 -1.629874 -0.073634 -0.294575 -0.01551891 -0.54992829 0.03519419 0.83432572
1778468717.403473 -1.640555 -0.068647 -0.251596 -0.02538142 -0.54825993 0.01712311 0.83574735
1778468717.681539 -1.658696 -0.071063 -0.267840 -0.00503684 -0.60810088 -0.01136068 0.79376248
1778468717.681539 -1.657773 -0.071125 -0.269081 -0.00508175 -0.60809013 -0.01120403 0.79377266
1778468718.116717 -1.664941 -0.071327 -0.256180 -0.01415629 -0.57175471 0.01825199 0.82009940
1778468718.242756 -1.679263 -0.070958 -0.258431 -0.02234410 -0.55137283 0.01816059 0.83376192
1778468718.945690 -1.702360 -0.072126 -0.251181 -0.02053282 -0.56893743 0.01292041 0.82202291
1778468719.080844 -1.707016 -0.073376 -0.262028 -0.00959666 -0.61396329 0.00318004 0.78926984
1778468719.224669 -1.736539 -0.074044 -0.271348 -0.00175037 -0.65098383 -0.00188360 0.75908724
1778468719.922661 -1.788916 -0.075039 -0.282931 -0.00567866 -0.64556096 0.01327287 0.76357229
1778468720.347009 -1.829077 -0.076408 -0.310621 -0.00634694 -0.68587203 0.01395974 0.72756058
1778468720.763785 -1.851097 -0.079422 -0.314103 0.00311067 0.70739353 -0.03054108 -0.70615293
1778468720.905416 -1.863034 -0.079358 -0.316921 -0.02391004 -0.68074370 0.03069514 0.73148762
1778468721.326982 -1.886238 -0.077710 -0.331816 0.01126188 0.74372378 -0.00762870 -0.66834864
1778468721.744736 -1.905156 -0.085592 -0.353278 -0.01700786 0.74132412 -0.03331711 -0.67010391
1778468721.885215 -1.903202 -0.086135 -0.346306 -0.00675921 0.71846110 -0.03184256 -0.69480502
1778468722.305958 -1.909042 -0.083827 -0.363973 -0.01510511 0.73931503 -0.04086000 -0.67194909
1778468722.442703 -1.923314 -0.082990 -0.383188 -0.00604124 0.80542348 -0.05415921 -0.59018921
1778468722.586603 -1.932179 -0.086690 -0.393705 -0.00284616 0.85092864 -0.05744669 -0.52212280
1778468723.142605 -1.921420 -0.084839 -0.409237 -0.01746310 0.82299829 -0.00346750 -0.56776477
1778468723.142605 -1.920059 -0.084964 -0.409087 -0.01670886 0.82606800 -0.00306103 -0.56331440
1778468723.426829 -1.915441 -0.088239 -0.413205 -0.02743294 0.81219160 -0.07426715 -0.57799363
1778468723.700974 -1.910684 -0.086999 -0.403946 -0.00995261 0.79636873 -0.05694040 -0.60204284
1778468723.844996 -1.905797 -0.084089 -0.389894 -0.01602769 0.74660068 -0.04163737 -0.66377471
1778468723.982377 -1.900819 -0.082853 -0.379678 -0.01151058 -0.70179367 0.03610149 0.71137180
1778468724.125529 -1.893045 -0.082077 -0.371830 -0.00730702 -0.67623187 0.02409529 0.73625844
1778468724.264962 -1.888533 -0.082866 -0.372684 -0.01045125 -0.63913843 0.01449958 0.76888399
1778468724.403070 -1.888196 -0.082973 -0.369717 -0.00588264 -0.60746986 0.01269904 0.79421943
1778468724.541926 -1.889455 -0.084532 -0.366216 0.01221274 -0.56456061 0.00223253 0.82529824
1778468724.679720 -1.883489 -0.084286 -0.367075 0.00233531 -0.51475129 0.00233137 0.85733320
1778468724.820930 -1.877620 -0.080925 -0.335128 -0.00663691 -0.49592819 0.01837929 0.86814364
1778468724.959125 -1.861063 -0.079640 -0.320743 -0.00441914 -0.44353601 0.02996093 0.89574473
1778468725.100597 -1.858960 -0.082347 -0.311575 -0.00626416 -0.39200729 0.00668915 0.91991646
1778468725.239972 -1.849543 -0.083452 -0.305455 -0.01149739 -0.33902669 0.00077651 0.94070618
1778468725.384949 -1.836783 -0.083577 -0.297104 -0.00754613 -0.28814974 -0.00339447 0.95754961
1778468725.525090 -1.829319 -0.085465 -0.297661 -0.00564221 -0.22409514 -0.01653657 0.97441063
1778468725.668003 -1.834519 -0.084978 -0.293908 -0.00885627 -0.17549853 -0.00175914 0.98443829
1778468725.668003 -1.828908 -0.084465 -0.293671 -0.00941407 -0.17655142 -0.00106240 0.98424582
1778468725.803474 -1.821836 -0.084079 -0.296673 -0.01099664 -0.12379747 0.01411870 0.99214612
1778468725.945070 -1.811749 -0.083135 -0.290624 -0.01812501 -0.08733376 0.00950018 0.99596890
1778468726.227417 -1.811090 -0.083060 -0.294148 -0.03535459 -0.14729766 0.01973753 0.98826306
1778468726.785511 -1.805701 -0.082110 -0.283498 -0.02019911 -0.15995037 0.00079875 0.98691805
1778468727.905205 -1.804394 -0.083599 -0.301821 -0.07738660 -0.17280603 0.03258476 0.98137028
1778468728.041244 -1.797282 -0.081774 -0.298040 -0.13581907 -0.18207690 0.00612243 0.97383967
1778468728.181134 -1.797091 -0.082983 -0.302648 -0.17374067 -0.18292396 -0.07097686 0.96504678
1778468728.320760 -1.792483 -0.079692 -0.292018 -0.21604232 -0.19447339 -0.14486019 0.94579138
1778468728.462025 -1.778482 -0.099050 -0.263948 -0.07518130 -0.21503784 -0.03410581 0.97311011
1778468728.601393 -1.782814 -0.100790 -0.290390 -0.03092517 -0.17678909 0.02632500 0.98341052
1778468728.742951 -1.757044 -0.095277 -0.266011 -0.04625111 -0.15279475 -0.01210823 0.98710080
1778468728.888473 -1.955624 -0.112060 -0.221813 -0.04573809 -0.26123402 -0.12184577 0.95646141
1778468729.025815 -1.944039 -0.099663 -0.237599 0.02911839 -0.25619158 -0.02959231 0.96573407
1778468729.166101 -1.951270 -0.090262 -0.245678 -0.01089728 -0.26468425 0.01337316 0.96418082
1778468729.305100 -1.944003 -0.078974 -0.201840 -0.02635908 -0.27791496 -0.00581285 0.96022637
1778468729.447909 -1.922939 -0.078055 -0.227741 -0.09417135 -0.27464384 0.00583646 0.95690567
1778468729.447909 -1.921831 -0.077549 -0.227299 -0.09328366 -0.27454076 0.00635412 0.95701889
1778468729.587987 -1.919733 -0.077344 -0.226566 -0.11796605 -0.26719763 -0.00338488 0.95638799
1778468729.724234 -1.931683 -0.074867 -0.223993 -0.12148284 -0.26124030 -0.08506726 0.95381287
1778468729.866136 -1.946607 -0.079192 -0.214250 -0.11181210 -0.27358987 -0.06780254 0.95291629
1778468730.007071 -1.960909 -0.079456 -0.196864 -0.06080843 -0.27373746 -0.07150534 0.95721321
1778468730.566059 -1.951321 -0.083326 -0.194314 -0.06232480 -0.27020688 -0.03683182 0.96007671
1778468732.387910 -1.956108 -0.085628 -0.169965 -0.03894788 -0.27011080 0.00027599 0.96204113
1778468732.812195 -1.984315 -0.086546 -0.157000 -0.04401729 -0.27670631 -0.00521032 0.95993174
1778468734.348059 -1.957338 -0.085559 -0.140683 -0.02961796 -0.26474576 -0.00316852 0.96385809
1778468734.483011 -1.946409 -0.085281 -0.129308 -0.02699745 -0.23356708 -0.00962731 0.97191814
1778468734.626109 -1.923738 -0.082857 -0.114383 -0.04965600 -0.21080510 0.00590637 0.97624823
1778468734.906672 -1.906781 -0.080195 -0.093462 -0.04660214 -0.21534031 0.01722936 0.97527429
1778468735.606532 -1.895564 -0.081584 -0.095507 -0.04142289 -0.18399793 0.01194400 0.98198078
1778468735.744040 -1.880477 -0.078689 -0.103010 -0.04540591 -0.15381583 0.01912083 0.98687050
1778468735.885356 -1.878113 -0.078249 -0.107476 -0.05065012 -0.09372968 0.00665999 0.99428615
1778468736.024189 -1.871195 -0.074501 -0.116027 -0.04912384 -0.04782062 -0.00824336 0.99761319
1778468736.163614 -1.861547 -0.074355 -0.129567 -0.04498960 0.04299407 -0.01802170 0.99789913
1778468736.163614 -1.861547 -0.074355 -0.129567 -0.04498960 0.04299407 -0.01802170 0.99789913
1778468736.305137 -1.869181 -0.074703 -0.133961 -0.05228874 0.17193197 -0.03036175 0.98325147
1778468736.447042 -1.834157 -0.072433 -0.120150 -0.05118642 0.28772861 -0.01407955 0.95623949
1778468736.867562 -1.768861 -0.067803 -0.082148 -0.06190700 0.31054769 -0.02317691 0.94825655
1778468737.985323 -1.751175 -0.064256 -0.046589 -0.04979998 0.17677675 -0.01450738 0.98288325
1778468738.265037 -1.721929 -0.062257 -0.039157 -0.04770684 0.25797203 -0.02116750 0.96474164
1778468738.406794 -1.699838 -0.062316 -0.038430 -0.05804485 0.36136665 -0.02134723 0.93037049
1778468738.546149 -1.678816 -0.065056 -0.050583 -0.06290467 0.43543045 -0.02458875 0.89768520
1778468738.687952 -1.653287 -0.064513 -0.072211 -0.07754769 0.47632346 -0.04826282 0.87451302
1778468739.245363 -1.643623 -0.063228 -0.047370 -0.02416904 0.56840295 -0.02482802 0.82202038
1778468739.807019 -1.546348 -0.058454 -0.005522 -0.06490430 0.52380320 -0.00985742 0.84930588
1778468739.946008 -1.490545 -0.054252 0.027868 -0.09642934 0.41077935 0.00118933 0.90662026
1778468740.082950 -1.509237 -0.052690 0.039630 -0.06880724 0.29884158 -0.03613097 0.95113292
1778468740.224723 -1.521976 -0.053657 0.036562 -0.06963041 0.18744539 -0.03291860 0.97925084
1778468740.364621 -1.541010 -0.055550 0.034393 -0.05430777 0.06928838 -0.02976774 0.99567247
1778468740.504234 -1.567349 -0.056954 0.026145 -0.06007733 -0.02082900 -0.01863723 0.99780235
1778468740.647822 -1.548287 -0.055931 0.028854 -0.05853256 -0.07808820 -0.00832101 0.99519191
1778468740.647822 -1.548287 -0.055931 0.028854 -0.05853258 -0.07808816 -0.00832098 0.99519191
1778468744.707350 -1.537299 -0.055519 0.056164 -0.02712256 -0.08560242 0.01951826 0.99576886
1778468745.272464 -1.497406 -0.047779 0.149444 -0.05229455 -0.08708773 0.00015890 0.99482711
1778468745.827506 -1.457899 -0.037706 0.255792 -0.05378108 -0.09541904 -0.01049954 0.99392784
1778468745.967149 -1.477684 -0.040222 0.253107 -0.05557486 -0.12733440 -0.01816054 0.99013513
1778468746.110566 -1.468782 -0.038176 0.274372 -0.03882405 -0.15899158 -0.00627881 0.98649630
1778468747.090662 -1.478623 -0.026780 0.349406 -0.05795290 -0.18173961 0.00313950 0.98163248
1778468747.232518 -1.464963 -0.027320 0.383493 -0.04564230 -0.21894064 0.00660623 0.97464770
1778468747.928356 -1.502485 -0.022165 0.397219 -0.04177009 -0.12744411 -0.00364458 0.99095912
1778468748.066819 -1.481620 -0.018159 0.435007 -0.04781332 -0.07351494 0.01115846 0.99608480
1778468748.207851 -1.461042 -0.017196 0.446612 -0.04790120 -0.01056592 0.00688542 0.99877246
1778468748.344609 -1.489031 -0.019563 0.418273 -0.05646979 0.11884798 0.01371976 0.99121042
1778468748.494318 -1.492563 -0.021404 0.446918 -0.05753055 0.26647752 -0.00415823 0.96211365
1778468748.631350 -1.509568 -0.022530 0.424941 -0.05529252 0.39519808 -0.01686890 0.91677514
1778468748.775240 -1.502581 -0.023715 0.428596 -0.06950853 0.54511294 -0.03639119 0.83468325
1778468748.912285 -1.523513 -0.029167 0.415775 -0.07577904 0.66680542 -0.03847851 0.74036982
1778468749.049458 -1.542880 -0.034960 0.387192 -0.05703170 0.73960032 -0.02105357 0.67029508
1778468749.049458 -1.542880 -0.034960 0.387192 -0.05703170 0.73960032 -0.02105357 0.67029508
1778468749.192121 -1.555203 -0.037322 0.371231 -0.04057820 0.78658050 -0.02428958 0.61567406
1778468749.329154 -1.528962 -0.041344 0.316036 -0.04711547 0.81722853 -0.02145949 0.57398359
1778468749.471726 -1.491044 -0.037501 0.296549 -0.04807700 0.83033634 -0.00469293 0.55516497
1778468750.029243 -1.448185 -0.037705 0.320438 -0.05941329 0.85507495 -0.03016245 0.51420532
1778468750.169096 -1.392167 -0.034728 0.309107 -0.04941025 0.86875894 -0.02660583 0.49204538
1778468750.733651 -1.307623 -0.032819 0.289843 -0.04102244 0.86580938 -0.02016710 0.49828161
1778468751.426785 -1.145318 -0.021891 0.269274 -0.04648081 0.87211305 -0.01006984 0.48698764
1778468751.707290 -1.106604 -0.029148 0.271567 -0.02415190 0.87855938 -0.01739025 0.47670502
1778468752.407552 -0.976776 -0.018468 0.233566 -0.04049966 0.87666934 -0.01980942 0.47897623
1778468752.825213 -0.896144 -0.018065 0.225645 -0.04931719 0.88228476 -0.03282363 0.46697327
1778468753.106794 -0.890348 -0.020429 0.231761 -0.04390741 0.88889810 -0.03149948 0.45490669
1778468753.389441 -0.879493 -0.027737 0.199414 -0.03572808 0.90527457 -0.03204382 0.42210740
1778468753.809275 -0.870601 -0.028195 0.187142 -0.02924708 0.90109196 -0.02757233 0.43176110
1778468754.099997 -0.863062 -0.028667 0.188793 -0.04131253 0.88969831 -0.03497871 0.45332844
1778468754.517805 -0.854640 -0.034478 0.175127 -0.02928681 0.89422915 -0.03638609 0.44516576
1778468755.920379 -0.837368 -0.031479 0.177463 -0.03634942 0.87621167 -0.03864031 0.47899766
1778468755.920379 -0.837368 -0.031479 0.177463 -0.03634942 0.87621167 -0.03864031 0.47899766
1778468756.198087 -0.847614 -0.032537 0.171733 -0.02567001 0.87227548 -0.02790885 0.48754244
1778468756.336964 -0.876879 -0.033616 0.151359 -0.03044718 0.86250216 -0.03357441 0.50401959
1778468756.482260 -0.894941 -0.035520 0.129466 -0.03391626 0.85880338 -0.03203740 0.51017649
1778468756.620305 -0.921055 -0.039260 0.104331 -0.02844999 0.86366553 -0.02881811 0.50243603
1778468756.760538 -0.923472 -0.040987 0.094445 -0.03282099 0.88596231 -0.03312767 0.46140669
1778468756.900824 -0.929052 -0.041772 0.088338 -0.05042256 0.90731002 -0.04150987 0.41535891
1778468757.041362 -0.938867 -0.043358 0.094682 -0.05518815 0.93617434 -0.01863347 0.34667661
1778468757.187615 -0.958318 -0.046352 0.074376 -0.03451304 0.94758856 -0.03116326 0.31609117
1778468757.323581 -0.981261 -0.047120 0.063922 -0.02930268 0.95252356 -0.02288277 0.30218635
1778468757.609375 -0.983146 -0.049399 0.061566 -0.03704688 0.93755599 -0.02110736 0.34521120
1778468757.744423 -0.965611 -0.045628 0.069989 -0.04375691 0.92208081 -0.03088567 0.38327326
1778468758.164268 -0.946025 -0.043915 0.081866 -0.04125735 0.90612903 -0.03166879 0.41979174
1778468758.303197 -0.946666 -0.045382 0.072265 -0.05051214 0.87942775 -0.03208747 0.47225602
1778468758.441714 -0.920458 -0.041297 0.107469 -0.05038670 0.87639884 -0.03645744 0.47755326
1778468758.585218 -0.923989 -0.042643 0.087227 -0.06260395 0.82850908 -0.03314230 0.55547731
1778468758.724271 -0.891539 -0.035513 0.142446 -0.05553046 0.84446060 -0.03010948 0.53187976
1778468758.724271 -0.891539 -0.035513 0.142446 -0.05553046 0.84446060 -0.03010948 0.53187976
1778468758.868535 -0.893408 -0.036356 0.138195 -0.05965040 0.81415785 -0.03740456 0.57635902
1778468759.005472 -0.872153 -0.032935 0.167227 -0.05531775 0.79301640 -0.04302341 0.60515612
1778468759.148725 -0.867189 -0.031787 0.172880 -0.05058004 0.74654480 -0.03608916 0.66242743
1778468759.284454 -0.864297 -0.030624 0.184214 -0.05041049 0.70022450 -0.04607565 0.71064863
1778468759.426146 -0.860215 -0.028839 0.200192 -0.05790330 0.65060678 -0.04970850 0.75557070
1778468760.124682 -0.863776 -0.029886 0.183101 -0.07695810 0.66857064 -0.07259152 0.73608506
1778468760.265185 -0.856943 -0.028954 0.193749 -0.06763093 0.71671547 -0.06500213 0.69102802
1778468761.951221 -0.828728 -0.025870 0.216170 -0.07155636 0.70588655 -0.06854122 0.70136008
1778468762.653289 -0.800026 -0.024261 0.236027 -0.05646159 0.71752886 -0.06226621 0.69143860
1778468762.788371 -0.806833 -0.025692 0.226521 -0.05686853 0.72391253 -0.06442666 0.68451868
1778468762.932791 -0.802627 -0.026436 0.223708 -0.04949376 0.74786348 -0.05503740 0.65971318
1778468764.343860 -0.826911 -0.029349 0.195575 -0.05638666 0.75425659 -0.06178747 0.65122950
1778468764.474005 -0.821908 -0.028269 0.204064 -0.05387307 0.80037774 -0.04100610 0.59566069
1778468764.615611 -0.863508 -0.032659 0.170854 -0.04695220 0.82214439 -0.04180881 0.56579688
1778468764.752341 -0.888489 -0.035330 0.146428 -0.03827148 0.85225803 -0.03885051 0.52027125
1778468764.893327 -0.872519 -0.031871 0.178973 -0.04318554 0.90584489 -0.03355179 0.42006467
1778468764.893327 -0.872519 -0.031871 0.178973 -0.04318554 0.90584489 -0.03355179 0.42006467
1778468765.034403 -0.877226 -0.032371 0.171167 -0.03294038 0.92961995 -0.03637243 0.36523789
1778468765.178561 -0.881048 -0.032815 0.169050 -0.02832738 0.95394409 -0.04210262 0.29566130
1778468765.448398 -0.871637 -0.032219 0.187399 -0.04197365 0.97697749 -0.03823512 0.20564842
1778468765.556394 -0.874066 -0.032162 0.174624 -0.03302695 0.99474708 -0.04688875 0.08478746
1778468765.672451 -0.809309 -0.039821 0.097163 -0.01780353 0.89114060 -0.04386889 -0.45125046
1778468765.810606 -0.795714 -0.036989 0.117715 0.01449963 0.76227027 -0.01969109 -0.64679676
1778468766.369839 -0.740009 -0.008994 0.315255 -0.01541986 0.99339289 -0.04405685 -0.10484175
1778468766.649420 -0.748627 -0.037921 0.115648 0.04067979 0.74316291 -0.01353179 -0.66773567
1778468766.787537 -0.677555 -0.009463 0.307500 -0.02978537 0.96578440 -0.02829833 -0.25607133
1778468766.928652 -0.722033 0.000163 0.345822 -0.06603938 0.99515189 -0.03215099 -0.06540515
1778468767.066813 -0.765980 -0.018620 0.219811 0.00020686 0.91095645 -0.03941585 -0.41061503
1778468767.221902 -0.891962 -0.012645 0.257559 -0.04035889 0.97351876 -0.04921696 0.21956792
1778468767.768998 -0.873509 -0.023267 0.208313 -0.01010466 0.99559234 -0.03486392 -0.08647712
1778468767.907746 -0.791219 -0.011729 0.247375 -0.01090732 0.96101361 -0.02323494 -0.27530713
1778468768.328754 -0.844671 -0.016013 0.221161 -0.03371320 0.99615826 -0.05765895 0.05663560
1778468769.871098 -0.849461 -0.012466 0.259090 -0.04520110 0.97898207 -0.04335929 0.19409003
1778468769.871098 -0.849461 -0.012466 0.259090 -0.04520110 0.97898207 -0.04335929 0.19409003
1778468770.150763 -0.846438 -0.011918 0.271259 -0.04751115 0.96966495 -0.04081266 0.23627718
1778468770.291432 -0.842452 -0.011659 0.271934 -0.05554984 0.96190745 -0.04139861 0.26445117
1778468770.718122 -0.839289 -0.011329 0.264699 -0.03786984 0.95788929 -0.03714141 0.28219585
1778468771.273252 -0.830765 -0.012254 0.252786 -0.03790840 0.96094234 -0.03360180 0.27207294
1778468771.410443 -0.831851 -0.012531 0.250665 -0.03842962 0.96939826 -0.03205945 0.24033804
1778468771.970328 -0.818270 -0.013567 0.220700 -0.05380573 0.95871442 -0.03702688 0.27676817
1778468772.112091 -0.808278 -0.014773 0.205140 -0.07298410 0.95304494 -0.03690501 0.29157619
1778468772.815046 -0.796040 -0.019314 0.170571 -0.04651009 0.94529028 -0.03117692 0.32138933
1778468773.369039 -0.781720 -0.020007 0.153456 -0.05852652 0.93372109 -0.03888715 0.35103755
1778468773.791365 -0.762418 -0.021371 0.136965 -0.04685212 0.92895606 -0.03342486 0.36568881
1778468774.071613 -0.764559 -0.024229 0.123132 -0.04777875 0.93547805 -0.02464321 0.34927171
1778468774.218015 -0.749881 -0.022572 0.115570 -0.04940089 0.94384284 -0.02593436 0.32564960
1778468774.634994 -0.747050 -0.025353 0.099916 -0.04722499 0.95043013 -0.03715685 0.30507661
1778468775.613511 -0.730843 -0.034048 0.029856 -0.04262802 0.94978376 -0.03559374 0.30793950
1778468776.171868 -0.718031 -0.036325 -0.000866 -0.07081404 0.93312870 -0.03462842 0.35079492
1778468776.314316 -0.712978 -0.036322 0.001161 -0.07035971 0.92393849 -0.03915765 0.37397040
1778468776.314316 -0.712978 -0.036322 0.001161 -0.07035971 0.92393849 -0.03915765 0.37397040
1778468776.731933 -0.699118 -0.035600 0.002074 -0.06324365 0.90760730 -0.03876276 0.41321504
1778468776.873634 -0.686307 -0.035300 0.001304 -0.07833045 0.89183762 -0.04241309 0.44349874
1778468777.294289 -0.668305 -0.034344 -0.002351 -0.07086564 0.88767269 -0.03792570 0.45340588
1778468777.711398 -0.657140 -0.034136 -0.002213 -0.05432575 0.87977296 -0.03302647 0.47112366
1778468777.990547 -0.644127 -0.033628 -0.001670 -0.06354522 0.86911663 -0.03927089 0.48893363
1778468778.414901 -0.630149 -0.033593 -0.001481 -0.04662326 0.86007692 -0.03411573 0.50688271
1778468779.392953 -0.583571 -0.031547 -0.000752 -0.04906165 0.85922980 -0.02884044 0.50841453
1778468779.811463 -0.554951 -0.028362 0.001817 -0.05701475 0.88518760 -0.03232116 0.46059481
1778468780.377872 -0.531357 -0.027844 -0.004119 -0.05828493 0.89500405 -0.03100507 0.44114545
1778468781.071739 -0.492855 -0.028423 -0.011045 -0.07118632 0.87937744 -0.03819182 0.46922192
1778468781.495880 -0.479413 -0.029090 -0.013766 -0.05265086 0.87503412 -0.02815553 0.48036490
1778468781.770808 -0.464170 -0.027479 -0.016625 -0.05000209 0.89150936 -0.02373455 0.44960819
1778468782.473509 -0.435585 -0.028107 -0.026449 -0.05268970 0.88739866 -0.03143410 0.45690187
1778468784.292882 -0.316061 -0.026745 -0.050313 -0.09340351 0.85763972 -0.04182729 0.50396466
1778468784.710131 -0.290773 -0.025579 -0.050098 -0.05553736 0.85280581 -0.02851928 0.51848288
1778468785.839389 -0.231130 -0.021839 -0.050691 -0.06484948 0.87130876 -0.03311600 0.48530292
1778468785.839389 -0.231130 -0.021839 -0.050691 -0.06484948 0.87130876 -0.03311600 0.48530292
1778468786.815657 -0.199009 -0.018729 -0.049079 -0.09038113 0.84415872 -0.03137086 0.52748760
1778468787.099777 -0.195527 -0.019745 -0.053117 -0.07469609 0.86254504 -0.03080272 0.49948748
1778468788.077100 -0.166192 -0.018275 -0.052750 -0.08321132 0.83096401 -0.03304621 0.54907434
1778468788.217205 -0.156148 -0.017921 -0.050109 -0.08403927 0.81907686 -0.03850773 0.56618694
1778468788.494393 -0.149182 -0.017034 -0.044691 -0.07315381 0.80983596 -0.03556022 0.58099028
1778468788.634024 -0.146147 -0.016112 -0.041060 -0.07453610 0.77565056 -0.03746858 0.62562504
1778468788.776040 -0.130068 -0.014741 -0.029962 -0.07838066 0.72139947 -0.04217721 0.68677533
1778468788.915065 -0.124100 -0.015984 -0.026686 -0.07627563 0.69837856 -0.04316017 0.71034261
1778468789.475393 -0.095532 -0.009884 -0.012499 -0.06154749 0.69894509 -0.00181969 0.71251972
1778468789.754792 -0.083099 -0.007176 -0.001867 -0.08457485 0.68251720 -0.00410359 0.72594802
1778468789.894938 -0.072097 -0.007675 0.003881 -0.12086792 0.63202978 -0.04797571 0.76395526
1778468790.314562 -0.063559 -0.006501 0.012397 -0.09779953 0.62732784 -0.03260815 0.77190138
1778468790.461886 -0.059683 -0.006589 0.019528 -0.10559119 0.59471102 -0.04642876 0.79562156
1778468790.593626 -0.060548 -0.005666 0.024990 -0.10465463 0.56238439 -0.06230453 0.81785656
1778468790.743121 -0.070447 -0.006982 0.020716 -0.10832082 0.44222568 -0.05355227 0.88872673
1778468790.877120 -0.060523 -0.006196 0.021533 -0.08254250 0.33983012 -0.03098422 0.93634513
1778468790.877120 -0.060523 -0.006196 0.021533 -0.08254250 0.33983012 -0.03098422 0.93634513
1778468791.445017 -0.049982 -0.004298 0.032611 -0.08280321 0.33628171 -0.03555428 0.93744020
1778468791.854121 -0.052728 -0.005112 0.028410 -0.08045908 0.40426748 -0.02958217 0.91061465
1778468791.996374 -0.049121 -0.004995 0.029458 -0.07340943 0.47300362 -0.01905824 0.87779007
1778468793.257849 -0.048769 -0.004788 0.030300 -0.07139249 0.48353358 -0.01613305 0.87226035
1778468793.955570 -0.053496 -0.005174 0.027338 -0.07600655 0.46406014 -0.02102722 0.88228626
1778468794.513268 -0.059596 -0.005783 0.023375 -0.07146352 0.44027757 -0.00886544 0.89496929
1778468794.652956 -0.059463 -0.005461 0.024651 -0.07992414 0.38396020 0.00246967 0.91988075
1778468794.794989 -0.060361 -0.005857 0.023213 -0.07564729 0.29759171 -0.00173756 0.95168989
1778468794.945794 -0.059410 -0.005674 0.024188 -0.07431906 0.22262905 -0.01848776 0.97189052
1778468795.074558 -0.057915 -0.004364 0.033554 -0.07033668 0.18713219 -0.00652560 0.97979167
1778468795.219362 -0.057184 -0.003886 0.036962 -0.07019533 0.15896992 -0.02130654 0.98455432
1778468795.353354 -0.055223 -0.003554 0.039356 -0.07181242 0.17712631 -0.03240756 0.98102956
1778468795.493937 -0.052504 -0.003468 0.040365 -0.07478188 0.21903615 -0.03061265 0.97236500
1778468795.633661 -0.050553 -0.003228 0.041691 -0.07563999 0.27321971 -0.01986320 0.95876746
1778468795.774481 -0.045715 -0.002794 0.044552 -0.07910342 0.33180944 -0.01609433 0.93988623
1778468795.916210 -0.047546 -0.003130 0.041038 -0.08250870 0.43174583 -0.02628753 0.89782894
1778468795.916210 -0.047546 -0.003130 0.041038 -0.08250870 0.43174583 -0.02628753 0.89782894
1778468796.052673 -0.048280 -0.002915 0.040886 -0.08989402 0.54194725 -0.05572735 0.83373059
1778468796.194103 -0.045222 -0.002998 0.043586 -0.09243684 0.63871272 -0.05459382 0.76191929
1778468796.334740 -0.041728 -0.003765 0.041169 -0.08721173 0.69140213 -0.05629595 0.71497411
1778468796.475665 -0.041058 -0.003878 0.038700 -0.07626218 0.74801149 -0.05339795 0.65712370
1778468797.034872 -0.039802 -0.003445 0.040407 -0.06508042 0.74765796 -0.03870284 0.65975313
1778468797.737814 -0.045440 -0.003469 0.040590 -0.07208591 0.70990653 -0.03725572 0.69960585
1778468798.302189 -0.057163 -0.004295 0.035504 -0.07322141 0.74099229 -0.03454368 0.66661517
1778468799.134594 -0.056725 -0.004111 0.038345 -0.06613059 0.72253603 -0.03376139 0.68733441
1778468799.283530 -0.056374 -0.003749 0.040433 -0.07107082 0.69186980 -0.03884820 0.71746494
1778468799.834766 -0.052458 -0.003123 0.042937 -0.08268355 0.67473747 -0.04075845 0.73227831
1778468800.816014 -0.044507 -0.003258 0.042848 -0.08348828 0.70397683 -0.04663786 0.70375510
1778468800.954742 -0.045579 -0.003712 0.040849 -0.07885402 0.75364761 -0.05178539 0.65047337
1778468801.093062 -0.051153 -0.004263 0.036549 -0.07296670 0.79905186 -0.04274985 0.59528517
1778468801.232456 -0.049885 -0.004619 0.034932 -0.06503397 0.83520533 -0.04586889 0.54414951
1778468801.373596 -0.050746 -0.004412 0.036554 -0.06003337 0.87389860 -0.04857427 0.47993518
1778468801.511867 -0.057038 -0.005931 0.028484 -0.05631019 0.89606494 -0.04616519 0.43791046
1778468801.511867 -0.057038 -0.005931 0.028484 -0.05631019 0.89606494 -0.04616519 0.43791046
1778468801.653666 -0.060234 -0.006203 0.028954 -0.05872771 0.91766338 -0.05411088 0.38925184
1778468801.797653 -0.062550 -0.006226 0.028347 -0.05432527 0.93078661 -0.05702770 0.35697744
1778468802.368486 -0.061666 -0.005794 0.029823 -0.05871708 0.94545332 -0.05653018 0.31539604
1778468802.498039 -0.061618 -0.006718 0.021176 -0.05421690 0.95759947 -0.05864512 0.27681137
1778468802.637290 -0.061366 -0.008397 0.006133 -0.04037359 0.96970902 -0.05981672 0.23335882
1778468802.774477 -0.064496 -0.011960 -0.012883 -0.01446159 0.98322263 -0.06101994 0.17129127
1778468802.917390 -0.057196 -0.012596 -0.024957 -0.00237017 0.99351520 -0.05788915 0.09783031
1778468803.474322 -0.057106 -0.018110 -0.074676 -0.03185147 0.99317126 -0.06569857 0.09099472
1778468803.906165 -0.082104 -0.021946 -0.098826 -0.02881393 0.99138652 -0.06053118 0.11251004
1778468804.043671 -0.082451 -0.021631 -0.111729 -0.03421472 0.99630974 -0.06066726 0.05015718
1778468804.323729 -0.083031 -0.026014 -0.112461 -0.01620353 0.99711213 -0.07390522 0.00654743
1778468804.736487 -0.112580 -0.026432 -0.143104 -0.00621237 0.99828769 -0.05772223 0.00715843
1778468804.880135 -0.117566 -0.025674 -0.137915 -0.01982367 0.99424973 -0.06398518 -0.08354875
1778468805.018797 -0.123134 -0.023670 -0.126312 -0.01513386 0.98221590 -0.06263132 -0.17635249
1778468805.441393 -0.148319 -0.027324 -0.136867 -0.02071565 0.98165870 -0.07154125 -0.17549616
1778468805.859425 -0.167559 -0.033152 -0.173297 -0.00575899 0.98225685 -0.06865566 -0.17442680
1778468805.859425 -0.167559 -0.033152 -0.173297 -0.00575899 0.98225685 -0.06865566 -0.17442680
1778468806.838623 -0.208671 -0.042972 -0.230541 -0.04871166 0.98240638 -0.07580795 -0.16357880
1778468807.120385 -0.223182 -0.045564 -0.249905 -0.03452959 0.98631264 -0.05663642 -0.15095499
1778468807.541620 -0.241108 -0.050264 -0.275776 -0.03841188 0.98581499 -0.07213883 -0.14659239
1778468808.097492 -0.265994 -0.055520 -0.309888 -0.01431300 0.99001244 -0.07462373 -0.11875102
1778468808.937813 -0.298811 -0.064493 -0.359236 -0.02917507 0.99203831 -0.06476534 -0.10399166
1778468809.639863 -0.327147 -0.071780 -0.403340 -0.04015779 0.99398610 -0.05328650 -0.08683051
1778468810.064525 -0.344060 -0.076499 -0.428782 -0.03962849 0.99384263 -0.06853551 -0.07751959
1778468810.481742 -0.354092 -0.079444 -0.446006 -0.04204355 0.99339848 -0.07425908 -0.07666414
1778468811.181575 -0.381725 -0.087225 -0.487461 -0.02911620 0.99609490 -0.05231087 -0.06489040
1778468812.020767 -0.415958 -0.092646 -0.521302 -0.03809779 0.97802043 -0.06516764 -0.19436505
1778468812.173124 -0.423545 -0.093136 -0.520976 0.01293717 0.94538507 -0.07808962 -0.31619886
1778468812.301748 -0.426736 -0.093019 -0.522642 0.02660350 0.89552234 -0.07778607 -0.43735720
1778468813.842850 -0.489811 -0.100595 -0.574893 0.02724653 0.86670100 -0.07072663 -0.49303626
1778468814.542413 -0.535676 -0.110096 -0.615857 0.01146321 0.93357418 -0.02049655 -0.35761394
1778468814.964623 -0.546056 -0.111456 -0.628987 -0.03908237 0.93096103 -0.05889228 -0.35821200
1778468815.380770 -0.563658 -0.115995 -0.644322 0.02325296 0.92768461 -0.05718371 -0.36822626
1778468815.380770 -0.563658 -0.115995 -0.644322 0.02325296 0.92768461 -0.05718371 -0.36822626
1778468815.525059 -0.570174 -0.116096 -0.646978 0.03243783 0.88288191 -0.06868130 -0.46341148
1778468816.080584 -0.591785 -0.119109 -0.663894 0.03240891 0.87648485 -0.07160803 -0.47496975
1778468816.499479 -0.612562 -0.120774 -0.678777 0.00764228 0.85527638 -0.04239727 -0.51637813
1778468816.642628 -0.618726 -0.121531 -0.683459 0.02615556 0.80439648 -0.04969933 -0.59143230
1778468817.481789 -0.634709 -0.122903 -0.692323 0.01403017 0.80158800 -0.06192222 -0.59449598
1778468818.459682 -0.684407 -0.126972 -0.721512 0.03662211 0.80793348 -0.06165765 -0.58489371
1778468818.603831 -0.689190 -0.127492 -0.723961 0.04154117 0.78675626 -0.06881275 -0.61200794
1778468818.740934 -0.694925 -0.127598 -0.725806 0.03652644 0.74221578 -0.05487946 -0.66691063
1778468819.581680 -0.729378 -0.129022 -0.739499 0.02253783 0.73315180 -0.04656109 -0.67809479
1778468820.006782 -0.746947 -0.131305 -0.748180 0.02865672 0.72705768 -0.05764888 -0.68355141
1778468820.282189 -0.756651 -0.131674 -0.752251 0.01864194 0.72136950 -0.05900989 -0.68977993
1778468820.429165 -0.760925 -0.132691 -0.752084 -0.02508321 -0.69917707 0.05004208 0.71275385
1778468820.848938 -0.756462 -0.134493 -0.751651 0.03338209 0.72381805 -0.05628674 -0.68688054
1778468822.258364 -0.757735 -0.133394 -0.748897 0.01781099 0.72595436 -0.05394743 -0.68539238
1778468823.094882 -0.761972 -0.135720 -0.755184 0.01045515 0.73558130 -0.06274733 -0.67444318
1778468823.238222 -0.754331 -0.135887 -0.754427 0.02275409 0.79343855 -0.07058102 -0.60411575
1778468823.238222 -0.754331 -0.135887 -0.754427 0.02275409 0.79343855 -0.07058102 -0.60411575
1778468823.375197 -0.753888 -0.135996 -0.755039 0.02986719 0.82416088 -0.08700021 -0.55883607
1778468823.515985 -0.752780 -0.135882 -0.755457 0.01224661 0.86381823 -0.07087704 -0.49864269
1778468823.655335 -0.751917 -0.135612 -0.754783 -0.00033375 0.92200242 -0.06682370 -0.38137385
1778468823.801981 -0.750063 -0.135967 -0.756937 -0.01053244 0.94637038 -0.06654372 -0.31598119
1778468823.948559 -0.750543 -0.135728 -0.757349 -0.03661573 0.97086705 -0.05233721 -0.23094865
1778468824.086854 -0.745838 -0.136147 -0.761460 -0.03057429 0.98023893 -0.06087013 -0.18571938
1778468824.221157 -0.744789 -0.136292 -0.763778 -0.04681950 0.99431655 -0.06085841 -0.07374813
1778468824.359813 -0.742240 -0.136559 -0.766758 -0.05962012 0.99548195 -0.06687297 0.03145036
1778468824.500017 -0.743332 -0.136640 -0.765461 -0.07785699 0.98141787 -0.06264731 0.16380649
1778468824.640890 -0.743024 -0.136778 -0.765492 -0.07938534 0.96327449 -0.05483048 0.25058699
1778468824.779636 -0.737052 -0.136837 -0.769432 -0.08171972 0.93766397 -0.05237882 0.33371339
1778468824.919996 -0.739046 -0.138003 -0.774991 -0.10449388 0.88488427 -0.06245494 0.44962233
1778468825.064166 -0.738728 -0.137106 -0.773624 -0.11758200 0.84947117 -0.05169562 0.51176242
1778468825.198702 -0.748467 -0.139214 -0.784262 -0.10930264 0.74079145 -0.02421413 0.66234028
1778468825.339220 -0.763053 -0.138242 -0.778092 -0.06165213 0.87791613 -0.04575295 0.47261924
1778468825.766936 -0.736414 -0.135305 -0.756337 -0.06450490 0.32349077 0.01086630 0.94396757
1778468825.766936 -0.736414 -0.135305 -0.756337 -0.06450490 0.32349077 0.01086630 0.94396757
1778468825.901983 -0.736417 -0.135189 -0.756015 -0.07374226 0.27764463 0.00107405 0.95784883
1778468826.038983 -0.736951 -0.135283 -0.756145 -0.07743164 0.20090553 -0.01988737 0.97634308
1778468826.179789 -0.740625 -0.135368 -0.755427 -0.08018096 0.15855048 -0.02849847 0.98367708
1778468826.318118 -0.742752 -0.135324 -0.753533 -0.07213480 0.11346547 -0.00467758 0.99090881
1778468826.458974 -0.749381 -0.134766 -0.749814 -0.06627902 0.10034097 -0.00725150 0.99271657
1778468826.600165 -0.755885 -0.133643 -0.745410 -0.07079153 0.04324810 -0.01978061 0.99635681
1778468826.741787 -0.760892 -0.133809 -0.742462 -0.06697698 0.02653379 0.00023606 0.99740162
1778468826.884098 -0.757706 -0.134557 -0.745862 -0.06521919 -0.01729420 0.01037619 0.99766713
1778468827.441509 -0.757606 -0.133580 -0.744181 -0.06219725 0.02297113 -0.01293499 0.99771565
1778468829.968738 -0.756481 -0.133417 -0.742138 -0.06699565 0.03512965 -0.00636243 0.99711434
1778468831.798101 -0.754895 -0.133766 -0.743609 -0.06482854 0.08147307 -0.00407377 0.99455659
1778468831.937743 -0.749795 -0.134094 -0.745614 -0.06741681 0.06212214 0.01029607 0.99573581
1778468832.220126 -0.750716 -0.134621 -0.747520 -0.06467020 0.05283502 0.00895314 0.99646679
1778468832.362016 -0.754917 -0.134561 -0.744685 -0.06100481 0.01541603 0.01028480 0.99796542
1778468834.888583 -0.759836 -0.133747 -0.740731 -0.06576478 0.04916869 0.00098718 0.99662253
1778468835.314063 -0.758805 -0.134054 -0.743253 -0.05986011 -0.02842061 0.00122767 0.99780135
1778468835.314063 -0.758805 -0.134054 -0.743253 -0.05986011 -0.02842061 0.00122767 0.99780135
1778468835.452951 -0.759527 -0.134029 -0.743315 -0.05342691 -0.09129837 0.00517095 0.99437590
1778468835.593508 -0.761876 -0.134305 -0.744818 -0.05131288 -0.14898347 0.04125237 0.98664541
1778468835.732163 -0.763450 -0.134509 -0.746676 -0.05100626 -0.21604590 0.01886356 0.97486753
1778468835.877496 -0.770930 -0.134953 -0.750065 -0.04212345 -0.19521913 -0.01004940 0.97980310
1778468836.298274 -0.774360 -0.135001 -0.747878 -0.04516608 -0.20992213 0.00162477 0.97667297
1778468836.856825 -0.776874 -0.133733 -0.738431 -0.05662259 -0.15864235 -0.00474936 0.98569972
1778468836.992887 -0.774912 -0.132423 -0.735098 -0.05628628 -0.10580366 -0.02546885 0.99246601
1778468837.135180 -0.772831 -0.132622 -0.735449 -0.06449515 -0.01983973 -0.02130852 0.99749321
1778468837.275827 -0.770879 -0.132765 -0.736508 -0.06646458 0.05346758 -0.02026310 0.99614913
1778468837.416779 -0.770122 -0.132910 -0.734551 -0.07916168 0.08324083 0.01291382 0.99329634
1778468838.260621 -0.772789 -0.133330 -0.739210 -0.07522104 0.08782927 -0.01668296 0.99315129
1778468839.522179 -0.774417 -0.133704 -0.739849 -0.06289861 0.08279017 0.00624997 0.99456045
