# camera_optical trajectory from onboard odometry (NOT ground truth)
1777374224.187670 0.291361 0.005001 0.329941 -0.496237 0.492582 -0.501590 0.509431
1777374224.317147 0.291290 0.005065 0.329991 -0.496231 0.492503 -0.501609 0.509493
1777374224.452127 0.291337 0.005069 0.329961 -0.496276 0.492516 -0.501585 0.509460
1777374224.588008 0.291312 0.005009 0.329994 -0.496196 0.492543 -0.501632 0.509467
1777374224.735368 0.291249 0.005115 0.330037 -0.496240 0.492426 -0.501630 0.509540
1777374224.908699 0.291238 0.004980 0.330066 -0.496119 0.492496 -0.501666 0.509554
1777374225.012871 0.291169 0.005039 0.330114 -0.496116 0.492418 -0.501729 0.509569
1777374225.153141 0.291157 0.005079 0.330119 -0.496155 0.492371 -0.501663 0.509642
1777374225.293011 0.291180 0.004965 0.330114 -0.496067 0.492471 -0.501712 0.509584
1777374225.434080 0.291201 0.005065 0.330084 -0.496164 0.492425 -0.501684 0.509560
1777374225.571324 0.284376 0.009771 0.326538 -0.501478 0.486571 -0.503045 0.508639
1777374225.716255 0.279629 0.019302 0.322649 0.512126 -0.479434 0.500298 -0.507515
1777374225.850353 0.283439 0.023927 0.321307 0.516365 -0.476518 0.497428 -0.508786
1777374226.001170 0.286969 0.027294 0.320155 0.519421 -0.474512 0.495491 -0.509440
1777374226.132506 0.287963 0.029142 0.319677 0.521087 -0.473180 0.494531 -0.509909
1777374226.274307 0.289588 0.030544 0.319303 0.522487 -0.472036 0.493927 -0.510123
1777374226.414626 0.291463 0.031744 0.318836 0.523728 -0.471117 0.493331 -0.510277
1777374226.554697 0.292578 0.032303 0.317485 0.524221 -0.470814 0.492873 -0.510493
1777374226.695023 0.292851 0.032492 0.317998 0.524523 -0.470549 0.492740 -0.510555
1777374226.838538 0.293113 0.032738 0.317891 0.524755 -0.470336 0.492641 -0.510608
1777374226.974809 0.293446 0.032711 0.318410 0.524766 -0.470368 0.492602 -0.510606
1777374227.118388 0.293701 0.032795 0.318535 0.524798 -0.470309 0.492549 -0.510679
1777374227.255515 0.293802 0.032965 0.318563 0.524884 -0.470203 0.492491 -0.510743
1777374227.491940 0.293840 0.032863 0.318438 0.524821 -0.470254 0.492533 -0.510720
1777374227.608425 0.293808 0.032861 0.318384 0.524760 -0.470166 0.492591 -0.510808
1777374227.750902 0.293865 0.033021 0.318729 0.524847 -0.470066 0.492579 -0.510822
1777374227.888785 0.295158 0.033107 0.318689 0.524457 -0.470420 0.492698 -0.510783
1777374228.035830 0.306100 0.027654 0.317592 0.517273 -0.476841 0.495707 -0.509241
1777374228.191909 0.340736 0.013814 0.310285 0.504819 -0.494728 0.500191 -0.500211
1777374228.308327 0.372201 0.008174 0.304116 -0.501474 0.501990 -0.499782 0.496737
1777374228.453280 0.422618 0.016627 0.299744 0.508255 -0.493186 0.491739 -0.506594
1777374228.593545 0.465733 0.026595 0.302482 -0.511224 0.486024 -0.485062 0.516861
1777374228.739448 0.545180 0.034865 0.306730 0.517981 -0.477560 0.490457 -0.512918
1777374228.869117 0.600816 0.034724 0.311504 0.515303 -0.484933 0.490166 -0.508960
1777374229.012758 0.685488 0.023283 0.305876 0.504195 -0.499157 0.494017 -0.502571
1777374229.125176 0.716007 0.018362 0.308280 0.501626 -0.496162 0.505969 -0.496175
1777374229.292594 0.829916 -0.017795 0.311565 0.474786 -0.519676 0.522345 -0.481322
1777374229.437790 0.901223 -0.040528 0.315758 0.467913 -0.532364 0.536708 -0.457811
1777374229.581945 0.976127 -0.066406 0.313150 0.449580 -0.544080 0.548918 -0.447821
1777374229.721826 1.036818 -0.097146 0.307124 0.437299 -0.552623 0.560564 -0.434910
1777374229.856360 1.079532 -0.125745 0.311065 0.420573 -0.567373 0.568505 -0.421910
1777374229.998419 1.119853 -0.153005 0.311650 0.407181 -0.575504 0.583974 -0.402460
1777374230.148261 1.136879 -0.170397 0.313401 0.398501 -0.582141 0.594538 -0.385789
1777374230.275046 1.130052 -0.200782 0.304097 -0.384888 0.603262 -0.597144 0.362431
1777374230.419227 1.106382 -0.226569 0.303893 -0.370141 0.611349 -0.608898 0.344225
1777374230.560929 1.080815 -0.246775 0.307523 -0.348680 0.620464 -0.620213 0.329823
1777374230.705079 1.052804 -0.277481 0.311505 0.328844 -0.624617 0.634164 -0.315518
1777374230.840793 1.036548 -0.305952 0.311284 0.323387 -0.632872 0.635102 -0.302555
1777374231.018932 1.043684 -0.316689 0.303150 -0.345157 0.630312 -0.622502 0.309943
1777374231.119988 1.055958 -0.318029 0.303651 0.354384 -0.620613 0.621894 -0.320156
1777374231.257327 1.072823 -0.322493 0.301366 0.364570 -0.612494 0.615443 -0.336407
1777374231.399637 1.083077 -0.326080 0.295226 -0.375849 0.612596 -0.598426 0.354049
1777374231.540236 1.084759 -0.318602 0.296682 -0.382191 0.608569 -0.586068 0.374296
1777374231.683192 1.089560 -0.310213 0.295360 -0.395009 0.601214 -0.577780 0.385591
1777374231.816881 1.092918 -0.300999 0.293788 -0.411293 0.594996 -0.565040 0.396924
1777374231.961944 1.089166 -0.307538 0.300408 -0.409016 0.585469 -0.568118 0.408868
1777374232.115002 1.087272 -0.335690 0.305029 -0.399786 0.588431 -0.580797 0.395721
1777374232.245199 1.094578 -0.364337 0.301173 -0.391526 0.597947 -0.586618 0.380850
1777374232.382249 1.111890 -0.391790 0.296733 -0.384124 0.601939 -0.593563 0.371215
1777374232.530363 1.145170 -0.436473 0.303296 0.359176 -0.609031 0.610725 -0.356493
1777374232.668894 1.173530 -0.479139 0.304364 0.345982 -0.614103 0.626151 -0.333330
1777374232.813126 1.209687 -0.524994 0.312859 0.331608 -0.621239 0.637675 -0.312200
1777374232.949826 1.246266 -0.568442 0.310667 0.316320 -0.631545 0.640129 -0.302204
1777374233.086072 1.308265 -0.601758 0.304081 0.328943 -0.628534 0.631640 -0.312686
1777374233.228874 1.366419 -0.631533 0.306819 -0.331283 0.626929 -0.621323 0.333421
1777374233.367380 1.426378 -0.683674 0.304989 -0.328276 0.628659 -0.627369 0.321607
1777374233.506913 1.478675 -0.734564 0.311797 -0.321812 0.635444 -0.633858 0.301452
1777374233.648160 1.536747 -0.799750 0.304328 -0.306094 0.645099 -0.636488 0.291609
1777374233.786497 1.573999 -0.851869 0.311022 -0.289089 0.648857 -0.644311 0.283329
1777374233.923002 1.609803 -0.905313 0.317928 -0.263247 0.655431 -0.645716 0.290105
1777374234.072073 1.674442 -0.968732 0.296472 0.267458 -0.648931 0.650131 -0.291006
1777374234.212859 1.746141 -1.019529 0.321332 0.273583 -0.627792 0.659088 -0.310857
1777374234.349011 1.799160 -1.057517 0.324626 0.287224 -0.613678 0.664975 -0.314181
1777374234.489156 1.886757 -1.096722 0.332585 0.319917 -0.594850 0.664760 -0.319220
1777374234.631106 1.936400 -1.131169 0.319784 0.335544 -0.600150 0.663181 -0.295670
1777374234.770603 1.949380 -1.149804 0.313986 0.321609 -0.607260 0.667381 -0.287063
1777374234.910527 1.960580 -1.172103 0.307668 0.298227 -0.629959 0.657003 -0.287332
1777374235.063938 1.957224 -1.179749 0.301213 0.287912 -0.640803 0.655463 -0.277213
1777374235.198296 1.943361 -1.179261 0.300252 0.276818 -0.651483 0.654729 -0.265090
1777374235.331699 1.922041 -1.179696 0.297455 -0.254781 0.670536 -0.650546 0.249517
1777374235.472872 1.903994 -1.173898 0.296716 -0.245185 0.677117 -0.656019 0.225910
1777374235.614940 1.899447 -1.156071 0.299841 -0.251937 0.675998 -0.653746 0.228408
1777374235.754189 1.893720 -1.131488 0.302262 -0.265509 0.666103 -0.655818 0.236041
1777374235.894447 1.880851 -1.113502 0.298813 -0.263314 0.666436 -0.653740 0.243214
1777374236.031085 1.867136 -1.105563 0.298145 -0.253295 0.672494 -0.653299 0.238316
1777374236.177889 1.843426 -1.093392 0.301359 -0.230932 0.669842 -0.662920 0.241906
1777374236.316163 1.829833 -1.093097 0.326125 0.223471 -0.661097 0.678144 -0.230505
1777374236.457270 1.842048 -1.083999 0.305835 0.233407 -0.655369 0.675853 -0.243381
1777374236.600547 1.849382 -1.075405 0.303321 0.242073 -0.650423 0.670461 -0.262359
1777374236.765946 1.848754 -1.074314 0.303095 0.241845 -0.649878 0.670436 -0.263979
1777374236.874923 1.846201 -1.075764 0.303086 0.239276 -0.650828 0.672037 -0.259875
1777374237.017456 1.842316 -1.076917 0.304383 0.236274 -0.651564 0.675515 -0.251634
1777374237.153705 1.837897 -1.077679 0.324211 0.232843 -0.652549 0.678646 -0.243729
1777374237.315415 1.831704 -1.078245 0.335079 0.229347 -0.653668 0.681888 -0.234834
1777374237.437203 1.830200 -1.076360 0.338197 0.230287 -0.653102 0.682354 -0.234135
1777374237.580171 1.836184 -1.070572 0.312549 0.234750 -0.651321 0.677969 -0.247045
1777374237.746609 1.840881 -1.066770 0.309643 0.239156 -0.647273 0.675595 -0.259641
1777374237.857209 1.838401 -1.068250 0.305734 0.233264 -0.647253 0.679529 -0.254738
1777374237.997766 1.832765 -1.071730 0.321362 0.227708 -0.648998 0.682634 -0.246903
1777374238.145751 1.829931 -1.073175 0.325352 0.224994 -0.649584 0.684952 -0.241368
1777374238.282318 1.844838 -1.059642 0.319681 0.244814 -0.637974 0.677932 -0.271042
1777374238.425973 1.872656 -1.031652 0.332359 0.278241 -0.613702 0.665391 -0.321258
1777374238.560516 1.898356 -0.998068 0.339621 0.315534 -0.581985 0.649572 -0.373883
1777374238.701125 1.920193 -0.955210 0.345495 0.363846 -0.556422 0.614499 -0.424737
1777374238.845700 1.936572 -0.897317 0.318988 0.426056 -0.532114 0.562343 -0.468082
1777374238.982260 1.946566 -0.842642 0.308338 0.475754 -0.500476 0.514640 -0.508260
1777374239.156293 1.945136 -0.786927 0.307704 -0.519466 0.456241 -0.471636 0.547319
1777374239.305238 1.928862 -0.733468 0.325123 0.564281 -0.413876 0.446241 -0.557820
1777374239.405593 1.923889 -0.715007 0.329776 -0.575036 0.390493 -0.428330 0.577392
1777374239.544874 1.919537 -0.706197 0.330234 -0.578800 0.371090 -0.405339 0.602480
1777374239.719750 1.912526 -0.683931 0.327360 -0.593426 0.340394 -0.394974 0.613166
1777374239.828468 1.916718 -0.654193 0.327542 -0.600206 0.327199 -0.368258 0.630143
1777374239.963133 1.926974 -0.624733 0.338301 -0.608563 0.304703 -0.359287 0.638530
1777374240.101151 1.938016 -0.588149 0.341115 -0.611632 0.287147 -0.330603 0.658905
1777374240.242832 1.953361 -0.543004 0.314779 -0.623178 0.264577 -0.320412 0.662559
1777374240.386775 1.966800 -0.488116 0.318431 -0.625940 0.235276 -0.304693 0.678238
1777374240.524734 1.976905 -0.450589 0.308729 -0.641320 0.228855 -0.266700 0.682059
1777374240.663446 1.977441 -0.425068 0.314380 -0.652188 0.209362 -0.244198 0.686429
1777374240.803724 1.968419 -0.395228 0.304508 -0.669021 0.189452 -0.229562 0.681044
1777374240.945946 1.984267 -0.370697 0.303286 0.686788 -0.196426 0.242832 -0.656332
1777374241.086287 2.015002 -0.363100 0.302497 0.684795 -0.218432 0.258121 -0.645536
1777374241.229813 2.036210 -0.359831 0.300341 0.677393 -0.232855 0.278084 -0.639989
1777374241.366357 2.057619 -0.342697 0.292883 0.672964 -0.235824 0.288283 -0.639062
1777374241.507022 2.069524 -0.314966 0.251418 0.677249 -0.219521 0.285319 -0.641668
1777374241.655933 2.071387 -0.287028 0.275266 0.683756 -0.209553 0.273164 -0.643387
1777374241.790085 2.085672 -0.265469 0.287170 0.683967 -0.215338 0.286872 -0.635235
1777374241.926792 2.101582 -0.261320 0.285851 0.680496 -0.227606 0.306144 -0.625617
1777374242.067407 2.114520 -0.258994 0.289210 0.665769 -0.246461 0.315660 -0.629577
1777374242.206913 2.125734 -0.234868 0.283224 0.664728 -0.237983 0.317996 -0.632755
1777374242.346456 2.134723 -0.207243 0.277905 0.672832 -0.228469 0.310254 -0.631539
1777374242.492803 2.140692 -0.175927 0.273227 0.679737 -0.226216 0.288214 -0.635387
1777374242.630918 2.164198 -0.147636 0.283728 0.660891 -0.231157 0.297195 -0.649203
1777374242.777775 2.206385 -0.124872 0.303799 -0.635913 0.257385 -0.300409 0.662662
1777374242.914539 2.262451 -0.092484 0.303182 -0.637913 0.265031 -0.324066 0.646380
1777374243.054102 2.303593 -0.053262 0.300479 0.654457 -0.263822 0.333492 -0.625194
1777374243.190807 2.333292 -0.009719 0.288497 0.663962 -0.261105 0.320231 -0.623243
1777374243.333546 2.351930 0.040116 0.267031 0.670369 -0.243027 0.310385 -0.628652
1777374243.478235 2.361955 0.068195 0.268215 0.680158 -0.243669 0.311389 -0.617291
1777374243.613820 2.377977 0.083601 0.291124 0.675316 -0.259917 0.320734 -0.611164
1777374243.759188 2.395846 0.088086 0.282293 0.660870 -0.265506 0.338400 -0.615015
1777374243.895290 2.418482 0.089686 0.282418 0.650339 -0.272076 0.364495 -0.608422
1777374244.035569 2.444298 0.086572 0.272602 0.646433 -0.294253 0.374030 -0.596356
1777374244.182142 2.469334 0.104172 0.276885 0.640160 -0.296884 0.374908 -0.601248
1777374244.312762 2.485612 0.124783 0.279763 0.636207 -0.291132 0.366716 -0.613190
1777374244.461096 2.504781 0.157091 0.276010 0.642101 -0.281089 0.356339 -0.617833
1777374244.600069 2.529209 0.193481 0.303862 0.654277 -0.262955 0.350590 -0.616330
1777374244.742864 2.542780 0.221050 0.283698 0.668479 -0.251946 0.328833 -0.617679
1777374244.878900 2.554342 0.252498 0.288975 0.675865 -0.237877 0.310591 -0.624623
1777374245.022533 2.559433 0.279387 0.286232 0.677497 -0.221116 0.300219 -0.634014
1777374245.160711 2.577177 0.286340 0.286751 0.669021 -0.228502 0.303679 -0.638731
1777374245.297276 2.602039 0.293818 0.293937 0.655177 -0.247072 0.310599 -0.642828
1777374245.440332 2.620453 0.323258 0.303157 0.658433 -0.232050 0.317526 -0.641714
1777374245.579349 2.630997 0.348663 0.298076 0.665645 -0.220242 0.313450 -0.640437
1777374245.725896 2.635260 0.373083 0.288229 0.675333 -0.214159 0.292985 -0.642044
1777374245.863193 2.632205 0.395432 0.295817 0.681076 -0.198041 0.284192 -0.645097
1777374246.001820 2.627863 0.415612 0.316472 0.685563 -0.180516 0.277272 -0.648489
1777374246.144268 2.614663 0.429719 0.317479 0.691608 -0.163718 0.261717 -0.652976
1777374246.335280 2.596161 0.438439 0.315146 0.697090 -0.142463 0.241463 -0.659898
1777374246.495799 2.585503 0.444163 0.295460 0.702910 -0.139037 0.210820 -0.664936
1777374246.636634 2.588731 0.444062 0.302504 0.698419 -0.153970 0.212579 -0.665819
1777374246.774728 2.599923 0.438642 0.303038 0.694908 -0.173433 0.221572 -0.661763
1777374246.914473 2.598842 0.441679 0.302358 0.689305 -0.186012 0.240441 -0.657606
1777374247.057817 2.602023 0.435904 0.302681 0.690082 -0.193179 0.255469 -0.649002
1777374247.199819 2.607943 0.427486 0.296926 0.689904 -0.198577 0.266975 -0.642903
1777374247.339174 2.602386 0.428757 0.278356 0.693121 -0.193406 0.257327 -0.644950
1777374247.475887 2.590354 0.434203 0.276317 0.700774 -0.177902 0.239310 -0.648072
1777374247.617430 2.574843 0.441349 0.276409 0.708859 -0.158842 0.213401 -0.653259
1777374247.768484 2.543161 0.459424 0.265369 0.717926 -0.128920 0.183454 -0.659019
1777374247.897758 2.518714 0.471924 0.262256 0.723700 -0.103650 0.155549 -0.664319
1777374248.036803 2.493862 0.482203 0.261026 0.729899 -0.075205 0.122861 -0.668205
1777374248.180043 2.467753 0.490850 0.259083 0.734316 -0.049961 0.093489 -0.670480
1777374248.325341 2.441713 0.498615 0.282916 0.736371 -0.025939 0.068560 -0.672595
1777374248.463304 2.422684 0.502544 0.295347 0.735589 -0.007504 0.047955 -0.675686
1777374248.605868 2.395933 0.504354 0.262761 0.735159 0.022550 0.021908 -0.677165
1777374248.746147 2.362666 0.505638 0.276833 0.738249 0.058029 -0.008441 -0.671975
1777374248.881181 2.331045 0.501507 0.285092 0.731808 0.084123 -0.068715 -0.672799
1777374249.018953 2.289124 0.487899 0.261069 0.730035 0.122354 -0.106821 -0.663828
1777374249.177101 2.256397 0.472608 0.258724 0.727931 0.151549 -0.139901 -0.653893
1777374249.313093 2.229814 0.474328 0.262535 0.715330 0.179855 -0.156668 -0.656818
1777374249.455183 2.195794 0.491742 0.259740 0.713951 0.194444 -0.178699 -0.648484
1777374249.587715 2.158210 0.517432 0.235074 0.722935 0.220284 -0.172164 -0.631823
1777374249.727578 2.141750 0.554400 0.258175 0.724993 0.187171 -0.172132 -0.640096
1777374249.872916 2.126762 0.604684 0.287647 0.709756 0.169779 -0.153963 -0.666121
1777374250.014494 2.111155 0.657351 0.300971 0.703009 0.143506 -0.148804 -0.680472
1777374250.148259 2.099334 0.722670 0.302598 0.706402 0.128773 -0.122054 -0.685213
1777374250.294779 2.084530 0.783064 0.310054 0.703602 0.121207 -0.098629 -0.693199
1777374250.430064 2.046703 0.864542 0.312826 -0.696434 -0.126318 0.111384 0.697580
1777374250.575920 2.008873 0.932050 0.314574 -0.691564 -0.134984 0.133695 0.696882
1777374250.710615 1.963995 1.001634 0.313146 -0.686887 -0.150754 0.146332 0.695735
1777374250.852468 1.915744 1.059636 0.313424 -0.685029 -0.173245 0.154074 0.690639
1777374250.986554 1.868842 1.107795 0.317991 -0.675961 -0.190418 0.168946 0.691574
1777374251.141060 1.804081 1.173911 0.312913 -0.671259 -0.210475 0.202252 0.681327
1777374251.275052 1.749432 1.216113 0.308919 -0.666504 -0.232617 0.216169 0.674487
1777374251.423503 1.686099 1.259340 0.312813 -0.656302 -0.255194 0.233679 0.670476
1777374251.552479 1.632500 1.290253 0.316114 -0.649308 -0.274319 0.252280 0.662950
1777374251.696481 1.563837 1.327591 0.307910 -0.640982 -0.294248 0.277744 0.652241
1777374251.833476 1.510366 1.349387 0.310377 -0.633071 -0.308011 0.304338 0.641661
1777374251.975714 1.444128 1.373899 0.307700 -0.622442 -0.329124 0.320010 0.633905
1777374252.114993 1.377842 1.390285 0.315052 -0.609721 -0.351389 0.336012 0.625989
1777374252.251589 1.306352 1.406281 0.316376 -0.597632 -0.369433 0.355976 0.616146
1777374252.391292 1.237536 1.421462 0.312537 -0.588090 -0.384062 0.379325 0.602295
1777374252.535675 1.183081 1.427564 0.313417 -0.579194 -0.395217 0.395522 0.593212
1777374252.680970 1.112741 1.444002 0.305819 -0.577123 -0.401332 0.393338 0.592577
1777374252.819092 1.098828 1.484507 0.300517 -0.605726 -0.377861 0.343371 0.610257
1777374252.956083 1.119299 1.513609 0.302923 -0.628973 -0.339059 0.299168 0.632400
1777374253.099801 1.147377 1.538347 0.308442 -0.647181 -0.295331 0.249480 0.657036
1777374253.239079 1.172604 1.557712 0.309763 -0.657967 -0.260644 0.202720 0.676793
1777374253.377138 1.194984 1.569181 0.307780 -0.669807 -0.228725 0.178051 0.683624
1777374253.521688 1.216527 1.572817 0.305828 -0.681995 -0.190752 0.164157 0.686694
1777374253.666269 1.223968 1.573345 0.303612 0.691966 0.167922 -0.144363 -0.687127
1777374253.802143 1.235036 1.581794 0.304617 0.699264 0.147162 -0.115183 -0.690005
1777374253.942057 1.265048 1.601265 0.308881 0.704528 0.113956 -0.064974 -0.697447
1777374254.080627 1.299776 1.619940 0.300173 0.716533 0.062571 -0.037539 -0.693726
1777374254.218384 1.323821 1.637482 0.303295 0.717076 0.017376 -0.013331 -0.696651
1777374254.372245 1.366991 1.671459 0.302465 0.717486 -0.029287 0.033012 -0.695174
1777374254.501837 1.389810 1.702763 0.305981 0.715244 -0.041829 0.066963 -0.694400
1777374254.643361 1.409787 1.731637 0.310909 0.705605 -0.062495 0.095166 -0.699400
1777374254.789718 1.436428 1.772422 0.304254 0.703683 -0.088922 0.101533 -0.697578
1777374254.924639 1.465129 1.804076 0.309637 -0.694280 0.104901 -0.122093 0.701473
1777374255.067352 1.500929 1.832823 0.315356 -0.684568 0.135058 -0.135240 0.703446
1777374255.201532 1.547591 1.875335 0.313179 -0.684029 0.152052 -0.163377 0.694473
1777374255.355026 1.593305 1.928391 0.316321 -0.683590 0.172944 -0.184966 0.684531
1777374255.486431 1.637778 1.977166 0.309685 -0.679058 0.193563 -0.194923 0.680748
1777374255.628526 1.691103 2.021930 0.312013 -0.671397 0.211207 -0.213495 0.677523
1777374255.778471 1.752943 2.064204 0.314452 -0.661098 0.235345 -0.232461 0.673442
1777374255.911188 1.812438 2.103608 0.312557 0.663193 -0.248400 0.258840 -0.656867
1777374256.041848 1.835402 2.118983 0.316014 0.658908 -0.257511 0.265576 -0.654979
1777374256.192713 1.937252 2.179644 0.304092 0.648971 -0.286524 0.289965 -0.642386
1777374256.331269 1.998236 2.202466 0.313206 -0.633878 0.307805 -0.305306 0.640502
1777374256.473707 2.068375 2.224296 0.309414 -0.626654 0.322605 -0.331367 0.627237
1777374256.624476 2.136694 2.246964 0.314592 0.620851 -0.342263 0.354258 -0.609837
1777374256.748834 2.185514 2.264519 0.313808 0.610611 -0.354001 0.368755 -0.604862
1777374256.913599 2.252584 2.283162 0.307509 0.601437 -0.369603 0.382379 -0.596200
1777374257.032212 2.331423 2.285319 0.316688 -0.576830 0.394329 -0.396705 0.595313
1777374257.178454 2.406363 2.286066 0.314831 -0.567107 0.409548 -0.418008 0.579594
1777374257.311272 2.475445 2.289091 0.319753 -0.559930 0.426437 -0.433889 0.562468
1777374257.451396 2.556721 2.308988 0.312046 0.563088 -0.428882 0.432410 -0.558582
1777374257.599564 2.626274 2.340961 0.306610 0.575113 -0.416245 0.417466 -0.567193
1777374257.745462 2.702697 2.383787 0.304304 0.589166 -0.396602 0.409741 -0.572453
1777374257.880020 2.764174 2.425120 0.312338 0.602513 -0.378313 0.401779 -0.576568
1777374258.029712 2.836918 2.478083 0.303479 0.614341 -0.366878 0.378017 -0.587442
1777374258.154499 2.889925 2.519235 0.306625 0.618323 -0.350098 0.360104 -0.604510
1777374258.298046 2.942719 2.571258 0.306803 0.627384 -0.331017 0.345983 -0.614095
1777374258.439427 2.995786 2.630481 0.312656 0.639898 -0.308426 0.334978 -0.619026
1777374258.576451 3.046189 2.694332 0.313859 0.645303 -0.289376 0.318817 -0.631032
1777374258.717885 3.088756 2.749417 0.308101 0.652670 -0.276982 0.297074 -0.639570
1777374258.862833 3.140234 2.822404 0.311176 0.654955 -0.259043 0.274947 -0.654473
1777374258.997530 3.180429 2.890062 0.306728 0.668450 -0.242340 0.261783 -0.652622
1777374259.149511 3.227839 2.978056 0.312272 0.672564 -0.221271 0.245915 -0.661983
1777374259.277587 3.269433 3.026030 0.310185 0.671966 -0.225391 0.246330 -0.661046
1777374259.433880 3.343583 3.095030 0.313851 0.663645 -0.242001 0.256144 -0.659849
1777374259.566065 3.385250 3.135415 0.313021 0.663151 -0.250108 0.260751 -0.655504
1777374259.700518 3.451895 3.219022 0.307103 0.671383 -0.247023 0.245078 -0.654341
1777374259.843876 3.486613 3.277916 0.302842 0.676975 -0.228068 0.231953 -0.660218
1777374259.985017 3.499300 3.342698 0.295535 0.693871 -0.199782 0.211909 -0.658578
1777374260.123288 3.494267 3.393267 0.301099 0.701508 -0.162196 0.180787 -0.669996
1777374260.265031 3.470720 3.432464 0.307826 0.709321 -0.109993 0.144810 -0.681026
1777374260.403208 3.436529 3.477109 0.302816 0.716055 -0.059003 0.088694 -0.689868
1777374260.547068 3.395404 3.510809 0.297544 0.720241 -0.003150 0.030223 -0.693058
1777374260.688184 3.351708 3.538993 0.288011 0.723185 0.032352 -0.025789 -0.689414
1777374260.823529 3.312070 3.554545 0.300588 0.713842 0.068515 -0.062394 -0.694148
1777374260.965791 3.265490 3.581105 0.305246 0.701300 0.114255 -0.097399 -0.696877
1777374261.133669 3.218088 3.613738 0.306663 -0.691142 -0.146005 0.146400 0.692511
1777374261.246343 3.186789 3.640193 0.303514 -0.686414 -0.164304 0.168484 0.688080
1777374261.390308 3.142791 3.674281 0.301017 -0.680278 -0.188042 0.182164 0.684601
1777374261.531253 3.099196 3.700334 0.311175 -0.670733 -0.212665 0.198334 0.682316
1777374261.664495 3.046421 3.730797 0.315195 -0.657464 -0.236654 0.215416 0.682152
1777374261.807065 2.991076 3.764328 0.314046 -0.652302 -0.253135 0.247993 0.670018
1777374261.963464 2.934268 3.798224 0.318206 -0.639619 -0.265193 0.275100 0.666993
1777374262.097908 2.872920 3.832435 0.310092 -0.640169 -0.289368 0.280717 0.653948
1777374262.243186 2.807964 3.857256 0.317591 -0.628350 -0.308676 0.301629 0.647236
1777374262.372838 2.732440 3.889341 0.309772 -0.623827 -0.326073 0.321912 0.633158
1777374262.517576 2.683440 3.907922 0.306618 -0.618377 -0.346180 0.319439 0.629068
1777374262.651157 2.655328 3.919997 0.298263 -0.622720 -0.344110 0.319411 0.625927
1777374262.791907 2.660588 3.937192 0.304575 -0.629592 -0.327853 0.303995 0.635384
1777374262.936240 2.686548 3.969741 0.312445 -0.650502 -0.279894 0.254484 0.658593
1777374263.079436 2.718645 3.997813 0.315946 -0.667507 -0.225021 0.196011 0.682187
1777374263.219779 2.738760 4.009925 0.317652 -0.674524 -0.195351 0.166238 0.692258
1777374263.355570 2.820145 4.043664 0.305761 0.705199 0.075067 -0.097554 -0.698243
1777374263.496300 2.871253 4.056804 0.311746 -0.706536 -0.018590 0.014794 0.707278
1777374263.635445 2.928384 4.065565 0.315945 -0.704156 0.033389 -0.075412 0.705239
1777374263.776677 3.003146 4.055362 0.307227 0.700996 -0.108536 0.142970 -0.690205
1777374263.912049 3.049617 4.024161 0.306300 0.689366 -0.169820 0.191681 -0.677639
1777374264.062129 3.085820 3.998601 0.290195 0.683395 -0.235955 0.215281 -0.656469
1777374264.195759 3.108285 3.986640 0.294812 0.673953 -0.254361 0.259097 -0.643395
1777374264.348954 3.123515 3.976507 0.301738 0.661870 -0.278082 0.291511 -0.632156
1777374264.485616 3.133742 3.968424 0.304452 0.653873 -0.292657 0.310173 -0.624975
1777374264.634232 3.164061 3.951139 0.309152 0.640283 -0.315206 0.349660 -0.606976
1777374264.796686 3.185493 3.933087 0.307950 0.628091 -0.346325 0.365837 -0.593063
1777374264.969854 3.245402 3.904559 0.299921 0.590166 -0.405060 0.407731 -0.566909
1777374265.108449 3.283591 3.882769 0.305602 0.561614 -0.435658 0.428601 -0.557757
1777374265.247130 3.327791 3.866712 0.302933 0.553231 -0.447121 0.458001 -0.533154
1777374265.392745 3.364601 3.856118 0.308036 0.537076 -0.464471 0.475678 -0.519178
1777374265.524219 3.388913 3.833521 0.300959 0.520836 -0.487144 0.494130 -0.497250
1777374265.748380 3.394068 3.801880 0.304824 0.497845 -0.507286 0.524047 -0.469241
1777374265.884304 3.391488 3.740803 0.310450 0.444071 -0.554625 0.569630 -0.413175
1777374266.028759 3.379983 3.698795 0.311428 0.395111 -0.588242 0.592468 -0.383198
1777374266.165851 3.369372 3.673062 0.312399 -0.369030 0.606453 -0.605120 0.360363
1777374266.301892 3.357536 3.646928 0.307236 0.348670 -0.618573 0.621660 -0.330659
1777374266.457188 3.358620 3.626353 0.310157 0.328763 -0.625089 0.634873 -0.313234
1777374266.590375 3.367460 3.600591 0.311080 0.313241 -0.630709 0.643617 -0.299739
1777374266.721295 3.371962 3.569816 0.310138 0.295253 -0.643797 0.645552 -0.285680
1777374266.874002 3.387150 3.533743 0.297795 -0.275858 0.657075 -0.647738 0.269426
1777374267.008128 3.418005 3.528861 0.293221 -0.291831 0.659445 -0.633173 0.281174
1777374267.142974 3.446114 3.542378 0.295121 -0.319621 0.643006 -0.623148 0.309955
1777374267.285205 3.465707 3.574383 0.305233 -0.351222 0.617816 -0.613860 0.343689
1777374267.456119 3.485922 3.606347 0.310511 0.387880 -0.592261 0.604896 -0.364522
1777374267.562910 3.499026 3.625491 0.310817 0.405547 -0.580002 0.595874 -0.379558
1777374267.704645 3.510166 3.646190 0.309229 0.423498 -0.567898 0.584912 -0.394993
1777374267.845832 3.521199 3.664451 0.306080 0.442228 -0.557124 0.569763 -0.411604
1777374267.991283 3.538365 3.693406 0.299864 -0.456391 0.549858 -0.540742 0.443803
1777374268.124283 3.545620 3.693644 0.302298 -0.450793 0.549669 -0.548782 0.439872
1777374268.274847 3.564760 3.680150 0.300351 -0.442185 0.556611 -0.555555 0.431296
1777374268.412249 3.594330 3.658876 0.305674 0.427517 -0.556841 0.574579 -0.420733
1777374268.569878 3.624194 3.628723 0.307614 0.404391 -0.570968 0.582990 -0.413022
1777374268.698693 3.657445 3.591172 0.314727 0.382602 -0.578218 0.599389 -0.400014
1777374268.848251 3.703184 3.549458 0.314408 0.378377 -0.590991 0.610317 -0.367523
1777374268.988237 3.748489 3.506273 0.312105 0.359260 -0.606705 0.614208 -0.354386
1777374269.109177 3.797281 3.457658 0.305274 0.344970 -0.616718 0.620163 -0.340664
1777374269.248873 3.837392 3.407406 0.312262 0.320696 -0.625364 0.628847 -0.332604
1777374269.396307 3.896376 3.362249 0.315704 0.323746 -0.618199 0.633799 -0.333642
1777374269.532214 3.966424 3.333719 0.316272 0.342230 -0.618615 0.621193 -0.338103
1777374269.683699 4.052556 3.305477 0.317289 0.359149 -0.603248 0.618596 -0.352764
1777374269.812422 4.122716 3.278597 0.315514 0.372031 -0.596252 0.607780 -0.369704
1777374269.954472 4.197854 3.232779 0.312869 0.371200 -0.598406 0.613820 -0.356855
1777374270.098242 4.257908 3.185946 0.317964 0.358601 -0.609189 0.616724 -0.346332
1777374270.241582 4.326389 3.124221 0.309046 -0.343747 0.622928 -0.616899 0.336503
1777374270.382876 4.391450 3.073482 0.313224 -0.332946 0.623664 -0.618521 0.342960
1777374270.516181 4.462380 3.034157 0.313177 0.341970 -0.613162 0.621464 -0.347666
1777374270.659445 4.543076 3.003612 0.313479 0.364810 -0.609825 0.611965 -0.347167
1777374270.797895 4.638183 2.974594 0.310322 0.378329 -0.598602 0.604050 -0.365605
1777374270.941689 4.709683 2.956074 0.311309 0.393728 -0.586802 0.594015 -0.384432
1777374271.087057 4.795999 2.940849 0.306667 0.414965 -0.573341 0.587300 -0.392635
1777374271.237267 4.872015 2.933352 0.312499 0.431616 -0.562569 0.578694 -0.402911
1777374271.363554 4.967728 2.912093 0.312759 0.430070 -0.559891 0.575109 -0.413294
1777374271.499281 5.040022 2.895604 0.317282 0.428473 -0.556845 0.563730 -0.434216
1777374271.643181 5.125681 2.881980 0.313240 0.438508 -0.547082 0.558792 -0.442903
1777374271.792159 5.214507 2.883094 0.318390 0.458504 -0.537294 0.548296 -0.447728
1777374271.923366 5.297541 2.891604 0.317732 0.471492 -0.521692 0.540567 -0.461866
1777374272.067319 5.376810 2.900296 0.311624 0.489417 -0.509278 0.519612 -0.480739
1777374272.201386 5.444060 2.914800 0.306828 0.504310 -0.497043 0.508248 -0.490208
1777374272.354770 5.510060 2.934945 0.311122 0.520150 -0.482114 0.496158 -0.500836
1777374272.484869 5.561275 2.957186 0.313691 0.533603 -0.468442 0.482974 -0.512412
1777374272.624351 5.614400 2.987358 0.317882 0.545359 -0.442973 0.472749 -0.531851
1777374272.764598 5.665159 3.018331 0.300747 -0.551698 0.415746 -0.456151 0.560991
1777374272.909570 5.714140 3.052153 0.311165 -0.558053 0.390662 -0.445021 0.581306
1777374273.044433 5.770317 3.094992 0.316236 0.591465 -0.364864 0.438680 -0.569740
1777374273.182011 5.808335 3.138574 0.330688 0.601078 -0.358309 0.406902 -0.587155
1777374273.317434 5.847264 3.183972 0.314855 0.610290 -0.334233 0.389248 -0.603590
1777374273.467641 5.873410 3.217733 0.310200 -0.607333 0.324725 -0.366268 0.625738
1777374273.613691 5.909563 3.275084 0.288304 0.638126 -0.296285 0.357397 -0.614230
1777374273.752910 5.901127 3.302238 0.304235 0.653752 -0.267325 0.341777 -0.619947
1777374273.893247 5.888041 3.312903 0.306698 0.662726 -0.242428 0.334931 -0.624375
1777374274.032206 5.874136 3.330587 0.307280 0.673638 -0.212757 0.325281 -0.628600
1777374274.161034 5.864232 3.342630 0.308943 0.681084 -0.194438 0.316536 -0.630970
1777374274.303147 5.831995 3.375329 0.317164 0.704444 -0.145256 0.278344 -0.636541
1777374274.456022 5.809755 3.392421 0.316633 0.715534 -0.113680 0.254991 -0.640365
1777374274.591345 5.792948 3.408047 0.292316 0.719106 -0.080932 0.233737 -0.649387
1777374274.738500 5.770399 3.427143 0.287056 0.722510 -0.078793 0.194338 -0.658790
1777374274.866798 5.753953 3.434581 0.300338 0.715497 -0.069408 0.174352 -0.672940
1777374275.006974 5.764324 3.444312 0.308113 0.713393 -0.100473 0.166373 -0.673273
1777374275.144749 5.784353 3.458317 0.300165 0.709981 -0.113143 0.176754 -0.672223
1777374275.287894 5.829306 3.492997 0.305343 0.706164 -0.146327 0.197272 -0.664082
1777374275.429473 5.865463 3.538182 0.283796 0.706805 -0.150282 0.227118 -0.652885
1777374275.575876 5.891817 3.586787 0.259454 0.720783 -0.161603 0.201934 -0.643101
1777374275.710731 5.905953 3.622503 0.251328 0.729211 -0.159766 0.176062 -0.641661
1777374275.858485 5.906689 3.654741 0.267920 0.731155 -0.143683 0.158197 -0.647874
1777374275.993704 5.899818 3.686542 0.273899 0.723753 -0.128450 0.147491 -0.661762
1777374276.141741 5.891616 3.743900 0.292576 0.716847 -0.094875 0.138369 -0.676744
1777374276.271703 5.898613 3.810120 0.306898 0.709662 -0.084500 0.112962 -0.690275
1777374276.409865 5.904815 3.896470 0.303663 0.709822 -0.071148 0.087542 -0.695289
1777374276.557041 5.900671 3.965213 0.303454 0.712226 -0.055077 0.064574 -0.696801
1777374276.693190 5.878825 4.024258 0.296510 0.715206 -0.034637 0.046682 -0.696492
1777374276.835105 5.855940 4.049274 0.305972 0.713767 -0.017490 0.029778 -0.699531
1777374276.976810 5.854466 4.070834 0.306368 0.708480 -0.031724 0.040112 -0.703876
1777374277.113454 5.859788 4.079279 0.305760 0.706663 -0.037833 0.047693 -0.704927
1777374277.285066 5.879040 4.077428 0.311200 0.704701 -0.055615 0.067011 -0.704140
1777374277.404877 5.879633 4.078739 0.312369 -0.704313 0.051683 -0.069582 0.704578
1777374277.538386 5.865138 4.085279 0.311445 -0.703564 0.043279 -0.054550 0.707212
1777374277.683104 5.846846 4.098819 0.308660 -0.704910 0.029280 -0.038453 0.707648
1777374277.815777 5.846200 4.102808 0.305184 -0.705810 0.031888 -0.040920 0.706499
1777374277.954604 5.849182 4.095178 0.305560 0.707879 -0.041580 0.049142 -0.703394
1777374278.095878 5.848797 4.082399 0.300156 0.714666 -0.051918 0.066310 -0.694377
1777374278.249571 5.842191 4.068599 0.291929 0.721057 -0.071834 0.081722 -0.684279
1777374278.386922 5.842064 4.064290 0.298879 0.714920 -0.083156 0.099196 -0.687120
1777374278.576212 5.846894 4.077115 0.301410 0.713056 -0.082239 0.102428 -0.688692
1777374278.729614 5.844364 4.093828 0.296180 0.715869 -0.071259 0.080722 -0.689882
1777374278.870360 5.833547 4.098535 0.301189 0.713277 -0.058094 0.066120 -0.695334
1777374279.009430 5.823313 4.119582 0.299264 0.714061 -0.043716 0.045733 -0.697219
1777374279.150569 5.805888 4.145596 0.292776 0.719332 -0.023779 0.019238 -0.693993
1777374279.292414 5.782470 4.182829 0.290853 0.717504 0.001530 0.000445 -0.696553
1777374279.440109 5.757907 4.222363 0.306615 0.708896 0.028892 -0.016481 -0.704528
1777374279.575281 5.730927 4.269054 0.311707 -0.701763 -0.055352 0.030595 0.709597
1777374279.727891 5.701657 4.323000 0.308754 -0.699330 -0.072102 0.067132 0.707977
1777374279.859108 5.678405 4.364822 0.315614 -0.689401 -0.084755 0.090341 0.713710
1777374279.993493 5.646452 4.423428 0.312655 -0.689368 -0.104214 0.102476 0.709514
1777374280.139692 5.622863 4.486115 0.320391 -0.691967 -0.102276 0.097684 0.707940
1777374280.273970 5.608780 4.559791 0.322316 -0.687105 -0.087346 0.086794 0.716047
1777374280.420071 5.607324 4.642251 0.316673 -0.695379 -0.069071 0.078482 0.710998
1777374280.557584 5.616728 4.715691 0.322037 -0.690355 -0.045693 0.061225 0.719426
1777374280.697837 5.625006 4.797549 0.318458 -0.702217 -0.031469 0.036294 0.710341
1777374280.840509 5.630544 4.864974 0.317493 -0.703414 -0.016719 0.022265 0.710235
1777374280.979365 5.644733 4.955871 0.309702 -0.705001 0.000118 0.003484 0.709197
1777374281.114090 5.650156 5.034907 0.315302 -0.702583 0.007524 0.006364 0.711533
1777374281.258100 5.640716 5.116238 0.310386 -0.706625 -0.014239 0.005006 0.707427
1777374281.404342 5.615713 5.207503 0.320097 -0.701180 -0.032770 0.012694 0.712118
1777374281.542604 5.612184 5.298486 0.316810 -0.700010 -0.021817 0.015452 0.713633
1777374281.687546 5.623668 5.380307 0.322657 -0.696968 -0.003573 0.009238 0.717034
1777374281.820908 5.638948 5.460565 0.314891 -0.703231 0.005893 -0.012664 0.710824
1777374281.959197 5.652022 5.543106 0.317725 0.707343 -0.021001 0.025446 -0.706100
1777374282.106781 5.648485 5.638421 0.306361 0.710390 -0.008225 0.019701 -0.703484
1777374282.241268 5.641827 5.707892 0.311199 0.708969 -0.001879 -0.000447 -0.705237
1777374282.388380 5.621102 5.789181 0.301513 0.714712 0.018396 -0.008710 -0.699123
1777374282.524191 5.584400 5.836223 0.313341 0.709706 0.051492 -0.027980 -0.702057
1777374282.662580 5.530847 5.890544 0.311967 0.704185 0.083109 -0.066130 -0.702027
1777374282.803555 5.470436 5.927439 0.305056 0.703942 0.123344 -0.112521 -0.690356
1777374282.941073 5.410381 5.964920 0.297511 0.700155 0.158698 -0.143501 -0.681180
1777374283.049066 5.384537 5.987547 0.299959 0.696918 0.176357 -0.162502 -0.675867
1777374283.157372 5.358005 6.004834 0.294002 0.699186 0.204076 -0.182733 -0.660380
1777374283.295677 5.328414 6.009840 0.295045 0.688128 0.239452 -0.206917 -0.652938
1777374283.432363 5.316503 6.010181 0.295959 0.682234 0.251666 -0.215689 -0.651690
1777374283.575905 5.260189 6.010487 0.294911 0.662083 0.291717 -0.267113 -0.636551
1777374283.711504 5.222216 6.007587 0.289862 0.654718 0.316462 -0.288414 -0.622907
1777374283.855542 5.173386 6.015157 0.296429 0.635799 0.334885 -0.310527 -0.622241
1777374284.065282 5.115789 6.023556 0.311250 -0.610924 -0.358284 0.328026 0.625143
1777374284.214595 5.031475 6.040291 0.310908 -0.596887 -0.372900 0.368564 0.607316
1777374284.349980 4.977544 6.051552 0.313938 -0.588616 -0.378770 0.388287 0.599414
1777374284.485265 4.918770 6.093378 0.312098 -0.596858 -0.369799 0.373245 0.606381
1777374284.638827 4.865820 6.132308 0.315262 -0.606477 -0.361087 0.356291 0.612257
1777374284.770439 4.799286 6.188406 0.311838 -0.616512 -0.344305 0.343410 0.619223
1777374284.907770 4.757448 6.231539 0.313830 0.625971 0.325648 -0.336009 -0.623868
1777374285.058631 4.695502 6.302582 0.307186 0.637500 0.311405 -0.306071 -0.634777
1777374285.197153 4.655791 6.351949 0.316465 -0.644425 -0.295023 0.281057 0.647058
1777374285.333771 4.630489 6.406931 0.306497 0.663004 0.266927 -0.257428 -0.650313
1777374285.473438 4.630301 6.456304 0.306643 -0.666468 -0.237968 0.217823 0.672120
1777374285.612719 4.655321 6.500639 0.309190 -0.683458 -0.189317 0.172944 0.683473
1777374285.753611 4.687099 6.545604 0.308148 0.696834 0.148415 -0.114350 -0.692329
1777374285.903204 4.703008 6.575057 0.312787 0.702086 0.120341 -0.093034 -0.695657
1777374286.033631 4.679428 6.574421 0.316876 0.694543 0.147120 -0.121808 -0.693634
1777374286.172638 4.651037 6.561963 0.319284 -0.678660 -0.183385 0.163331 0.692180
1777374286.311355 4.614779 6.543389 0.320170 -0.664756 -0.224504 0.210377 0.680764
1777374286.450818 4.568534 6.514354 0.316922 -0.645359 -0.276178 0.269154 0.659389
1777374286.592898 4.529172 6.479995 0.307270 0.633755 0.322708 -0.322385 -0.624725
1777374286.746903 4.482470 6.409074 0.294917 0.601142 0.392717 -0.395812 -0.572481
1777374286.882945 4.462350 6.364246 0.299747 0.569997 0.433772 -0.446240 -0.536484
1777374287.014822 4.457216 6.296429 0.305108 0.512191 0.496311 -0.500956 -0.490284
1777374287.174712 4.462233 6.225481 0.304861 0.444301 0.553074 -0.546711 -0.444761
1777374287.301131 4.467065 6.195096 0.307339 0.416175 0.573610 -0.571418 -0.413826
1777374287.437870 4.473751 6.167574 0.308542 0.390628 0.590657 -0.585123 -0.395178
1777374287.573249 4.481155 6.135909 0.300468 0.369441 0.611010 -0.595340 -0.368443
1777374287.718700 4.488481 6.111427 0.304336 0.347545 0.619248 -0.609742 -0.352078
1777374287.856457 4.487658 6.089892 0.307318 0.328233 0.628502 -0.620622 -0.334779
1777374287.997046 4.472527 6.061320 0.306569 0.311781 0.634748 -0.630789 -0.319364
1777374288.139719 4.451202 6.020718 0.302651 0.295722 0.642880 -0.641935 -0.295253
1777374288.288029 4.433074 5.978093 0.304605 -0.272489 -0.649550 0.650835 0.283281
1777374288.417886 4.413236 5.937030 0.304751 -0.255532 -0.654419 0.656039 0.275776
1777374288.563021 4.384964 5.866868 0.314510 -0.228027 -0.662221 0.666641 0.255062
1777374288.702410 4.345734 5.798120 0.314555 -0.218335 -0.661670 0.676089 0.239639
1777374288.841918 4.294962 5.753776 0.324669 -0.233559 -0.650175 0.679230 0.247728
1777374288.987684 4.230026 5.702356 0.323198 -0.247445 -0.643826 0.673985 0.264579
1777374289.126602 4.170462 5.661114 0.325043 -0.268609 -0.643920 0.660846 0.276585
1777374289.269036 4.100418 5.617595 0.313862 -0.285345 -0.640749 0.649740 0.293015
1777374289.403231 4.045543 5.593402 0.314942 -0.308156 -0.631260 0.642329 0.306537
1777374289.546446 3.990864 5.575609 0.308958 0.325787 0.628673 -0.622597 -0.333177
1777374289.677294 3.934367 5.567092 0.316025 0.345959 0.613419 -0.605216 -0.371138
1777374289.831384 3.879383 5.582649 0.308944 0.394184 0.591004 -0.580632 -0.397742
1777374289.968443 3.830620 5.603554 0.307865 0.423887 0.565324 -0.559124 -0.433716
1777374290.106767 3.797035 5.634658 0.310206 -0.457887 -0.535393 0.538327 0.462491
1777374290.253488 3.752620 5.684420 0.313808 -0.494658 -0.502447 0.498077 0.504756
1777374290.389396 3.716870 5.716442 0.316765 -0.518273 -0.480131 0.465241 0.533309
1777374290.532560 3.689589 5.749164 0.314440 -0.544376 -0.450798 0.437532 0.555880
1777374290.680175 3.656779 5.779419 0.304751 0.567683 0.427133 -0.419858 -0.564812
1777374290.805010 3.630921 5.815558 0.305645 -0.574987 -0.409430 0.400056 0.584562
1777374290.951592 3.607055 5.855893 0.308794 -0.595139 -0.381183 0.382355 0.595243
1777374291.087637 3.576126 5.905820 0.307891 -0.608374 -0.357488 0.357133 0.611996
1777374291.233661 3.540818 5.951932 0.311698 0.623938 0.340222 -0.328911 -0.621907
1777374291.377776 3.511174 5.989715 0.299351 0.640344 0.333033 -0.317525 -0.615001
1777374291.497972 3.502286 5.996280 0.296188 0.641105 0.339650 -0.319829 -0.609370
1777374291.654790 3.502982 5.991975 0.298844 0.634411 0.342288 -0.321516 -0.613995
1777374291.801538 3.503029 5.991265 0.297931 0.633455 0.342760 -0.321993 -0.614468
1777374291.939539 3.502968 5.991316 0.297810 0.633430 0.342972 -0.321971 -0.614387
1777374292.082538 3.502979 5.991458 0.297756 0.633541 0.342873 -0.322032 -0.614296
1777374292.231577 3.502936 5.991441 0.297735 0.633541 0.342923 -0.322125 -0.614220
1777374292.367496 3.503043 5.991566 0.297740 0.633626 0.342742 -0.322256 -0.614164
1777374292.506460 3.503038 5.991595 0.297690 0.633673 0.342749 -0.322253 -0.614113
1777374292.644713 3.503056 5.991661 0.297702 0.633709 0.342677 -0.322380 -0.614050
1777374292.773547 3.502996 5.991743 0.297631 0.633817 0.342709 -0.322410 -0.613904
1777374292.920148 3.502986 5.991804 0.297599 0.633899 0.342692 -0.322428 -0.613819
1777374293.054221 3.502997 5.991828 0.297599 0.633904 0.342662 -0.322514 -0.613787
1777374293.197507 3.503068 5.991928 0.297589 0.633983 0.342553 -0.322603 -0.613718
1777374293.335488 3.503000 5.991957 0.297547 0.634036 0.342581 -0.322653 -0.613621
1777374293.478144 3.503066 5.991977 0.297565 0.634047 0.342527 -0.322741 -0.613595
1777374293.630553 3.503071 5.992088 0.297547 0.634128 0.342434 -0.322824 -0.613519
1777374293.772504 3.503013 5.992070 0.297500 0.634141 0.342495 -0.322862 -0.613452
1777374293.898727 3.503062 5.992145 0.297476 0.634211 0.342431 -0.322912 -0.613389
1777374294.038756 3.503086 5.992202 0.297464 0.634242 0.342356 -0.322975 -0.613365
1777374294.176491 3.503155 5.992169 0.297568 0.634171 0.342296 -0.323103 -0.613404
1777374294.418417 3.503170 5.992235 0.297548 0.634212 0.342227 -0.323131 -0.613386
1777374294.543696 3.503165 5.992317 0.297481 0.634308 0.342213 -0.323197 -0.613260
1777374294.675815 3.503109 5.992262 0.297453 0.634297 0.342286 -0.323218 -0.613219
1777374294.807084 3.503210 5.992422 0.297417 0.634418 0.342133 -0.323305 -0.613133
1777374294.959395 3.503182 5.992452 0.297414 0.634439 0.342122 -0.323331 -0.613104
1777374295.086920 3.503149 5.992383 0.297418 0.634392 0.342199 -0.323426 -0.613060
1777374295.236276 3.503196 5.992496 0.297400 0.634476 0.342105 -0.323538 -0.612966
1777374295.393808 3.503334 5.992221 0.297330 0.634353 0.342281 -0.323623 -0.612951
1777374295.520781 3.493909 5.975399 0.302653 0.620157 0.364088 -0.345206 -0.603057
1777374295.664848 3.473322 5.941046 0.307042 0.591554 0.405164 -0.382659 -0.582647
1777374295.855872 3.453891 5.894218 0.307840 0.552552 0.454136 -0.441827 -0.541513
1777374296.004720 3.454014 5.842284 0.309977 -0.511707 -0.488613 0.515631 0.483257
1777374296.153352 3.466120 5.772547 0.298189 -0.455351 -0.548607 0.558261 0.424300
1777374296.304124 3.483680 5.719982 0.310991 -0.401529 -0.581783 0.595926 0.381018
1777374296.431927 3.502469 5.678007 0.315227 -0.351662 -0.608161 0.622996 0.344021
1777374296.573094 3.518459 5.651992 0.311093 -0.320787 -0.629333 0.632761 0.317254
1777374296.720323 3.536653 5.627598 0.303664 0.290185 0.647193 -0.641600 -0.292034
1777374296.870739 3.526404 5.624662 0.305660 0.288883 0.645903 -0.639768 -0.300088
1777374296.987263 3.503500 5.622085 0.303403 0.296747 0.642604 -0.632347 -0.314862
1777374297.119435 3.482147 5.622701 0.301862 0.308228 0.636461 -0.626010 -0.328671
1777374297.223800 3.447853 5.620475 0.302162 -0.325083 -0.621299 0.622373 0.347795
1777374297.384721 3.414273 5.617298 0.303954 -0.345394 -0.608600 0.620298 0.354315
1777374297.547732 3.345781 5.614988 0.307229 -0.372678 -0.591377 0.605490 0.380482
1777374297.683792 3.302172 5.609369 0.310680 -0.381635 -0.587278 0.591655 0.399254
1777374297.784188 3.253850 5.604700 0.313097 -0.400754 -0.578369 0.580586 0.409641
1777374297.898791 3.197123 5.599887 0.307693 -0.419354 -0.567827 0.572710 0.416796
1777374298.056732 3.128891 5.602977 0.310283 -0.435825 -0.550023 0.565672 0.433067
1777374298.178737 3.073359 5.616053 0.314917 -0.455654 -0.528463 0.560669 0.445821
1777374298.322614 3.008019 5.628808 0.311454 -0.469481 -0.528165 0.529625 0.469176
1777374298.471808 2.941111 5.638255 0.319072 -0.481824 -0.509547 0.515742 0.492156
1777374298.602082 2.885580 5.648328 0.314121 -0.493664 -0.496858 0.507250 0.502120
1777374298.742453 2.823337 5.671267 0.314953 -0.508192 -0.479400 0.496794 0.514890
1777374298.886076 2.758702 5.704298 0.318986 -0.524206 -0.453770 0.485423 0.532603
1777374299.019952 2.695415 5.730196 0.317599 -0.538866 -0.451934 0.455227 0.546029
1777374299.165313 2.633476 5.754523 0.320025 -0.546879 -0.437226 0.440882 0.561587
1777374299.303599 2.564515 5.786166 0.311956 -0.560558 -0.422919 0.429730 0.567667
1777374299.441818 2.502061 5.805021 0.313560 -0.559907 -0.422284 0.437011 0.563206
1777374299.579245 2.438750 5.812097 0.316940 -0.548979 -0.426499 0.451472 0.559370
1777374299.721836 2.351445 5.810284 0.314096 -0.541656 -0.453556 0.445803 0.549687
1777374299.866943 2.267117 5.798940 0.319828 -0.518479 -0.468113 0.458964 0.549000
1777374300.008557 2.195304 5.792630 0.314653 -0.516205 -0.481038 0.471600 0.528893
1777374300.150823 2.094679 5.812284 0.314725 -0.520444 -0.472687 0.464985 0.538045
1777374300.318373 2.014239 5.836084 0.314371 -0.536549 -0.466568 0.445677 0.543877
1777374300.439043 1.936596 5.863912 0.306165 0.553201 0.452711 -0.438349 -0.544859
1777374300.569803 1.867304 5.896526 0.307454 0.562103 0.436743 -0.431932 -0.553832
1777374300.704067 1.803494 5.934943 0.310165 0.572229 0.419482 -0.417733 -0.567528
1777374300.845109 1.738839 5.973004 0.312142 -0.581380 -0.409195 0.394040 0.582486
1777374301.019685 1.672634 6.017029 0.310672 -0.592795 -0.390367 0.379169 0.593665
1777374301.128411 1.615704 6.062289 0.305452 -0.598757 -0.377435 0.363358 0.605809
1777374301.284542 1.575418 6.108274 0.312745 0.613456 0.349754 -0.359299 -0.610121
1777374301.406690 1.526256 6.166943 0.307876 -0.623658 -0.335335 0.330170 0.624171
1777374301.551929 1.495368 6.213536 0.313751 -0.636357 -0.314883 0.301408 0.636436
1777374301.686002 1.473453 6.254814 0.308153 0.648797 0.292274 -0.281580 -0.643701
1777374301.822072 1.458178 6.298096 0.300933 0.657858 0.270964 -0.260907 -0.652480
1777374302.015632 1.458286 6.381631 0.311283 -0.669994 -0.215145 0.219271 0.675826
1777374302.118040 1.463207 6.430792 0.309402 -0.678920 -0.195909 0.178682 0.684661
1777374302.273200 1.464853 6.485214 0.312925 -0.687119 -0.169855 0.138408 0.692719
1777374302.391057 1.470007 6.516725 0.312035 -0.689164 -0.144706 0.121595 0.699520
1777374302.542597 1.484849 6.584283 0.300320 -0.699296 -0.111063 0.083809 0.701160
1777374302.671609 1.513256 6.612281 0.305400 -0.703654 -0.077664 0.052329 0.704344
1777374302.824578 1.550270 6.626485 0.309718 -0.706162 -0.027750 0.019211 0.707246
1777374302.953363 1.580592 6.629472 0.309996 0.707439 -0.002483 0.017888 -0.706544
1777374303.116375 1.598294 6.633171 0.313363 0.706539 -0.022907 0.043414 -0.705969
1777374303.253837 1.608732 6.638317 0.310818 0.710241 -0.027451 0.053637 -0.701375
1777374303.385302 1.610716 6.639685 0.306090 0.712814 -0.024128 0.047792 -0.699307
1777374303.516105 1.605736 6.639795 0.307778 0.711814 -0.018595 0.046026 -0.700612
1777374303.676038 1.600863 6.641097 0.309356 0.711180 -0.012995 0.042380 -0.701611
1777374303.804585 1.599488 6.641345 0.309584 0.711203 -0.011092 0.040756 -0.701717
1777374303.940849 1.606018 6.641760 0.309865 0.710796 -0.018354 0.049833 -0.701391
1777374304.094328 1.638782 6.640116 0.311145 0.707328 -0.055055 0.087851 -0.699241
1777374304.230777 1.683098 6.629704 0.312491 0.698864 -0.110716 0.134820 -0.693653
1777374304.359660 1.725015 6.612112 0.313770 0.687348 -0.161096 0.189487 -0.682419
1777374304.594758 1.782711 6.577807 0.301471 0.675909 -0.239853 0.247685 -0.651360
1777374304.715339 1.814199 6.554570 0.301771 0.653946 -0.279725 0.290377 -0.640148
1777374304.859324 1.875409 6.475911 0.310982 0.593281 -0.387861 0.399133 -0.581613
1777374305.001273 1.891857 6.424029 0.312340 0.555740 -0.441729 0.446422 -0.544734
1777374305.128224 1.907913 6.349650 0.302964 0.501264 -0.506505 0.510380 -0.481353
1777374305.282290 1.908584 6.313833 0.308290 0.467550 -0.532782 0.544295 -0.448645
1777374305.413306 1.890161 6.234385 0.314761 0.387422 -0.590245 0.604761 -0.368482
1777374305.553466 1.862554 6.185591 0.314521 0.328155 -0.626608 0.632543 -0.315541
1777374305.703676 1.844185 6.153420 0.307644 0.293550 -0.644399 0.649387 -0.277263
1777374305.832094 1.848685 6.146683 0.309127 0.287679 -0.645561 0.653340 -0.271366
1777374305.977140 1.857673 6.131732 0.309545 0.278618 -0.649577 0.655006 -0.267185
1777374306.110771 1.873362 6.097811 0.304631 -0.261694 0.659447 -0.657565 0.253486
1777374306.263074 1.889133 6.061196 0.303431 -0.252016 0.665105 -0.664394 0.229572
1777374306.398715 1.930459 6.015403 0.308306 0.258040 -0.663307 0.663991 -0.229248
1777374306.546997 1.986539 5.965034 0.303300 -0.265225 0.660940 -0.657059 0.247158
1777374306.677951 2.036354 5.927746 0.307570 0.270883 -0.653244 0.653488 -0.269905
1777374306.827738 2.108141 5.884260 0.309356 0.297664 -0.639220 0.652397 -0.277800
1777374306.962323 2.154348 5.860100 0.315501 0.311080 -0.632797 0.648130 -0.287621
1777374307.094596 2.240934 5.816986 0.312056 0.329788 -0.625108 0.634935 -0.311990
1777374307.244419 2.313276 5.787291 0.312573 0.345211 -0.612959 0.625669 -0.337119
1777374307.374705 2.375060 5.767175 0.311483 0.361832 -0.601670 0.620975 -0.348511
1777374307.512553 2.450149 5.748061 0.315692 0.381975 -0.591646 0.611993 -0.359881
1777374307.652511 2.524203 5.735427 0.317199 0.399793 -0.578994 0.602001 -0.377526
1777374307.801427 2.583006 5.727086 0.307773 0.415727 -0.570811 0.591196 -0.389658
1777374307.933379 2.639689 5.719541 0.306464 0.429064 -0.566704 0.583099 -0.393378
1777374308.072171 2.673041 5.720092 0.305632 0.434062 -0.561702 0.578465 -0.401820
1777374308.529882 2.795611 5.727883 0.308150 0.463772 -0.537057 0.553136 -0.436494
1777374308.634875 2.914543 5.745538 0.311924 0.479304 -0.509589 0.519095 -0.491048
1777374308.784070 2.981849 5.761483 0.307524 0.502180 -0.494625 0.508646 -0.494410
1777374308.925596 3.041042 5.787425 0.316331 0.517759 -0.473321 0.496996 -0.510772
1777374309.060208 3.107900 5.812429 0.312834 -0.527513 0.463058 -0.477245 0.528720
1777374309.196747 3.169007 5.837853 0.313829 -0.540120 0.445979 -0.457418 0.547852
1777374309.336428 3.233760 5.865881 0.313369 -0.547110 0.430575 -0.445275 0.563033
1777374309.478132 3.295290 5.901564 0.311895 0.570998 -0.417355 0.430219 -0.560971
1777374309.617324 3.353040 5.930302 0.303072 0.588281 -0.410134 0.408924 -0.564355
1777374309.768636 3.375519 5.937161 0.301015 0.591283 -0.408751 0.407652 -0.563141
1777374309.906046 3.383136 5.930994 0.306667 0.579642 -0.411890 0.421957 -0.562418
1777374310.046281 3.389756 5.917415 0.307902 0.570893 -0.421900 0.428970 -0.558629
1777374310.188096 3.404774 5.894677 0.300051 0.564185 -0.440542 0.436163 -0.545326
1777374310.323245 3.424409 5.879992 0.302613 0.553352 -0.443672 0.455103 -0.538367
1777374310.464127 3.460093 5.865167 0.308407 0.530970 -0.462399 0.472840 -0.529792
1777374310.601502 3.505046 5.852818 0.309709 0.520752 -0.471081 0.493835 -0.512861
1777374310.742084 3.557808 5.842208 0.317018 0.511161 -0.480668 0.512187 -0.495314
1777374310.857410 3.579045 5.835729 0.314905 0.505357 -0.490922 0.512440 -0.490932
1777374311.030174 3.693095 5.850323 0.304310 0.516828 -0.486180 0.493970 -0.502505
1777374311.165611 3.760246 5.848178 0.308129 0.511719 -0.490647 0.495551 -0.501835
1777374311.314451 3.846939 5.838960 0.314222 0.506849 -0.493456 0.513621 -0.485591
1777374311.446331 3.904347 5.829466 0.310199 0.502778 -0.507309 0.510044 -0.479278
1777374311.592913 3.973455 5.813512 0.303031 0.492782 -0.510523 0.520539 -0.474943
1777374311.733571 4.012002 5.801114 0.308076 0.476188 -0.522306 0.523407 -0.475907
1777374311.866909 4.064702 5.779003 0.313224 0.463923 -0.528318 0.540653 -0.461898
1777374312.011818 4.121019 5.763893 0.316679 0.463248 -0.532367 0.549109 -0.447734
1777374312.147142 4.199787 5.759212 0.311644 0.468819 -0.531975 0.536414 -0.457681
1777374312.288227 4.275913 5.763811 0.309921 0.480285 -0.518589 0.529109 -0.469505
1777374312.433642 4.356359 5.765765 0.308705 0.489880 -0.511633 0.529142 -0.467180
1777374312.571895 4.430028 5.749905 0.315212 0.481227 -0.519528 0.535462 -0.460209
1777374312.708697 4.503028 5.728415 0.295446 -0.481392 0.538828 -0.527227 0.447167
1777374312.850580 4.547991 5.713213 0.288645 0.485716 -0.533512 0.535339 -0.439155
1777374312.992160 4.567133 5.700372 0.301006 0.467942 -0.541181 0.545783 -0.436205
1777374313.129631 4.591449 5.675133 0.307531 0.443207 -0.556320 0.558518 -0.426771
1777374313.268691 4.621232 5.645635 0.308767 0.427864 -0.564218 0.577655 -0.406085
1777374313.417800 4.652344 5.599989 0.310699 0.399936 -0.586319 0.600012 -0.369143
1777374313.557236 4.671603 5.568728 0.305894 0.375318 -0.603863 0.608445 -0.352535
1777374313.692997 4.694971 5.512257 0.302875 0.339021 -0.618456 0.632428 -0.320332
1777374313.834111 4.697313 5.451539 0.313323 0.288075 -0.640788 0.650615 -0.288278
1777374313.975491 4.694795 5.394357 0.310530 0.261358 -0.657619 0.667465 -0.231776
1777374314.115535 4.689660 5.345819 0.311446 0.227168 -0.672440 0.679668 -0.185121
1777374314.261122 4.669475 5.303846 0.303686 -0.187304 0.691997 -0.682062 0.144390
1777374314.407283 4.649244 5.253223 0.293576 -0.135561 0.702722 -0.689399 0.111957
1777374314.537608 4.631420 5.209657 0.303617 0.102300 -0.700160 0.701664 -0.083536
1777374314.677115 4.603121 5.165327 0.312521 0.055997 -0.698277 0.710900 -0.062403
1777374314.814359 4.577007 5.115160 0.309247 0.035559 -0.702741 0.710382 -0.015755
1777374314.956223 4.555386 5.065806 0.313394 0.004719 -0.701984 0.711950 0.017999
1777374315.095891 4.535985 5.023348 0.306807 -0.020875 -0.703104 0.709851 0.036345
1777374315.247194 4.498323 4.969466 0.308130 -0.049037 -0.698687 0.711138 0.060955
1777374315.382518 4.457835 4.933761 0.317087 -0.083699 -0.689192 0.715476 0.078123
1777374315.521809 4.416753 4.884613 0.312757 -0.097470 -0.694566 0.703389 0.115422
1777374315.664889 4.386585 4.840282 0.318752 -0.117381 -0.688478 0.702921 0.134620
1777374315.803630 4.345843 4.784439 0.311638 -0.137893 -0.683208 0.700482 0.153420
1777374315.944272 4.301218 4.741807 0.312995 -0.158645 -0.679563 0.695765 0.170109
1777374316.075812 4.253188 4.703280 0.319544 -0.182605 -0.667918 0.696743 0.187323
1777374316.222300 4.194339 4.654575 0.315787 -0.199952 -0.671640 0.680560 0.213907
1777374316.360922 4.149925 4.616193 0.317698 -0.217809 -0.668204 0.674450 0.226229
1777374316.497816 4.079453 4.560914 0.305683 0.236937 0.667636 -0.662173 -0.244234
1777374316.641055 4.032219 4.520239 0.312564 -0.246569 -0.660553 0.663733 0.249661
1777374316.777943 3.984367 4.453064 0.315563 -0.230156 -0.661014 0.672246 0.241193
1777374316.929906 3.946245 4.375115 0.315645 0.208748 0.675668 -0.667698 -0.232544
1777374317.060426 3.914068 4.297024 0.314605 0.191198 0.677908 -0.675818 -0.217150
1777374317.209779 3.880934 4.221923 0.312356 -0.174600 -0.682675 0.683592 0.190188
1777374317.344554 3.853774 4.144947 0.310635 -0.155136 -0.685861 0.688597 0.177093
1777374317.490738 3.838881 4.097235 0.310183 0.143755 0.695247 -0.683219 -0.170815
1777374317.632131 3.782356 3.993039 0.315493 -0.155056 -0.685967 0.687490 0.181008
1777374317.760754 3.733449 3.933026 0.314078 -0.171506 -0.682799 0.685539 0.185491
1777374317.903274 3.666723 3.872991 0.320406 -0.196991 -0.666823 0.690217 0.200355
1777374318.041975 3.615085 3.813036 0.311886 0.206573 0.678038 -0.672919 -0.211595
1777374318.180236 3.568937 3.728034 0.311258 0.199106 0.681173 -0.675032 -0.201722
1777374318.326463 3.531560 3.648154 0.308010 0.182072 0.686018 -0.679320 -0.186421
1777374318.465606 3.502048 3.566954 0.308236 0.159980 0.690034 -0.682988 -0.178292
1777374318.605144 3.482780 3.489722 0.313815 0.136052 0.697208 -0.682693 -0.171233
1777374318.764502 3.444035 3.389056 0.310561 0.135749 0.695711 -0.687132 -0.159402
1777374318.891694 3.412301 3.341621 0.316590 -0.143982 -0.689466 0.691647 0.159781
1777374319.029088 3.353902 3.263539 0.314987 -0.162933 -0.681972 0.691226 0.174853
1777374319.165077 3.333840 3.215349 0.308353 0.166972 0.698898 -0.676267 -0.162246
1777374319.307461 3.332365 3.188137 0.302460 0.143354 0.711643 -0.673921 -0.137272
1777374319.447029 3.351467 3.179480 0.305683 0.115893 0.711489 -0.681663 -0.125251
1777374319.594009 3.372233 3.170587 0.306989 0.096106 0.711440 -0.687805 -0.107428
1777374319.726828 3.385993 3.153282 0.303683 0.073131 0.715075 -0.688742 -0.094631
1777374319.870674 3.394312 3.120895 0.293778 0.052605 0.720144 -0.688128 -0.071448
1777374320.031582 3.406292 3.093763 0.287836 0.039896 0.726149 -0.684955 -0.044197
1777374320.153918 3.421098 3.068066 0.287943 0.010935 0.727091 -0.685716 -0.031823
1777374320.290389 3.441612 3.033922 0.301622 -0.016485 0.718025 -0.695782 -0.007497
1777374320.429924 3.461539 2.983443 0.306842 -0.034133 0.711040 -0.701931 0.023461
1777374320.572916 3.472901 2.918761 0.320754 0.033503 -0.696335 0.715240 -0.049254
1777374320.709077 3.463635 2.843492 0.312711 0.029942 -0.704095 0.709294 -0.015975
1777374320.858810 3.455581 2.773787 0.314325 -0.011279 0.709381 -0.704735 0.000281
1777374320.997925 3.441339 2.693352 0.305687 0.006301 0.711181 -0.702790 -0.016345
1777374321.129727 3.421379 2.634997 0.312058 0.029445 0.707403 -0.705597 -0.029096
1777374321.275839 3.394465 2.563347 0.305746 0.047248 0.708751 -0.701729 -0.054922
1777374321.426830 3.367813 2.501315 0.313967 0.065820 0.705832 -0.700741 -0.080198
1777374321.555750 3.339204 2.445375 0.310131 0.087840 0.703741 -0.698253 -0.097338
1777374321.693036 3.306662 2.395383 0.304518 0.103801 0.699931 -0.696939 -0.116611
1777374321.845772 3.256763 2.346553 0.313427 -0.140096 -0.688330 0.699165 0.133206
1777374321.976487 3.212816 2.305612 0.311196 -0.155555 -0.686590 0.691770 0.160784
1777374322.115775 3.172417 2.259862 0.315852 0.171306 0.685950 -0.682953 -0.183581
1777374322.269536 3.122933 2.208013 0.314755 -0.191964 -0.674602 0.682536 0.205442
1777374322.396258 3.074248 2.165794 0.307939 -0.208915 -0.671188 0.676574 0.219337
1777374322.560232 3.011670 2.130644 0.317657 -0.239409 -0.653751 0.677936 0.236001
1777374322.691365 2.952590 2.094228 0.312804 -0.250468 -0.655721 0.661436 0.264192
1777374322.820992 2.900253 2.059542 0.317757 -0.267981 -0.651833 0.652236 0.279084
1777374322.969502 2.833852 2.018856 0.311514 -0.289415 -0.642807 0.646766 0.291087
1777374323.104733 2.766566 1.988775 0.315120 -0.304892 -0.632200 0.641901 0.308752
1777374323.241343 2.698642 1.958834 0.319176 -0.319560 -0.620969 0.641689 0.317040
1777374323.355762 2.652085 1.917036 0.308292 0.314377 0.638089 -0.632221 -0.307093
1777374323.463062 2.616373 1.873774 0.314807 0.299787 0.644185 -0.635399 -0.302360
1777374323.602764 2.559212 1.802837 0.308447 0.281483 0.652309 -0.643245 -0.285477
1777374323.734046 2.518778 1.746159 0.310673 0.263846 0.658418 -0.651561 -0.268958
1777374323.896838 2.478008 1.696664 0.305866 0.252543 0.663289 -0.651365 -0.268317
1777374324.015293 2.398578 1.628945 0.311457 0.264282 0.662421 -0.642481 -0.280307
1777374324.156699 2.323308 1.573269 0.303565 0.276084 0.658160 -0.636639 -0.292050
1777374324.300902 2.259875 1.542811 0.313124 0.299420 0.642832 -0.638625 -0.298784
1777374324.434812 2.186788 1.479779 0.305217 0.290467 0.651842 -0.632854 -0.300378
1777374324.575237 2.138872 1.424098 0.312786 0.281017 0.654723 -0.637448 -0.293306
1777374324.718021 2.062625 1.355041 0.308441 0.281007 0.651252 -0.640975 -0.293354
1777374324.853741 2.000174 1.319077 0.314133 -0.294354 -0.640144 0.643393 0.299360
1777374325.016329 1.911232 1.270266 0.312399 0.308148 0.637963 -0.628179 -0.321620
1777374325.154976 1.847460 1.234107 0.313316 0.322870 0.634439 -0.620485 -0.328999
1777374325.280771 1.772842 1.172929 0.301448 0.311374 0.641120 -0.621374 -0.325433
1777374325.425611 1.720336 1.119419 0.307218 0.305816 0.643003 -0.631733 -0.306492
1777374325.566312 1.671572 1.059135 0.304238 0.287807 0.651150 -0.636483 -0.296748
1777374325.716469 1.636345 0.999905 0.313204 0.260427 0.661449 -0.640377 -0.290828
1777374325.836460 1.593815 0.978661 0.304447 0.275437 0.664790 -0.629138 -0.293894
1777374325.981779 1.562178 0.994704 0.308900 0.311248 0.644791 -0.614792 -0.330756
1777374326.121552 1.534053 1.037777 0.307447 0.361194 0.613811 -0.587605 -0.384052
1777374326.260673 1.513944 1.092466 0.309769 0.411642 0.574903 -0.557666 -0.434793
1777374326.399395 1.503027 1.145237 0.316750 0.454849 0.535655 -0.529580 -0.475111
1777374326.539584 1.498220 1.217436 0.313500 -0.515268 -0.483634 0.473294 0.525918
1777374326.695102 1.501060 1.262588 0.311112 -0.539825 -0.453313 0.424038 0.568584
1777374326.822299 1.505775 1.299721 0.311403 -0.570233 -0.419761 0.383081 0.593199
1777374326.968033 1.515377 1.316990 0.315121 -0.586033 -0.394181 0.360647 0.609197
1777374327.114251 1.521092 1.331315 0.318860 -0.593443 -0.379289 0.347996 0.618760
1777374327.263769 1.521824 1.354319 0.314486 -0.608132 -0.365029 0.331688 0.622023
1777374327.401121 1.515359 1.388015 0.298711 0.632792 0.341726 -0.315413 -0.619122
1777374327.529251 1.495617 1.414897 0.296789 0.639005 0.324439 -0.302089 -0.628613
1777374327.667626 1.474764 1.452516 0.300623 0.649172 0.303950 -0.280752 -0.638254
1777374327.808846 1.446250 1.500943 0.312369 -0.645345 -0.289402 0.259556 0.657576
1777374327.942057 1.425992 1.546748 0.309688 -0.657765 -0.272408 0.241866 0.659272
1777374328.087576 1.397245 1.612381 0.302067 0.667733 0.250725 -0.226630 -0.663256
1777374328.226885 1.377656 1.667441 0.310905 -0.670024 -0.223389 0.220632 0.672672
1777374328.364939 1.358745 1.742601 0.315137 -0.672247 -0.199979 0.197884 0.684788
1777374328.503749 1.340748 1.805842 0.315324 -0.681923 -0.186631 0.174790 0.685273
1777374328.646503 1.299493 1.887642 0.312569 -0.683944 -0.182300 0.172429 0.685022
1777374328.805822 1.246774 1.955304 0.308559 -0.678744 -0.198835 0.189587 0.681049
1777374328.936769 1.194745 2.011541 0.308470 -0.671530 -0.218040 0.198689 0.679727
1777374329.072778 1.139472 2.066186 0.315168 -0.667101 -0.238068 0.205978 0.675183
1777374329.218863 1.089173 2.136883 0.312150 -0.669063 -0.233739 0.209526 0.673661
1777374329.349219 1.057482 2.203749 0.312069 -0.668891 -0.221885 0.205714 0.678995
1777374329.490054 1.034543 2.270086 0.314515 -0.673782 -0.201817 0.193554 0.683977
1777374329.625555 1.016686 2.334705 0.315178 -0.679181 -0.185469 0.168378 0.689901
1777374329.770519 1.016847 2.387808 0.312655 0.691593 0.154762 -0.142059 -0.691062
1777374329.918923 1.022975 2.442709 0.303000 0.701578 0.125700 -0.114787 -0.691963
1777374330.048775 1.043805 2.494832 0.308235 -0.699735 -0.091357 0.077793 0.704254
1777374330.187745 1.074837 2.527186 0.315018 -0.698544 -0.046537 0.053016 0.712082
1777374330.341565 1.123503 2.574428 0.312510 -0.706090 -0.004590 -0.015367 0.707940
1777374330.481619 1.160197 2.589980 0.312324 0.707825 -0.038711 0.062818 -0.702524
1777374330.621493 1.198108 2.590535 0.313405 0.701968 -0.088766 0.104395 -0.698902
1777374330.754233 1.234424 2.589319 0.307844 0.700397 -0.124438 0.142035 -0.688320
1777374330.893229 1.264594 2.586177 0.297967 0.699592 -0.147148 0.169624 -0.678341
1777374331.034989 1.271105 2.582471 0.302852 0.694464 -0.156879 0.181171 -0.678443
1777374331.177669 1.264116 2.584807 0.311993 0.690141 -0.153028 0.177815 -0.684595
1777374331.316514 1.260084 2.588198 0.313198 0.691392 -0.148344 0.170400 -0.686247
1777374331.463485 1.260615 2.587247 0.311442 0.692927 -0.148024 0.171804 -0.684416
1777374331.690906 1.261262 2.588903 0.305288 0.695465 -0.145158 0.171644 -0.682493
1777374331.803199 1.261170 2.589239 0.305850 0.695541 -0.144812 0.171945 -0.682413
1777374332.007874 1.260663 2.589605 0.307084 0.695728 -0.143736 0.171638 -0.682527
1777374332.172750 1.260452 2.589814 0.307133 0.695849 -0.143461 0.171367 -0.682529
1777374332.306530 1.260365 2.589970 0.307108 0.695947 -0.143366 0.171051 -0.682529
1777374332.442875 1.260418 2.590031 0.307036 0.696036 -0.143441 0.170770 -0.682493
1777374332.582621 1.260604 2.590080 0.306933 0.696131 -0.143641 0.170564 -0.682405
1777374332.737235 1.260636 2.590104 0.306886 0.696189 -0.143687 0.170333 -0.682394
1777374332.861131 1.260807 2.590113 0.306831 0.696238 -0.143888 0.170098 -0.682360
1777374333.000866 1.260821 2.590159 0.306844 0.696233 -0.143973 0.169810 -0.682419
1777374333.140214 1.262310 2.589638 0.306923 0.696119 -0.144887 0.172377 -0.681698
1777374333.284558 1.279208 2.583731 0.309589 0.690258 -0.163725 0.198267 -0.676334
1777374333.419861 1.307308 2.571348 0.313977 0.677604 -0.198795 0.235194 -0.667845
1777374333.581555 1.340667 2.545311 0.319180 0.654441 -0.250326 0.287352 -0.653049
1777374333.702199 1.369245 2.510578 0.315612 0.636498 -0.299141 0.330826 -0.629237
1777374333.853043 1.398194 2.465744 0.306343 -0.603146 0.369498 -0.357845 0.609617
1777374333.999693 1.420072 2.424854 0.309360 -0.571573 0.415323 -0.417171 0.571646
1777374334.120754 1.438063 2.392239 0.315287 0.548394 -0.444600 0.463593 -0.535422
1777374334.286772 1.452716 2.314231 0.307317 0.493519 -0.502655 0.536755 -0.464404
1777374334.402673 1.451223 2.286050 0.311691 0.469659 -0.528227 0.557569 -0.435331
1777374334.572217 1.440409 2.233898 0.318781 0.410452 -0.572908 0.594398 -0.387293
1777374334.688504 1.429554 2.207202 0.310210 -0.377294 0.602857 -0.593686 0.376496
1777374334.830425 1.423228 2.191094 0.308563 -0.355548 0.613073 -0.606904 0.359715
1777374334.961989 1.422651 2.182393 0.310015 0.340944 -0.618696 0.619219 -0.342842
1777374335.107556 1.428010 2.162287 0.310436 0.324774 -0.625905 0.627943 -0.329322
1777374335.283911 1.435195 2.135160 0.309626 -0.308882 0.636201 -0.632486 0.315913
1777374335.396732 1.446935 2.102434 0.296503 -0.288738 0.655365 -0.628643 0.303208
1777374335.520693 1.457968 2.064783 0.297230 -0.262911 0.666081 -0.636796 0.285840
1777374335.683176 1.483718 1.993905 0.308800 -0.243685 0.668353 -0.655626 0.253132
1777374335.806890 1.501901 1.954544 0.315222 0.232602 -0.666575 0.667962 -0.235374
1777374335.990123 1.542397 1.878534 0.314883 0.213524 -0.665362 0.682811 -0.213237
1777374336.091440 1.558531 1.825054 0.311747 0.200912 -0.671922 0.683378 -0.202854
1777374336.237317 1.576928 1.771653 0.322435 0.185878 -0.663652 0.694124 -0.207865
1777374336.379127 1.621382 1.706880 0.313971 0.202419 -0.669813 0.685951 -0.199622
1777374336.509997 1.671645 1.654980 0.317427 0.217056 -0.667689 0.680486 -0.209801
1777374336.652019 1.697048 1.607182 0.301340 -0.219513 0.677229 -0.670886 0.207575
1777374336.797556 1.720197 1.582710 0.309458 0.223674 -0.669473 0.671868 -0.224429
1777374336.930913 1.751771 1.557645 0.312975 0.232956 -0.662574 0.668471 -0.244691
1777374337.083946 1.802009 1.531944 0.299570 0.260712 -0.658231 0.660793 -0.249227
1777374337.209413 1.843110 1.520852 0.302939 -0.277357 0.653425 -0.652136 0.266136
1777374337.349641 1.898985 1.491608 0.302698 -0.294863 0.642808 -0.642310 0.295452
1777374337.488993 1.937039 1.475595 0.306735 0.309111 -0.632236 0.637247 -0.314076
1777374337.640956 2.012031 1.458262 0.302683 0.348045 -0.613360 0.624712 -0.335244
1777374337.772181 2.049712 1.466728 0.311041 0.375532 -0.596169 0.615801 -0.352628
1777374337.912694 2.101843 1.486622 0.310196 -0.407609 0.581882 -0.580213 0.398273
1777374338.059321 2.159455 1.522857 0.305383 0.460323 -0.544011 0.544399 -0.442476
1777374338.196176 2.189424 1.560096 0.303685 -0.489272 0.514178 -0.510409 0.485506
1777374338.339298 2.221321 1.600780 0.297008 0.520170 -0.490884 0.481007 -0.507039
1777374338.472851 2.247186 1.645714 0.308383 0.544734 -0.451951 0.460922 -0.535310
1777374338.622565 2.287883 1.681658 0.307866 -0.559791 0.428222 -0.433312 0.561695
1777374338.758172 2.318081 1.711886 0.310552 -0.570669 0.408360 -0.412218 0.581082
1777374338.900876 2.360356 1.744018 0.306097 -0.581114 0.391629 -0.397170 0.592612
1777374339.034243 2.396655 1.779543 0.303043 -0.594864 0.375257 -0.387733 0.595804
1777374339.182419 2.429667 1.823022 0.312057 0.607874 -0.352017 0.373102 -0.606109
1777374339.333082 2.486215 1.893089 0.309495 -0.621593 0.325773 -0.345142 0.623194
1777374339.454490 2.515961 1.929782 0.314466 -0.624832 0.311259 -0.324504 0.638279
1777374339.618325 2.560664 1.991582 0.312011 -0.633086 0.290734 -0.304829 0.649427
1777374339.759888 2.593242 2.044335 0.313498 -0.646607 0.273545 -0.292350 0.649310
1777374339.881134 2.621868 2.100330 0.318675 -0.651481 0.253442 -0.278077 0.658797
1777374340.023609 2.679388 2.170633 0.315645 -0.654689 0.248123 -0.268556 0.661585
1777374340.163878 2.736261 2.214566 0.321162 -0.647463 0.259200 -0.282828 0.658495
1777374340.299909 2.804804 2.263704 0.323068 -0.643903 0.272296 -0.300690 0.648714
1777374340.450538 2.882933 2.307225 0.314438 0.641743 -0.300164 0.306051 -0.635925
1777374340.732068 2.958849 2.343784 0.310031 -0.630303 0.317347 -0.319298 0.632501
1777374340.862249 3.108930 2.408663 0.315318 0.618761 -0.345372 0.350260 -0.612512
1777374341.017288 3.187042 2.462279 0.312233 0.623532 -0.340645 0.341909 -0.615034
1777374341.160602 3.240995 2.507901 0.308771 0.629988 -0.326728 0.330056 -0.622436
1777374341.284587 3.292475 2.567012 0.306232 0.641336 -0.311132 0.317200 -0.625515
1777374341.422666 3.339329 2.624760 0.310338 0.649755 -0.290258 0.308343 -0.631263
1777374341.568583 3.384404 2.690786 0.312222 0.656880 -0.270065 0.291855 -0.640620
1777374341.728526 3.432292 2.765655 0.309398 0.663114 -0.250508 0.263525 -0.654278
1777374341.851732 3.456118 2.815095 0.308626 0.668006 -0.236301 0.250298 -0.659758
1777374341.991177 3.487299 2.886980 0.305651 0.677100 -0.215184 0.236985 -0.662623
1777374342.138110 3.506179 2.954796 0.313366 0.682249 -0.190388 0.221638 -0.670198
1777374342.284078 3.529433 3.034914 0.305139 0.687411 -0.173534 0.193598 -0.678139
1777374342.419004 3.541481 3.076906 0.306819 0.691457 -0.163481 0.184035 -0.679185
1777374342.574509 3.549025 3.132237 0.304638 0.695351 -0.149504 0.174872 -0.680849
1777374342.707722 3.555064 3.174986 0.309630 0.697189 -0.133562 0.163861 -0.685009
1777374342.849858 3.556417 3.226725 0.308957 0.700220 -0.114655 0.144309 -0.689726
1777374342.991075 3.555715 3.289679 0.304305 0.700445 -0.097223 0.112701 -0.698014
1777374343.141326 3.544237 3.342657 0.306374 -0.700674 0.075052 -0.077119 0.705319
1777374343.276200 3.529505 3.398687 0.301918 -0.704606 0.046862 -0.054880 0.705920
1777374343.422622 3.501968 3.453168 0.311031 -0.703387 0.010762 -0.028376 0.710159
1777374343.569318 3.464718 3.504294 0.318571 -0.698529 -0.035071 0.001154 0.714721
1777374343.708447 3.428792 3.549269 0.312878 -0.700305 -0.065735 0.046525 0.709286
1777374343.849728 3.389560 3.584491 0.311435 -0.694741 -0.091933 0.093589 0.707195
1777374343.990070 3.352937 3.617900 0.302280 -0.694018 -0.115395 0.121456 0.700194
1777374344.141584 3.303011 3.655324 0.308975 -0.683513 -0.150835 0.144391 0.699435
1777374344.298592 3.258368 3.682738 0.315594 -0.673129 -0.183645 0.164810 0.697144
1777374344.428802 3.201262 3.724690 0.310022 -0.667537 -0.209481 0.198944 0.686246
1777374344.592364 3.151461 3.758917 0.317146 -0.654485 -0.224445 0.232889 0.683401
1777374344.783832 3.084120 3.804504 0.309096 -0.652362 -0.250479 0.250646 0.669971
1777374344.922123 3.027592 3.829721 0.316719 -0.643271 -0.273083 0.264949 0.664402
1777374345.061946 2.959061 3.862872 0.318419 -0.632252 -0.290596 0.286902 0.658406
1777374345.206858 2.894415 3.893659 0.316003 -0.625470 -0.309868 0.311685 0.644688
1777374345.356037 2.843693 3.915281 0.303940 -0.628031 -0.327715 0.306659 0.635721
1777374345.499055 2.817741 3.923780 0.299746 0.634025 0.327138 -0.304326 -0.631173
1777374345.629324 2.815520 3.924005 0.304465 0.632521 0.327943 -0.304041 -0.632399
1777374345.788545 2.811071 3.924925 0.305875 -0.631378 -0.329193 0.303917 0.632952
1777374345.922240 2.807936 3.926251 0.305961 -0.631161 -0.329970 0.303715 0.632861
1777374346.071171 2.804377 3.928533 0.306293 -0.630855 -0.330321 0.302565 0.633534
1777374346.206302 2.802071 3.928963 0.306554 -0.630161 -0.331218 0.301709 0.634163
1777374346.346357 2.801262 3.929248 0.306613 -0.630029 -0.331441 0.301518 0.634270
1777374346.489305 2.801385 3.930157 0.305814 -0.631151 -0.331180 0.301087 0.633495
1777374346.634498 2.811231 3.941303 0.305551 -0.637108 -0.316619 0.283317 0.643099
1777374346.775907 2.835128 3.971754 0.312516 -0.653164 -0.272580 0.234201 0.666503
1777374346.914019 2.866461 3.996894 0.317464 -0.665955 -0.222061 0.183626 0.688095
1777374347.068041 2.918452 4.020473 0.313855 -0.686997 -0.156582 0.122069 0.699011
1777374347.205275 2.968457 4.038531 0.300216 0.710151 0.078806 -0.086987 -0.694196
1777374347.339051 3.004165 4.048821 0.305094 0.709175 0.035839 -0.027347 -0.703589
1777374347.481405 3.072159 4.052292 0.307467 0.709787 -0.052468 0.070353 -0.698928
1777374347.650658 3.117203 4.041437 0.304472 0.704665 -0.110084 0.126482 -0.689443
1777374347.807543 3.133822 4.036096 0.303028 0.700866 -0.127182 0.148300 -0.686017
1777374347.927418 3.156684 4.028569 0.305567 0.692935 -0.160076 0.179879 -0.679603
1777374348.045816 3.174998 4.021283 0.305812 0.688307 -0.185820 0.212267 -0.668317
1777374348.212480 3.190557 4.015511 0.309715 0.678031 -0.210273 0.235832 -0.663659
1777374348.351042 3.202797 4.012864 0.312544 0.673519 -0.218898 0.250813 -0.659961
1777374348.479028 3.244880 4.005206 0.308292 0.665213 -0.261553 0.276805 -0.642231
1777374348.621088 3.289355 4.007453 0.305212 0.649951 -0.288231 0.307772 -0.632268
1777374348.756172 3.319426 4.010879 0.302430 0.639226 -0.307143 0.319690 -0.628372
1777374348.931013 3.350110 4.007860 0.309551 -0.621952 0.329445 -0.336374 0.625694
1777374349.050221 3.420878 4.019136 0.312722 0.612099 -0.344678 0.370283 -0.607801
1777374349.189318 3.465341 4.028691 0.313989 0.604421 -0.362115 0.382165 -0.597911
1777374349.325652 3.516164 4.039624 0.311758 -0.592996 0.377448 -0.392585 0.593099
1777374349.469636 3.596960 4.059940 0.310023 -0.584124 0.388264 -0.399723 0.590145
1777374349.609933 3.651385 4.088992 0.314884 -0.583136 0.381159 -0.388201 0.603300
1777374349.764700 3.675740 4.103274 0.318041 -0.581621 0.375093 -0.385296 0.610384
1777374350.358990 3.766599 4.187363 0.321188 0.611020 -0.338123 0.378325 -0.607616
1777374350.595374 3.783320 4.205367 0.321789 0.612256 -0.330797 0.377300 -0.611032
1777374350.702146 3.871978 4.296146 0.319736 -0.621790 0.313377 -0.329251 0.637782
1777374350.873433 4.032187 4.511057 0.308177 0.659345 -0.257850 0.265988 -0.654238
1777374351.422832 4.066110 4.585422 0.300762 0.671783 -0.233757 0.249307 -0.657200
1777374351.524595 4.076449 4.622416 0.307751 0.676532 -0.212902 0.240817 -0.662559
1777374351.699052 4.092025 4.748180 0.305139 0.690594 -0.159470 0.175853 -0.683172
1777374351.873748 4.075344 4.896851 0.308412 0.701947 -0.086389 0.107146 -0.698804
1777374352.013763 4.062752 4.951357 0.310175 -0.701895 0.060192 -0.086559 0.704434
1777374352.159398 4.049731 5.010196 0.311282 -0.701489 0.041401 -0.049964 0.709720
1777374352.297232 4.041327 5.061411 0.314324 -0.694232 0.031658 -0.023659 0.718666
1777374352.438838 4.026853 5.118177 0.304025 -0.706210 0.008360 -0.015540 0.707782
1777374352.586883 4.004977 5.165130 0.313337 -0.703598 -0.012498 0.001275 0.710487
1777374352.739183 3.966855 5.259490 0.310047 -0.701544 -0.041361 0.036837 0.710470
1777374352.876520 3.940075 5.320161 0.314842 -0.695566 -0.062004 0.061139 0.713166
1777374353.028260 3.913183 5.377696 0.308650 -0.696065 -0.081669 0.070700 0.709807
1777374353.158112 3.884530 5.440112 0.308353 0.705376 0.097286 -0.081989 -0.697322
1777374353.298580 3.876791 5.476147 0.295341 0.715443 0.101171 -0.087163 -0.685790
1777374353.429513 3.871947 5.485496 0.298938 0.711215 0.106336 -0.086792 -0.689444
1777374353.566418 3.867409 5.489777 0.301128 0.701140 0.104741 -0.086547 -0.699958
1777374353.705746 3.865066 5.495096 0.297888 -0.698164 -0.101281 0.093840 0.702498
1777374353.851846 3.861870 5.499238 0.298691 -0.693844 -0.101844 0.097650 0.706168
1777374353.993897 3.859498 5.501797 0.299528 -0.689601 -0.102150 0.100248 0.709906
1777374354.132862 3.858264 5.503385 0.299670 -0.684722 -0.101706 0.101607 0.714484
1777374354.300998 3.856365 5.500239 0.302050 -0.692263 -0.105016 0.097819 0.707231
1777374354.430371 3.856894 5.493264 0.303846 -0.695140 -0.107648 0.094509 0.704457
1777374354.571019 3.857693 5.487357 0.304779 -0.695188 -0.108660 0.093735 0.704358
1777374354.695918 3.853341 5.482323 0.305993 -0.694057 -0.114048 0.100208 0.703730
1777374354.844318 3.841503 5.474974 0.307972 -0.691217 -0.126050 0.113857 0.702401
1777374354.990872 3.823486 5.465661 0.309824 -0.687379 -0.143393 0.135252 0.699039
1777374355.117130 3.809128 5.458649 0.311343 -0.683339 -0.159244 0.150929 0.696354
1777374355.266894 3.792684 5.453214 0.312421 -0.679251 -0.174509 0.168313 0.692701
1777374355.404691 3.772641 5.456704 0.309502 -0.674883 -0.192966 0.186520 0.687392
1777374355.543639 3.752495 5.465288 0.301599 -0.676567 -0.208626 0.201838 0.676752
1777374355.686254 3.717948 5.472394 0.287837 0.681530 0.236996 -0.217745 -0.657219
1777374355.828667 3.669043 5.490115 0.299454 0.666085 0.256081 -0.242217 -0.657332
1777374355.965832 3.620061 5.506020 0.310680 -0.644457 -0.282723 0.254812 0.663185
1777374356.109920 3.559907 5.532161 0.307549 -0.639348 -0.300302 0.284848 0.648009
1777374356.249769 3.528812 5.546722 0.302784 -0.639834 -0.314629 0.279552 0.643017
1777374356.400894 3.514022 5.550171 0.303223 0.643895 0.314892 -0.281260 -0.638071
1777374356.547000 3.513560 5.548145 0.305327 0.641825 0.315422 -0.289638 -0.636144
1777374356.692658 3.510429 5.545199 0.303560 0.640552 0.318634 -0.292290 -0.634612
1777374356.819602 3.509721 5.544971 0.303373 0.640422 0.319075 -0.293199 -0.634102
1777374356.963180 3.509565 5.545134 0.303319 0.640434 0.319055 -0.293580 -0.633924
1777374357.093832 3.508440 5.545303 0.303078 0.640274 0.319964 -0.294026 -0.633420
1777374357.243581 3.507913 5.545396 0.302943 0.640352 0.320247 -0.293983 -0.633219
1777374357.400503 3.507558 5.545534 0.302858 0.640405 0.320423 -0.293996 -0.633069
1777374357.523332 3.507304 5.545613 0.302779 0.640488 0.320527 -0.293853 -0.632999
1777374357.656518 3.507048 5.545645 0.302664 0.640576 0.320760 -0.293735 -0.632847
1777374357.802864 3.506881 5.545698 0.302609 0.640625 0.320863 -0.293618 -0.632800
1777374357.945186 3.506701 5.545838 0.302558 0.640700 0.320875 -0.293526 -0.632760
1777374358.084362 3.506495 5.545809 0.302497 0.640704 0.321077 -0.293470 -0.632679
1777374358.229628 3.506428 5.545865 0.302463 0.640761 0.321098 -0.293402 -0.632643
1777374358.367046 3.506348 5.545830 0.302470 0.640724 0.321156 -0.293331 -0.632684
1777374358.515433 3.506148 5.545861 0.302419 0.640759 0.321326 -0.293295 -0.632578
1777374358.648263 3.506111 5.545928 0.302361 0.640865 0.321304 -0.293129 -0.632560
1777374358.802908 3.505971 5.545923 0.302282 0.640918 0.321429 -0.293145 -0.632434
1777374358.932215 3.505854 5.545956 0.302206 0.640977 0.321541 -0.293128 -0.632326
1777374359.067492 3.505770 5.545988 0.302136 0.641069 0.321603 -0.292981 -0.632269
1777374359.213383 3.505631 5.545934 0.302091 0.641049 0.321803 -0.293049 -0.632156
1777374359.355631 3.505590 5.546005 0.302051 0.641149 0.321780 -0.292916 -0.632128
1777374359.490219 3.505398 5.546008 0.301956 0.641243 0.321998 -0.292792 -0.631978
1777374359.637532 3.505301 5.546004 0.301886 0.641280 0.322118 -0.292762 -0.631894
1777374359.800551 3.505158 5.546032 0.301793 0.641367 0.322237 -0.292561 -0.631838
1777374359.921499 3.505037 5.545992 0.301742 0.641373 0.322417 -0.292646 -0.631701
1777374360.059710 3.504928 5.546034 0.301654 0.641459 0.322512 -0.292580 -0.631596
1777374360.193898 3.504878 5.545971 0.301666 0.641425 0.322606 -0.292564 -0.631590
1777374360.361202 3.504691 5.545951 0.301563 0.641479 0.322821 -0.292466 -0.631470
1777374360.487353 3.504693 5.546030 0.301522 0.641576 0.322771 -0.292287 -0.631481
1777374360.621790 3.504620 5.545961 0.301520 0.641537 0.322890 -0.292337 -0.631436
1777374360.768551 3.504572 5.545954 0.301497 0.641533 0.322952 -0.292355 -0.631400
1777374360.921753 3.504523 5.546005 0.301438 0.641625 0.322951 -0.292150 -0.631402
1777374361.042394 3.504474 5.546016 0.301390 0.641672 0.323021 -0.292180 -0.631305
1777374361.207926 3.504435 5.545985 0.301394 0.641651 0.323086 -0.292100 -0.631329
1777374361.321513 3.504345 5.545991 0.301329 0.641701 0.323171 -0.292050 -0.631258
