1778755010.745726 0.000000 0.000000 0.000000 0.00000000 0.00000000 0.00000000 1.00000000
1778755023.759093 -0.035362 0.014566 0.015748 -0.00279224 0.00025006 -0.01596266 0.99986866
1778755024.044402 -0.077229 0.040051 -0.030161 -0.00560202 -0.00236480 -0.02243713 0.99972976
1778755024.734781 0.066218 0.039800 -0.361062 0.00273717 -0.03520514 -0.01389933 0.99927970
1778755024.877644 0.190963 0.038558 -0.429197 0.00291581 -0.03252060 -0.00992917 0.99941749
1778755025.018333 0.298155 0.020290 -0.434700 -0.00882639 -0.00287767 -0.01050155 0.99990176
1778755025.158425 0.360990 -0.005048 -0.592632 -0.00445797 0.07553033 -0.02113946 0.99690943
1778755025.298736 0.377258 -0.011772 -0.645628 -0.00812630 0.14670056 -0.02531767 0.98882351
1778755025.441041 0.452304 -0.003162 -0.610149 -0.00456676 0.20890768 -0.01433294 0.97781966
1778755025.580364 0.485937 -0.008351 -0.500735 -0.01077168 0.25314034 -0.01959565 0.96717111
1778755025.862872 0.558991 -0.013575 -0.505434 -0.01564023 0.29622308 -0.01283665 0.95490444
1778755027.537343 1.225925 -0.008756 0.469584 -0.00637430 0.34095442 -0.01156533 0.93998707
1778755027.836631 1.435968 -0.001256 0.481340 -0.00848930 0.37974949 -0.00463047 0.92503882
1778755027.958281 1.632117 -0.018014 0.438929 -0.00473209 0.42014811 -0.00320816 0.90743754
1778755028.100020 1.668275 0.011301 0.529862 0.00086190 0.45817111 0.03745480 0.88807411
1778755028.381105 1.740993 -0.014418 0.549872 0.00598227 0.50740399 0.00270656 0.86168328
1778755029.502118 1.950762 -0.027394 0.659032 -0.00239260 0.53692042 -0.02178533 0.84334817
1778755029.502118 1.950762 -0.027394 0.659032 -0.00239260 0.53692042 -0.02178533 0.84334817
1778755030.625194 2.404667 -0.044203 0.864858 0.00120436 0.58061313 -0.00891251 0.81412991
1778755030.899898 2.554615 -0.052929 0.885986 -0.00051849 0.62470432 -0.00380773 0.78085194
1778755031.178568 2.648418 -0.056826 0.883751 0.00516776 0.65874206 -0.00693721 0.75231912
1778755031.534711 2.745897 -0.061362 0.866802 0.00468892 0.68387946 -0.01813861 0.72935444
1778755031.673073 2.772877 -0.065092 0.835982 -0.00840560 0.70141463 -0.02965892 0.71208652
1778755031.816653 2.778994 -0.063776 0.823216 0.00066108 0.73814261 -0.02347085 0.67423599
1778755031.952039 2.837986 -0.064914 0.811754 0.00696597 0.76062274 -0.00740615 0.64911452
1778755032.088857 2.851327 -0.064188 0.750985 0.01831971 0.77116284 -0.01676499 0.63615344
1778755032.370881 2.913525 -0.063666 0.755787 0.01900545 0.80434158 -0.01822718 0.59358334
1778755032.653375 2.959069 -0.063395 0.718810 0.00639911 0.81255967 -0.02913199 0.58211438
1778755033.247103 3.057026 -0.067369 0.683056 0.00570962 0.84102973 -0.03600993 0.53975890
1778755033.879796 3.130000 -0.087186 0.616456 0.03130773 0.83878904 -0.04467241 0.54171685
1778755034.266770 3.252212 -0.081340 0.568346 0.03739396 0.84150243 -0.01053011 0.53885477
1778755034.542527 3.303754 -0.077068 0.508713 0.01317572 0.82423726 0.00918096 0.56601683
1778755034.687082 3.319576 -0.063174 0.503732 0.00370351 0.83067828 0.02935087 0.55596619
1778755034.964204 3.366762 -0.067907 0.471899 -0.02573333 0.87275800 0.01203761 0.48732572
1778755034.964204 3.366762 -0.067907 0.471899 -0.02573333 0.87275800 0.01203761 0.48732572
1778755035.100341 3.330931 -0.069849 0.500131 0.01150707 0.89488522 0.01258372 0.44597050
1778755035.245083 3.339009 -0.068957 0.494937 0.00622065 0.90792219 0.01304630 0.41888948
1778755035.521287 3.410423 -0.068039 0.414290 -0.00584977 0.92145264 0.00346805 0.38843119
1778755036.223672 3.603802 -0.065140 0.185905 -0.02201497 0.92920765 -0.00143139 0.36889894
1778755036.500319 3.613081 -0.070584 0.154642 -0.03264704 0.94404329 -0.01773377 0.32772237
1778755036.640443 3.659769 -0.069292 0.079672 -0.00640355 0.96115823 0.00185284 0.27591743
1778755036.781350 3.673420 -0.067708 0.024023 -0.00453820 0.97132374 0.00515484 0.23766158
1778755036.928630 3.711166 -0.071675 -0.030310 -0.01522496 0.97886724 -0.00642532 0.20382796
1778755037.203835 3.708746 -0.066292 -0.084011 -0.01676713 0.98298051 0.00503647 0.18287378
1778755037.767806 3.793169 -0.065649 -0.308545 -0.02161950 0.98634177 -0.00046757 0.16328591
1778755037.908787 3.752745 -0.069197 -0.397549 -0.01024008 0.99097132 -0.00125496 0.13367648
1778755038.045765 3.721999 -0.076881 -0.386423 -0.02622806 0.99470482 -0.00775691 0.09906688
1778755038.181901 3.798012 -0.056796 -0.476072 -0.01103946 0.99455773 0.01226840 0.10287151
1778755038.321803 3.838828 -0.071293 -0.531811 -0.02271534 0.98937257 -0.00166371 0.14360767
1778755038.466169 3.839723 -0.065327 -0.566814 -0.03998583 0.98021600 0.00796295 0.19368612
1778755038.600567 3.897425 -0.060101 -0.539738 -0.05843414 0.96894634 0.00060917 0.24026667
1778755038.600567 3.897425 -0.060101 -0.539738 -0.05843414 0.96894634 0.00060917 0.24026667
1778755038.744184 3.901209 -0.059176 -0.535878 -0.04246290 0.95634084 0.00502696 0.28910870
1778755038.882164 3.896765 -0.060004 -0.536806 -0.04752603 0.94229724 -0.00121209 0.33138455
1778755039.303647 3.902564 -0.059492 -0.548245 -0.02153521 0.95936129 -0.00453706 0.28132112
1778755039.441352 3.898923 -0.059615 -0.548574 -0.04128169 0.98046232 -0.00245024 0.19231086
1778755039.583769 3.902431 -0.060165 -0.532685 -0.03130447 0.99537703 -0.00514046 0.09065411
1778755039.726829 3.882836 -0.058530 -0.709706 -0.01534248 0.99911735 0.00611505 0.03862311
1778755039.866873 3.878080 -0.054694 -0.771206 -0.01671136 0.99966587 0.00051961 -0.01971296
1778755040.007508 3.872559 -0.050004 -0.801510 0.00623752 0.99877835 0.00498122 -0.04876555
1778755040.285458 3.825649 -0.049297 -0.934230 -0.00822996 0.99610202 -0.00369997 -0.08774590
1778755040.565143 3.777409 -0.040756 -1.000043 -0.00027529 0.99523540 0.00596185 -0.09731849
1778755040.984277 3.701353 -0.049586 -1.091740 -0.00491053 0.99716690 0.00026230 -0.07505998
1778755041.130695 3.697663 -0.058273 -1.077954 -0.00584866 0.99201598 -0.02372195 -0.12372293
1778755041.265830 3.640761 -0.051494 -1.096944 0.02476836 0.99490322 -0.00720847 -0.09747900
1778755041.684689 3.602781 -0.051408 -1.090125 0.01636361 0.98666007 0.00179972 -0.16195957
1778755041.827612 3.603153 -0.054035 -1.111996 0.02094154 0.97554485 -0.01188849 -0.21847738
1778755042.246855 3.603764 -0.042983 -1.202421 0.01644124 0.93945018 0.00866303 -0.34218124
1778755042.246855 3.603764 -0.042983 -1.202421 0.01644124 0.93945018 0.00866303 -0.34218124
1778755042.664906 3.582163 -0.041853 -1.272879 -0.01057106 0.95192048 0.00785915 -0.30606190
1778755042.805337 3.571030 -0.043534 -1.315684 -0.01127257 0.97413392 -0.00082413 -0.22568861
1778755042.949643 3.578481 -0.041382 -1.344643 0.00022205 0.98473082 0.00634572 -0.17396809
1778755043.089539 3.586532 -0.046509 -1.382535 -0.01139012 0.98903601 -0.01076749 -0.14684038
1778755043.231012 3.603839 -0.047228 -1.389523 -0.02414185 0.98450899 0.00363545 -0.17362605
1778755044.974351 3.594656 -0.049028 -1.419506 -0.00298243 0.98498991 0.00814654 -0.17239378
1778755045.112081 3.578849 -0.048558 -1.412940 -0.01053262 0.98690819 -0.00605984 -0.16082462
1778755045.254838 3.565663 -0.047651 -1.417475 -0.01384486 0.98858208 0.00271068 -0.15002149
1778755045.393030 3.563408 -0.045616 -1.413966 0.00026818 0.98076864 0.01796963 -0.19434480
1778755045.679807 3.556161 -0.047994 -1.417773 0.01253204 0.97614116 0.01060672 -0.21651531
1778755047.496918 3.561290 -0.044940 -1.425705 0.01834752 0.98570940 -0.00362328 -0.16741333
1778755047.640932 3.568842 -0.035401 -1.423592 0.02928218 0.99421646 0.02147025 -0.10107029
1778755047.773550 3.590045 -0.038412 -1.419279 0.03244084 0.99176229 0.04379858 -0.11591738
1778755047.916140 3.610009 -0.044104 -1.443818 0.01809047 0.99408325 0.03548962 -0.10105299
1778755048.061334 3.614224 -0.042640 -1.443164 0.04170439 0.99753518 0.02841975 0.04875066
1778755048.200778 3.626190 -0.048050 -1.444140 0.00638316 0.97658931 0.00949795 0.21480773
1778755048.200778 3.626190 -0.048050 -1.444140 0.00638316 0.97658931 0.00949795 0.21480773
1778755048.340899 3.618086 -0.048761 -1.437732 0.00165888 0.93491432 -0.01244277 0.35465144
1778755048.484744 3.631489 -0.048273 -1.446464 -0.00129695 0.89414216 -0.02074412 0.44730057
1778755048.615015 3.632110 -0.048768 -1.448993 0.01754787 0.86600254 -0.01659614 0.49945595
1778755049.452614 3.771687 -0.054986 -1.547725 0.02612864 0.89290698 -0.00663029 0.44943348
1778755049.595637 3.802404 -0.058410 -1.570818 0.03257324 0.91369471 -0.00833425 0.40500803
1778755049.735504 3.814263 -0.059146 -1.582570 0.03400562 0.92686093 -0.01249010 0.37365282
1778755049.885343 3.827070 -0.060377 -1.603892 0.04290035 0.94421266 -0.00709237 0.32645322
1778755050.019849 3.861559 -0.061873 -1.643103 0.03642152 0.96166856 -0.00735473 0.27168543
1778755050.157454 3.869593 -0.061918 -1.659441 0.02637474 0.97564082 -0.01276165 0.21740860
1778755050.295111 3.909270 -0.063173 -1.702588 0.02477154 0.98954004 -0.00965609 0.14178729
1778755050.438395 3.909629 -0.065532 -1.700721 0.03599665 0.99605266 -0.01463281 0.07980743
1778755050.580287 3.924059 -0.063192 -1.737242 0.02537791 0.99917244 -0.01103559 0.02980948
1778755050.718661 3.927729 -0.067114 -1.765977 0.01868102 0.99960152 -0.01962304 -0.00792207
1778755050.865685 3.913274 -0.065169 -1.767856 0.02372199 0.99872835 -0.01207576 -0.04281501
1778755050.998700 3.890541 -0.066066 -1.788254 0.02336514 0.99733541 -0.00902357 -0.06851806
1778755051.153783 3.876110 -0.067959 -1.799128 0.02948212 0.99226188 -0.00971387 -0.12021979
1778755051.153783 3.876110 -0.067959 -1.799128 0.02948212 0.99226188 -0.00971387 -0.12021979
1778755051.291434 3.866846 -0.064545 -1.823084 0.03119393 0.98839697 -0.00881792 -0.14839342
1778755051.573194 3.849654 -0.066685 -1.855896 0.03501357 0.98662412 -0.00037314 -0.15920667
1778755052.261922 3.839522 -0.076287 -1.887717 0.01177300 0.98288877 -0.04093714 -0.17920720
1778755052.816673 3.845417 -0.077288 -1.914411 0.00482137 0.98828589 -0.01323763 -0.15196225
1778755052.960497 3.854166 -0.074481 -1.908321 -0.00066939 0.99290791 -0.00921836 -0.11852619
1778755053.095986 3.862269 -0.075366 -1.916009 -0.00302854 0.99740366 0.00352824 -0.07186322
1778755053.237957 3.863507 -0.078312 -1.915960 0.01406585 0.99984474 0.00922815 0.00524364
1778755053.385789 3.868970 -0.074438 -1.915036 -0.00357373 0.99782198 -0.00338999 0.06578012
1778755053.530917 3.869995 -0.074440 -1.915109 -0.01698776 0.99211889 -0.00298264 0.12410730
1778755053.658905 3.869336 -0.072992 -1.906502 -0.03213608 0.98684208 -0.00153938 0.15845380
1778755053.800721 3.863418 -0.073557 -1.900719 -0.03152252 0.97490271 0.00081078 0.22038689
1778755053.937176 3.864203 -0.072487 -1.902007 -0.02307191 0.96621931 0.00953555 0.25650929
1778755054.080184 3.860618 -0.072690 -1.897267 -0.03607279 0.95480765 0.00889188 0.29489327
1778755054.217126 3.859607 -0.074091 -1.888214 -0.07634388 0.94334350 0.00149135 0.32291243
1778755054.777546 3.840645 -0.073769 -1.887313 -0.03725126 0.93416459 0.05652184 0.35036288
1778755055.197622 3.822867 -0.080030 -1.889813 -0.04163302 0.93544332 0.09821892 0.33699484
1778755055.197622 3.822867 -0.080030 -1.889813 -0.04163302 0.93544332 0.09821892 0.33699484
1778755055.478227 3.818194 -0.082805 -1.884882 -0.06968906 0.94053352 0.06265511 0.32651872
1778755055.897834 3.797671 -0.093885 -1.864187 -0.02738964 0.94596386 0.09355309 0.30927334
1778755056.180028 3.777968 -0.107844 -1.828000 -0.06450919 0.93331884 0.07769344 0.34455512
1778755056.457227 3.750877 -0.116553 -1.802338 -0.02036113 0.91993179 0.10115568 0.37825713
1778755056.880718 3.723308 -0.135908 -1.770860 -0.02657544 0.89680261 0.12558102 0.42340080
1778755057.018399 3.714533 -0.144667 -1.767905 -0.04417256 0.88318665 0.11169827 0.45338021
1778755057.165729 3.694908 -0.145356 -1.753115 -0.10701986 0.87117698 0.05076071 0.47646696
1778755057.716766 3.656130 -0.164319 -1.726849 -0.05098167 0.86765059 0.04184635 0.49278008
1778755058.142419 3.597071 -0.173418 -1.695993 -0.06450614 0.88665404 0.01356587 0.45771119
1778755058.416319 3.559745 -0.174475 -1.676140 -0.05898309 0.90136887 0.00764520 0.42894837
1778755058.701530 3.547327 -0.170405 -1.668138 -0.07219811 0.92988819 -0.00322803 0.36067294
1778755058.840645 3.546821 -0.169082 -1.673222 -0.07016039 0.94738378 -0.00275386 0.31230419
1778755058.980788 3.534998 -0.170841 -1.683181 -0.07193125 0.96272390 -0.00591753 0.26067907
1778755059.116581 3.533660 -0.171219 -1.704439 -0.07344510 0.98098447 -0.00589420 0.17955655
1778755059.266098 3.517476 -0.175573 -1.715458 -0.04568371 0.99472957 0.00730513 0.09150259
1778755059.399341 3.481647 -0.178806 -1.684945 -0.03498468 0.99908613 0.00725868 -0.02345842
1778755059.399341 3.481647 -0.178806 -1.684945 -0.03498468 0.99908613 0.00725868 -0.02345842
1778755059.540448 3.478678 -0.178173 -1.685889 -0.04250892 0.99394527 0.00446424 -0.10122190
1778755059.714880 3.481398 -0.177575 -1.687552 -0.04514373 0.99023018 0.00500951 -0.13183753
1778755059.825447 3.499793 -0.177922 -1.679193 -0.03756544 0.98070242 0.00054366 -0.19186270
1778755059.958457 3.505742 -0.178791 -1.653839 -0.04294233 0.96768632 -0.00099564 -0.24847163
1778755060.098150 3.474933 -0.179199 -1.665427 -0.03368755 0.95038846 -0.00462398 -0.30920146
1778755060.240156 3.463353 -0.177996 -1.696448 -0.01913586 0.93334031 -0.00404756 -0.35845964
1778755060.382275 3.459326 -0.180817 -1.693894 -0.00341888 0.92199960 -0.01287480 -0.38696161
1778755060.661054 3.430170 -0.180644 -1.704211 -0.01288607 0.91206125 -0.01417761 -0.40960617
1778755061.082574 3.210763 -0.150269 -1.811279 0.00981033 0.90792694 0.03049977 -0.41790213
1778755061.355512 3.136887 -0.129047 -1.863823 0.04320018 0.91670365 0.03052553 -0.39605095
1778755061.498774 3.107666 -0.131991 -1.898520 0.07198288 0.92474094 0.01307191 -0.37349937
1778755061.636738 3.034419 -0.079628 -1.966353 0.01383511 0.93428799 0.05945386 -0.35125459
1778755061.778399 3.015595 -0.102039 -2.016511 -0.02377354 0.95120667 0.05269378 -0.30309084
1778755061.916881 2.994509 -0.060921 -2.066989 -0.04188180 0.96151229 0.08326465 -0.25847056
1778755062.063225 2.980062 -0.126599 -2.096057 -0.04118748 0.97317818 0.04382111 -0.22205301
1778755062.198056 2.990069 -0.084064 -2.157494 -0.05174572 0.97469496 0.06369068 -0.20793177
1778755062.198056 2.990069 -0.084064 -2.157494 -0.05174572 0.97469496 0.06369068 -0.20793177
1778755062.475490 2.972043 -0.075696 -2.171926 -0.02633228 0.97075164 0.05730195 -0.23165568
1778755062.760989 2.937429 -0.064242 -2.202878 -0.07756303 0.95275480 0.07790373 -0.28314886
1778755062.904097 2.922839 -0.064642 -2.201436 -0.07012517 0.94223408 0.07723091 -0.31829670
1778755063.051107 2.900256 -0.064013 -2.215091 -0.05094619 0.92478912 0.04681638 -0.37413608
1778755063.177781 2.884559 -0.065491 -2.217599 -0.00966247 0.90993515 -0.00434742 -0.41461520
1778755063.323217 2.868319 -0.069908 -2.217765 0.00110992 0.89002602 -0.04055774 -0.45410077
1778755063.456102 2.855061 -0.067886 -2.212070 0.02980853 0.85028693 -0.06420225 -0.52153778
1778755063.596269 2.848795 -0.051607 -2.176574 0.21962906 0.80848709 -0.08699470 -0.53902099
1778755063.736596 2.829614 -0.032551 -2.156781 0.28964519 0.73966283 -0.05338320 -0.60510727
1778755063.876102 2.781361 -0.024160 -2.153108 -0.21364323 -0.67911596 0.05108035 0.70039195
1778755064.015867 2.756370 -0.053996 -2.127951 -0.00856220 -0.61262543 0.00480397 0.79031240
1778755064.157890 2.775212 -0.048270 -2.094541 -0.09441403 -0.59695319 0.13733586 0.78477496
1778755064.304249 2.826958 -0.039978 -2.052997 -0.10780695 -0.50515541 0.15588088 0.84196011
1778755064.435708 2.788032 -0.037379 -2.046648 -0.11344235 -0.39898891 0.15882064 0.89594346
1778755064.591401 2.836645 -0.035698 -2.041062 -0.10490866 -0.37234589 0.12355455 0.91383094
1778755064.998506 2.823136 -0.048143 -2.057624 -0.04426563 -0.38173128 0.05585602 0.92152151
1778755064.998506 2.823136 -0.048143 -2.057624 -0.04426563 -0.38173128 0.05585602 0.92152151
1778755066.119427 2.773162 -0.044097 -2.020280 -0.03356523 -0.38126172 0.04710074 0.92265617
1778755066.540736 2.759821 -0.041618 -2.005539 -0.02933192 -0.36440343 0.03306171 0.93019176
1778755067.237529 2.731195 -0.040969 -1.987504 -0.02804166 -0.38947949 0.04485736 0.91951466
1778755067.803125 2.713482 -0.039735 -1.979704 -0.03062250 -0.42159998 0.04817606 0.90498331
1778755068.220906 2.698586 -0.038084 -1.968075 -0.02987576 -0.40624866 0.04494133 0.91216761
1778755068.784364 2.678296 -0.036201 -1.951403 -0.03744679 -0.39254842 0.06492932 0.91667205
1778755069.065941 2.665942 -0.032328 -1.938142 -0.04887753 -0.36737657 0.07726627 0.92556759
1778755069.202567 2.662516 -0.030842 -1.932180 -0.04377411 -0.35846280 0.05626017 0.93081848
1778755069.491384 2.650589 -0.029358 -1.925573 -0.03976862 -0.38296865 0.04311923 0.92189707
1778755069.620453 2.649071 -0.028605 -1.925539 -0.03787046 -0.40817100 0.04131707 0.91118339
1778755069.761343 2.652576 -0.030030 -1.930393 -0.03108356 -0.43293215 0.03769852 0.90010132
1778755069.911057 2.648817 -0.029533 -1.931427 -0.02943404 -0.47070240 0.04071471 0.88086049
1778755070.041291 2.648272 -0.029999 -1.931741 -0.03494123 -0.51546454 0.05847442 0.85419913
1778755070.188898 2.645755 -0.032744 -1.935761 -0.02722648 -0.55164972 0.05881196 0.83155424
1778755070.326568 2.637159 -0.038496 -1.944080 -0.00301553 -0.59142494 0.02380752 0.80600288
1778755070.462811 2.622210 -0.041596 -1.953017 0.00408473 -0.65520749 0.01450696 0.75529862
1778755070.462811 2.622210 -0.041596 -1.953017 0.00408473 -0.65520749 0.01450696 0.75529862
1778755070.601956 2.621115 -0.042008 -1.951139 -0.01274340 0.72100278 -0.01518737 -0.69264849
1778755070.741402 2.605443 -0.043038 -1.964179 0.00049533 0.76841826 -0.02614797 -0.63941334
1778755070.881180 2.606745 -0.044867 -1.966382 0.00848283 0.82877191 -0.05097504 -0.55719539
1778755071.021036 2.614407 -0.043696 -1.963158 -0.06007669 0.88682241 -0.02036743 -0.45773569
1778755071.162480 2.601719 -0.045823 -1.978080 -0.05341114 0.93093675 -0.01638984 -0.36088140
1778755071.300681 2.596464 -0.047966 -1.997074 -0.07246035 0.96225834 -0.01802839 -0.26169327
1778755071.440582 2.587564 -0.048331 -2.019219 -0.09998109 0.98869792 -0.01269232 -0.11099151
1778755071.580581 2.582204 -0.050623 -2.034423 -0.08084771 0.99246927 -0.01969263 -0.08989213
1778755071.725266 2.581818 -0.051599 -2.039728 -0.08236828 0.99495304 -0.02183158 -0.05298402
1778755072.009147 2.582630 -0.052469 -2.040497 -0.06293223 0.99573915 -0.02585272 -0.06224726
1778755073.260850 2.578693 -0.052685 -2.045478 -0.07478820 0.99469632 -0.02239541 -0.06696567
1778755073.400498 2.573754 -0.055101 -2.045120 -0.05962327 0.98928211 -0.02844245 -0.13021905
1778755073.542428 2.567471 -0.053752 -2.043424 -0.05334770 0.97452181 -0.02413805 -0.21651473
1778755073.698923 2.565147 -0.052455 -2.040478 -0.03006126 0.95953618 -0.02763981 -0.27860848
1778755073.829665 2.563383 -0.054028 -2.044165 -0.00993954 0.95126549 -0.03610280 -0.30609108
1778755074.241112 2.556052 -0.055986 -2.058112 -0.02319880 0.96860363 -0.03241514 -0.24539373
1778755074.241112 2.556052 -0.055986 -2.058112 -0.02319880 0.96860363 -0.03241514 -0.24539373
1778755074.385937 2.557093 -0.056666 -2.063467 -0.04635245 0.97603242 -0.02014876 -0.21167472
1778755074.524861 2.561066 -0.056236 -2.075068 -0.05525006 0.96800078 -0.02048519 -0.24393091
1778755074.670226 2.571128 -0.057253 -2.078363 -0.06932619 0.94257194 -0.01275924 -0.32648005
1778755074.800848 2.574150 -0.059560 -2.091163 -0.04510534 0.91014823 -0.01049869 -0.41168615
1778755074.940770 2.579027 -0.058981 -2.094931 -0.02685337 0.88520828 -0.02415319 -0.46379070
1778755075.081715 2.581063 -0.057220 -2.096923 -0.03660958 0.88456169 -0.04061480 -0.46320707
1778755075.590101 2.585038 -0.057830 -2.096386 -0.04653189 0.88550654 -0.03671822 -0.46083046
1778755076.565313 2.584763 -0.059546 -2.104409 -0.03797138 0.85194319 -0.02535713 -0.52163971
1778755076.695466 2.588694 -0.058138 -2.107253 -0.04643572 0.83459520 -0.03158191 -0.54799376
1778755076.973402 2.594496 -0.056753 -2.109339 -0.03659574 0.85354584 -0.04665819 -0.51763236
1778755077.111233 2.597705 -0.054486 -2.104349 -0.06836071 0.93300292 -0.02651518 -0.35231989
1778755077.254751 2.600828 -0.053771 -2.105295 -0.07771420 0.93314925 -0.03125603 -0.34959412
1778755077.816315 2.600899 -0.053548 -2.101863 -0.10243979 0.97069656 -0.04016463 -0.21363773
1778755078.103692 2.603701 -0.054005 -2.098984 -0.06639709 0.99336549 -0.03981981 -0.08503421
1778755078.379362 2.605255 -0.053337 -2.097825 -0.05719503 0.99770122 -0.03589222 0.00572365
1778755078.654394 2.608392 -0.052391 -2.091483 -0.06825401 0.99311985 -0.04026955 0.08621318
1778755078.654394 2.608392 -0.052391 -2.091483 -0.06825401 0.99311985 -0.04026955 0.08621318
1778755078.933772 2.608606 -0.052209 -2.090975 -0.07762359 0.98916792 -0.04465683 0.11630638
1778755079.211899 2.609565 -0.051795 -2.088068 -0.07748440 0.98044338 -0.04379635 0.17552446
1778755079.354581 2.609325 -0.051603 -2.089917 -0.06029836 0.96770095 -0.03530007 0.24222484
1778755079.493207 2.608045 -0.051631 -2.087931 -0.04535516 0.95709414 -0.03108534 0.28451261
1778755079.635937 2.618502 -0.051487 -2.090069 -0.06163166 0.94435827 -0.04496124 0.31994920
1778755079.778192 2.637158 -0.048240 -2.089716 -0.11325923 0.92588335 -0.04577259 0.35751537
1778755079.916028 2.648891 -0.048893 -2.098696 -0.11499239 0.90981602 -0.04375547 0.39635467
1778755080.339190 2.651655 -0.051430 -2.120045 -0.06600618 0.92757986 -0.02600390 0.36682772
1778755080.476469 2.662365 -0.051174 -2.129556 -0.05917780 0.93867274 -0.02361624 0.33887127
1778755080.893795 2.671061 -0.051408 -2.157571 -0.08751965 0.93090042 -0.03258608 0.35313292
1778755081.173774 2.685048 -0.051867 -2.161924 -0.07065143 0.94296022 -0.03091612 0.32384965
1778755081.452913 2.679284 -0.055000 -2.183451 -0.10061424 0.92137378 -0.03934176 0.37336224
1778755081.733061 2.686917 -0.055584 -2.189526 -0.09271387 0.91616294 -0.03481551 0.38837803
1778755082.573146 2.685345 -0.049929 -2.186361 -0.02646893 0.92609229 0.01492679 0.37607135
1778755082.711759 2.609501 -0.050865 -2.099006 -0.03148355 0.91035039 0.02915402 0.41160781
1778755082.851033 2.611934 -0.050189 -2.093278 -0.10236455 0.91918244 0.05926650 0.37564960
1778755082.851033 2.611934 -0.050189 -2.093278 -0.10236455 0.91918244 0.05926650 0.37564960
1778755082.991361 2.612137 -0.051372 -2.092150 -0.09851014 0.93560827 0.07415673 0.33080764
1778755083.130109 2.611126 -0.051678 -2.095608 -0.06137182 0.94475073 0.06530971 0.31530016
1778755083.271164 2.611328 -0.051687 -2.094213 -0.23746881 0.92062865 -0.07704966 0.30019126
1778755083.412737 2.606493 -0.051101 -2.100152 -0.43159450 0.82776244 -0.26944018 0.23651115
1778755083.557750 2.608418 -0.053054 -2.100275 -0.51553415 0.76489973 -0.31002112 0.23030383
1778755083.691320 2.609536 -0.058190 -2.096530 0.75915534 -0.57798903 0.24803589 -0.16760087
1778755083.831197 2.608538 -0.054284 -2.105373 0.94896465 -0.11706954 0.29158127 0.02722470
1778755083.972305 2.607481 -0.045949 -2.104277 0.92343431 -0.28086971 0.25948422 -0.03239159
1778755084.113938 2.608119 -0.042417 -2.102416 0.86323141 -0.43822670 0.22835262 -0.10316962
1778755084.252841 2.611589 -0.049433 -2.098919 0.82580941 -0.53456956 0.14588977 -0.10483503
1778755084.392602 2.605921 -0.046607 -2.103371 0.74702447 -0.62830118 0.16430661 -0.14211052
1778755084.532975 2.613859 -0.048931 -2.093906 -0.61043136 0.77056723 -0.12287877 0.13601657
1778755084.672273 2.609331 -0.048687 -2.102246 -0.34578294 0.91992724 -0.06675840 0.17236982
1778755084.820102 2.604677 -0.050120 -2.109074 -0.17459979 0.96526193 0.00234333 0.19436777
1778755085.092938 2.604860 -0.053598 -2.106675 0.04701623 0.97617032 0.01479874 0.21133379
1778755085.376456 2.606785 -0.054895 -2.105297 0.05768533 0.97876025 -0.01411298 0.19621824
1778755085.376456 2.606785 -0.054895 -2.105297 0.05768533 0.97876025 -0.01411298 0.19621824
1778755085.935506 2.606794 -0.054868 -2.105343 0.04875749 0.97919188 -0.01555767 0.19637700
1778755086.498671 2.615648 -0.055648 -2.096337 0.03714032 0.96630042 -0.01551662 0.25425054
1778755086.631392 2.620732 -0.056022 -2.091263 0.02779907 0.94576679 -0.01956457 0.32306288
1778755086.771883 2.629395 -0.055619 -2.080774 0.01712277 0.92560090 -0.02228903 0.37745595
1778755086.911500 2.652420 -0.059484 -2.062898 0.01651238 0.92702378 -0.02202633 0.37399077
1778755087.051382 2.670562 -0.064654 -2.046099 0.04462082 0.92498820 -0.01374980 0.37711637
1778755087.196210 2.666501 -0.064288 -2.052782 0.03495302 0.89964216 -0.02083125 0.43472788
1778755087.333179 2.674079 -0.061748 -2.044262 0.01069770 0.89853743 -0.04161426 0.43678862
1778755087.614698 2.672205 -0.062818 -2.047863 0.00906761 0.91277584 -0.03602258 0.40676826
1778755087.753891 2.662860 -0.064849 -2.065740 0.02973210 0.92079551 -0.02451083 0.38813766
1778755087.895855 2.647504 -0.063809 -2.077271 0.02632051 0.93102219 -0.01895793 0.36351823
1778755088.034815 2.647786 -0.068092 -2.095805 0.08508015 0.94987237 0.01151433 0.30061815
1778755088.175355 2.637586 -0.064801 -2.095834 0.10066525 0.96064681 0.01499883 0.25845551
1778755088.313497 2.631289 -0.062331 -2.096071 0.08862247 0.98335583 -0.00540606 0.15851862
1778755088.453697 2.625085 -0.062709 -2.109304 0.15790743 0.98733514 0.01129707 0.01034169
1778755088.594259 2.618891 -0.060046 -2.098600 0.14610986 0.97967577 -0.00268408 -0.13740487
1778755088.594259 2.618891 -0.060046 -2.098600 0.14610986 0.97967577 -0.00268408 -0.13740487
1778755088.740760 2.619005 -0.059944 -2.098319 0.21822299 0.90654975 -0.04598826 -0.35837321
1778755088.876549 2.614993 -0.055337 -2.086927 0.19799146 0.83281043 -0.07353395 -0.51168244
1778755089.016499 2.621760 -0.060117 -2.094418 0.16468238 0.72274080 -0.08156944 -0.66623710
1778755089.157319 2.618534 -0.058482 -2.093743 -0.15644768 -0.66678142 0.06185020 0.72601736
1778755089.298419 2.611217 -0.055327 -2.096905 -0.10478640 -0.60539694 0.03497820 0.78822007
1778755089.438680 2.614742 -0.055343 -2.090536 -0.11617894 -0.54681242 0.04861752 0.82772880
1778755089.577519 2.617024 -0.054437 -2.087877 -0.08488432 -0.46726116 0.01227914 0.87994937
1778755089.715209 2.620494 -0.057066 -2.089180 -0.06574109 -0.42988195 -0.00334180 0.90048234
1778755089.856960 2.618898 -0.056933 -2.092687 -0.07983448 -0.30857711 -0.05122472 0.94645795
1778755089.997904 2.618824 -0.058353 -2.094548 -0.03655143 -0.28107487 -0.07074218 0.95637673
1778755090.278645 2.616161 -0.057733 -2.095779 -0.02756180 -0.32773257 -0.06607355 0.94205414
1778755090.557542 2.618478 -0.053433 -2.083189 -0.03916724 -0.21211010 -0.11890870 0.96919345
1778755091.258411 2.615007 -0.045812 -2.059188 -0.04385755 -0.23294144 -0.10557243 0.96574803
1778755091.409690 2.617901 -0.052624 -2.074038 -0.03175880 -0.35942099 -0.06806123 0.93014816
1778755091.818645 2.611254 -0.042780 -2.047926 -0.04449869 -0.31270986 -0.07444974 0.94588036
1778755092.519094 2.594675 -0.035429 -2.034833 -0.04557132 -0.45962459 -0.02278899 0.88665053
1778755092.519094 2.594675 -0.035429 -2.034833 -0.04557132 -0.45962459 -0.02278899 0.88665053
1778755092.657085 2.596678 -0.037112 -2.037733 -0.04631462 -0.46955093 -0.02955411 0.88119432
1778755092.942718 2.589756 -0.032405 -2.031428 -0.04825760 -0.48285558 -0.01138363 0.87429521
1778755093.083245 2.580754 -0.027747 -2.026178 -0.05102568 -0.49482070 -0.01545804 0.86735800
1778755093.362979 2.573023 -0.024811 -2.025460 -0.05077975 -0.51313257 -0.01365555 0.85669709
1778755093.502406 2.569510 -0.024267 -2.025253 -0.04769966 -0.52491560 -0.01070779 0.84974920
1778755093.783279 2.558938 -0.020216 -2.025205 -0.04801754 -0.53529831 -0.01483866 0.84316656
1778755094.065157 2.547930 -0.019160 -2.024213 -0.04148494 -0.54129726 -0.00319676 0.83980120
1778755094.622807 2.526506 -0.010520 -2.027807 -0.04443041 -0.54568580 -0.02138701 0.83653783
1778755095.324006 2.504545 -0.004011 -2.034631 -0.06126433 -0.56935723 0.00144744 0.81980298
1778755095.465225 2.489673 -0.002217 -2.039000 -0.05633647 -0.58170475 0.00391879 0.81143726
1778755095.743193 2.483157 0.000042 -2.040986 -0.06154229 -0.59677061 0.00693830 0.80001828
1778755095.884273 2.475739 -0.000140 -2.048240 -0.06816389 -0.61806634 0.02062228 0.78289361
1778755096.022264 2.466810 0.003203 -2.053354 -0.07176609 -0.64331401 0.01394204 0.76210389
1778755096.303314 2.445797 0.000779 -2.072726 -0.06931653 -0.67817643 0.03428677 0.73081897
1778755096.443118 2.442709 0.002094 -2.083813 -0.07114664 -0.69697801 0.01559730 0.71338386
1778755096.726072 2.433635 -0.001472 -2.104136 0.07168313 0.71614075 -0.02691950 -0.69374296
1778755096.726072 2.433635 -0.001472 -2.104136 0.07168313 0.71614075 -0.02691950 -0.69374296
1778755097.151231 2.427409 -0.000926 -2.111370 0.09569552 0.74601257 -0.04820986 -0.65725446
1778755097.430741 2.420058 -0.001086 -2.121776 0.09774285 0.77541112 -0.04727281 -0.62205242
1778755097.704174 2.415433 -0.001491 -2.129620 0.07718433 0.82822817 -0.03468702 -0.55396524
1778755097.982114 2.410451 -0.001558 -2.137941 0.07594268 0.86036629 -0.02998809 -0.50309369
1778755098.401528 2.404729 -0.002251 -2.147682 0.10280186 0.87912201 -0.04596064 -0.46310247
1778755099.102308 2.392509 -0.002632 -2.166320 0.09233055 0.80016710 -0.05384154 -0.59017690
1778755099.247344 2.390305 -0.002666 -2.169287 0.07905399 0.76368899 -0.05523708 -0.63834039
1778755099.387150 2.386093 -0.002574 -2.173360 0.11941431 0.74799955 -0.07271918 -0.64880568
1778755099.664111 2.381705 -0.002082 -2.177968 0.07434316 0.72645190 -0.04104664 -0.68195007
1778755099.943897 2.380055 -0.002248 -2.178954 0.04231671 0.70662158 -0.01588169 -0.70614659
1778755100.371567 2.378426 -0.002626 -2.180058 -0.04899028 -0.67760851 0.01824127 0.73356248
1778755101.061909 2.377743 -0.002017 -2.180959 0.09440574 0.71299261 -0.04849439 -0.69309263
1778755101.201961 2.377071 -0.002283 -2.182985 0.09379985 0.74220520 -0.04580769 -0.66199296
1778755101.341712 2.377528 -0.002419 -2.183417 0.04637578 0.78053187 -0.01765589 -0.62314329
1778755101.480279 2.377108 -0.002482 -2.184760 0.03132423 0.80382407 -0.00697407 -0.59400085
1778755101.764130 2.375413 -0.002523 -2.186753 0.02412095 0.80294284 -0.01571429 -0.59536043
1778755101.764130 2.375413 -0.002523 -2.186753 0.02412095 0.80294284 -0.01571429 -0.59536043
1778755101.899127 2.374797 -0.002596 -2.186862 0.01730971 0.77149328 -0.01247821 -0.63587954
1778755102.042766 2.374078 -0.002170 -2.186819 0.01769009 0.73982964 -0.00531250 -0.67254066
1778755102.181871 2.372549 -0.001908 -2.186338 0.03493155 0.73707257 -0.01255322 -0.67479347
1778755102.322963 2.372250 -0.001952 -2.185545 0.04974740 0.72930142 -0.01930691 -0.68210840
1778755102.466526 2.372552 -0.001589 -2.184424 0.05957825 0.72759874 -0.02909116 -0.68279148
1778755102.752429 2.373491 -0.000943 -2.181941 0.06733575 0.73785732 -0.04096410 -0.67033903
1778755104.350979 2.373361 -0.002247 -2.183901 0.06025072 0.71127795 -0.01315721 -0.70020027
1778755104.495024 2.373668 -0.002414 -2.185136 -0.04985182 -0.70285202 0.01172188 0.70949026
1778755104.631498 2.374339 -0.002631 -2.186486 0.05644612 0.70754657 -0.02081425 -0.70410116
1778755104.772694 2.374367 -0.002681 -2.187915 0.05470023 0.73235989 -0.02260875 -0.67834042
1778755104.915214 2.374937 -0.002667 -2.188141 0.06412553 0.77861392 -0.02966265 -0.62351296
1778755105.051355 2.374135 -0.002693 -2.190179 0.07840268 0.82857131 -0.03168593 -0.55346057
1778755105.199323 2.374123 -0.002646 -2.191010 0.07166359 0.88681124 -0.02502321 -0.45585523
1778755105.340963 2.374480 -0.002723 -2.190523 0.05612440 0.93702065 -0.01819650 -0.34425462
1778755105.751955 2.372280 -0.002959 -2.193973 0.04673100 0.90594558 -0.02640513 -0.41997809
1778755105.896681 2.371871 -0.002874 -2.194303 0.01422429 0.85798281 -0.01024605 -0.51337918
1778755105.896681 2.371871 -0.002874 -2.194303 0.01422429 0.85798281 -0.01024605 -0.51337918
1778755106.033075 2.371764 -0.002848 -2.194042 0.01293768 0.81759735 -0.00707309 -0.57560156
1778755106.173078 2.371635 -0.002814 -2.193500 0.04376894 0.77130255 -0.02043987 -0.63463286
1778755106.313527 2.371841 -0.002343 -2.190786 0.05600243 0.75081079 -0.02841069 -0.65752546
1778755106.456300 2.371354 -0.002206 -2.190000 0.05317130 0.72947349 -0.01655249 -0.68173840
1778755106.593435 2.371646 -0.002080 -2.188082 0.05456980 0.72956111 -0.01310781 -0.68160906
1778755106.737683 2.371717 -0.001390 -2.186623 0.07095654 0.73782627 -0.03107204 -0.67053120
1778755107.166501 2.372136 -0.001239 -2.185881 0.07958595 0.71803663 -0.04566670 -0.68993045
1778755107.780735 2.372303 -0.002006 -2.186208 0.06879705 0.72262253 -0.02901285 -0.68719859
1778755107.918657 2.371999 -0.002485 -2.188167 0.06451481 0.71297830 -0.02174637 -0.69787311
1778755108.074525 2.371841 -0.002786 -2.190908 -0.05744256 -0.69706190 0.01947215 0.71444097
1778755108.202435 2.372316 -0.002859 -2.192854 0.04477686 0.70711791 -0.01509057 -0.70551511
1778755108.342182 2.373085 -0.002988 -2.193344 0.04861716 0.74386478 -0.02296666 -0.66616371
1778755108.479065 2.373085 -0.003044 -2.194159 0.06284733 0.81061058 -0.03878579 -0.58090995
1778755108.618415 2.373835 -0.003135 -2.194556 0.00532417 0.88049129 -0.01372324 -0.47383374
1778755108.761321 2.375126 -0.003058 -2.194835 -0.04464071 0.95040456 -0.00944541 -0.30765105
1778755108.897467 2.375027 -0.003310 -2.196888 0.01237848 0.99274417 -0.01904694 -0.11808045
1778755108.897467 2.375027 -0.003310 -2.196888 0.01237848 0.99274417 -0.01904694 -0.11808045
1778755109.039125 2.375572 -0.003729 -2.197691 0.00435632 0.99901992 -0.03174622 0.03053534
1778755109.179487 2.374955 -0.004793 -2.203456 -0.00114725 0.99514652 -0.04409671 0.08796341
1778755109.598628 2.372561 -0.005896 -2.209680 0.03222507 0.99787248 -0.04355649 0.03626150
1778755109.739333 2.370499 -0.005949 -2.212881 0.10255060 0.99409045 -0.02245155 0.02763107
1778755110.168958 2.367230 -0.006519 -2.221229 0.06972657 0.99564381 -0.02938321 -0.05448149
1778755110.864455 2.362761 -0.007830 -2.232550 0.06665395 0.99689188 -0.03104697 0.02828286
1778755111.001878 2.363240 -0.008127 -2.233218 0.04581629 0.99313598 -0.03788698 0.10072922
1778755111.143245 2.363125 -0.008402 -2.235545 0.01799530 0.98727991 -0.03797474 0.15333778
1778755111.285655 2.363586 -0.008589 -2.236492 0.02542659 0.97994673 -0.03833744 0.19387660
