# camera_optical trajectory from onboard odometry (NOT ground truth)
1778755010.745726 -4.417764 -30.543387 0.326859 0.097314 -0.695967 0.702159 -0.114600
1778755010.880776 -4.417560 -30.544065 0.326766 0.097316 -0.696116 0.702014 -0.114580
1778755011.045973 -4.417582 -30.543883 0.326824 0.097353 -0.696038 0.702078 -0.114629
1778755011.159649 -4.417569 -30.543990 0.326773 0.097328 -0.696110 0.702020 -0.114569
1778755011.298995 -4.417571 -30.543978 0.326781 0.097332 -0.696099 0.702029 -0.114576
1778755011.443080 -4.417570 -30.543958 0.326793 0.097341 -0.696084 0.702041 -0.114587
1778755011.577243 -4.417570 -30.543940 0.326804 0.097350 -0.696069 0.702053 -0.114597
1778755011.719980 -4.417569 -30.543921 0.326815 0.097359 -0.696054 0.702065 -0.114607
1778755011.850041 -4.417301 -30.543922 0.326760 0.097648 -0.696094 0.701987 -0.114601
1778755012.001372 -4.411062 -30.531352 0.319332 0.111915 -0.695543 0.700280 -0.115337
1778755012.151238 -4.406870 -30.530265 0.314561 0.118784 -0.696562 0.697896 -0.116758
1778755012.279835 -4.404036 -30.534550 0.313192 0.121655 -0.696502 0.697291 -0.117775
1778755012.419626 -4.401660 -30.536508 0.311444 0.124204 -0.696602 0.696650 -0.118314
1778755012.570979 -4.400964 -30.537228 0.310951 0.124996 -0.696466 0.696578 -0.118704
1778755012.707794 -4.400393 -30.537579 0.310980 0.125692 -0.696235 0.696592 -0.119236
1778755012.841906 -4.400159 -30.537893 0.311724 0.125911 -0.696190 0.696561 -0.119451
1778755012.980702 -4.399914 -30.538172 0.312076 0.126081 -0.696118 0.696579 -0.119586
1778755013.116631 -4.399660 -30.538778 0.312220 0.126120 -0.696067 0.696596 -0.119746
1778755013.261246 -4.399326 -30.539514 0.312246 0.126160 -0.696071 0.696562 -0.119879
1778755013.400075 -4.398813 -30.540161 0.312203 0.126436 -0.696054 0.696499 -0.120048
1778755013.540099 -4.398541 -30.540774 0.312181 0.126474 -0.696049 0.696476 -0.120177
1778755013.687819 -4.398216 -30.541375 0.312151 0.126528 -0.696075 0.696402 -0.120391
1778755013.821303 -4.397974 -30.541632 0.312191 0.126620 -0.696040 0.696386 -0.120591
1778755013.967420 -4.397825 -30.541744 0.312215 0.126682 -0.696018 0.696372 -0.120735
1778755014.129272 -4.397686 -30.541793 0.312224 0.126781 -0.695986 0.696366 -0.120848
1778755014.245985 -4.397619 -30.541846 0.312220 0.126825 -0.695994 0.696344 -0.120883
1778755014.379625 -4.397578 -30.541876 0.312240 0.126838 -0.695970 0.696366 -0.120885
1778755014.518624 -4.397399 -30.541933 0.312208 0.127000 -0.695965 0.696341 -0.120880
1778755014.659101 -4.397413 -30.542077 0.312129 0.126937 -0.696046 0.696276 -0.120862
1778755014.804199 -4.397313 -30.542072 0.312126 0.127044 -0.696040 0.696249 -0.120933
1778755014.944420 -4.397356 -30.542104 0.312078 0.126988 -0.696085 0.696210 -0.120960
1778755015.081205 -4.397368 -30.542119 0.312072 0.126962 -0.696070 0.696229 -0.120961
1778755015.232420 -4.397236 -30.542099 0.312097 0.127099 -0.696035 0.696225 -0.121045
1778755015.359419 -4.397187 -30.542134 0.312049 0.127153 -0.696069 0.696179 -0.121058
1778755015.500756 -4.397089 -30.542126 0.312014 0.127255 -0.696078 0.696147 -0.121085
1778755015.643902 -4.396972 -30.542152 0.311962 -0.127385 0.696118 -0.696070 0.121157
1778755015.779830 -4.396953 -30.542159 0.311954 -0.127400 0.696131 -0.696055 0.121154
1778755015.919479 -4.396854 -30.542086 0.311983 0.127522 -0.696074 0.696084 -0.121190
1778755016.057422 -4.396796 -30.542059 0.311978 0.127594 -0.696038 0.696093 -0.121265
1778755016.200708 -4.396788 -30.542070 0.311992 0.127602 -0.696027 0.696098 -0.121293
1778755016.336540 -4.396686 -30.542050 0.312025 0.127710 -0.695990 0.696105 -0.121355
1778755016.478990 -4.396738 -30.542103 0.312068 0.127628 -0.695940 0.696158 -0.121421
1778755016.617232 -4.396683 -30.542143 0.312054 0.127672 -0.695959 0.696136 -0.121393
1778755016.774375 -4.396672 -30.542166 0.312034 0.127676 -0.695961 0.696121 -0.121464
1778755016.904038 -4.396673 -30.542270 0.312057 0.127625 -0.695967 0.696122 -0.121475
1778755017.039662 -4.396585 -30.542319 0.312040 0.127696 -0.695957 0.696112 -0.121514
1778755017.183151 -4.396585 -30.542445 0.312061 0.127649 -0.695949 0.696127 -0.121524
1778755017.318851 -4.396547 -30.542507 0.312063 0.127653 -0.695955 0.696120 -0.121527
1778755017.460899 -4.396554 -30.542504 0.312099 0.127642 -0.695935 0.696124 -0.121630
1778755017.599179 -4.396583 -30.542527 0.312080 0.127603 -0.695941 0.696128 -0.121613
1778755017.737274 -4.396413 -30.542469 0.312114 0.127797 -0.695888 0.696139 -0.121647
1778755017.877852 -4.396419 -30.542515 0.312086 0.127788 -0.695906 0.696118 -0.121679
1778755018.019743 -4.396361 -30.542533 0.312097 0.127842 -0.695895 0.696114 -0.121705
1778755018.158839 -4.396326 -30.542463 0.312133 0.127899 -0.695830 0.696157 -0.121769
1778755018.306274 -4.396321 -30.542482 0.312101 0.127896 -0.695856 0.696127 -0.121800
1778755018.442135 -4.396252 -30.542442 0.312125 0.127980 -0.695815 0.696134 -0.121900
1778755018.581380 -4.396253 -30.542514 0.312086 0.127956 -0.695855 0.696091 -0.121948
1778755018.721310 -4.396235 -30.542532 0.312066 0.127974 -0.695877 0.696074 -0.121894
1778755018.861376 -4.396206 -30.542483 0.312100 0.128019 -0.695835 0.696110 -0.121883
1778755019.009764 -4.396324 -30.542501 0.312112 0.127883 -0.695846 0.696125 -0.121881
1778755019.143303 -4.396246 -30.542494 0.312114 0.127968 -0.695826 0.696131 -0.121868
1778755019.285233 -4.396217 -30.542494 0.312105 0.128000 -0.695838 0.696111 -0.121883
1778755019.425176 -4.396274 -30.542482 0.312159 0.127930 -0.695787 0.696165 -0.121938
1778755019.562248 -4.396152 -30.542435 0.312164 0.128070 -0.695760 0.696160 -0.121971
1778755019.701860 -4.396220 -30.542465 0.312153 0.127998 -0.695780 0.696158 -0.121943
1778755019.843493 -4.396082 -30.542405 0.312160 0.128167 -0.695754 0.696144 -0.122000
1778755019.985793 -4.396030 -30.542461 0.312135 0.128209 -0.695774 0.696107 -0.122046
1778755020.120744 -4.396042 -30.542458 0.312150 0.128200 -0.695762 0.696111 -0.122106
1778755020.262218 -4.395910 -30.542428 0.312124 0.128348 -0.695750 0.696088 -0.122151
1778755020.401143 -4.396051 -30.542455 0.312108 0.128185 -0.695768 0.696093 -0.122190
1778755020.564821 -4.396088 -30.542468 0.312118 0.128141 -0.695774 0.696096 -0.122186
1778755020.681338 -4.396005 -30.542421 0.312145 0.128234 -0.695742 0.696099 -0.122251
1778755020.846161 -4.396086 -30.542466 0.312143 0.128141 -0.695772 0.696090 -0.122233
1778755020.976858 -4.396060 -30.542400 0.312204 0.128182 -0.695711 0.696139 -0.122258
1778755021.111586 -4.396102 -30.542454 0.312147 0.128119 -0.695768 0.696097 -0.122236
1778755021.245202 -4.396042 -30.542482 0.312112 0.128179 -0.695808 0.696049 -0.122217
1778755021.381057 -4.395993 -30.542438 0.312123 0.128238 -0.695773 0.696068 -0.122251
1778755021.521899 -4.396082 -30.542475 0.312123 0.128140 -0.695787 0.696067 -0.122273
1778755021.661431 -4.395941 -30.542432 0.312103 0.128297 -0.695762 0.696056 -0.122314
1778755021.810771 -4.395963 -30.542383 0.312158 0.128282 -0.695719 0.696102 -0.122316
1778755021.941405 -4.395994 -30.542343 0.312194 0.128246 -0.695675 0.696148 -0.122339
1778755022.082671 -4.395892 -30.542267 0.312237 0.128371 -0.695615 0.696169 -0.122434
1778755022.221214 -4.395947 -30.542309 0.312217 0.128316 -0.695643 0.696150 -0.122434
1778755022.362626 -4.395856 -30.542277 0.312223 0.128421 -0.695632 0.696138 -0.122456
1778755022.502189 -4.395817 -30.542255 0.312214 0.128469 -0.695628 0.696124 -0.122508
1778755022.643276 -4.395835 -30.542279 0.312209 0.128443 -0.695632 0.696128 -0.122493
1778755022.790050 -4.395713 -30.542210 0.312252 0.128576 -0.695552 0.696181 -0.122506
1778755022.926361 -4.393593 -30.548010 0.312807 0.126381 -0.695009 0.697049 -0.122935
1778755023.066432 -4.390446 -30.569825 0.309342 -0.119854 0.698613 -0.694383 0.124124
1778755023.203008 -4.389457 -30.590071 0.303885 -0.118698 0.701893 -0.691638 0.122041
1778755023.345698 -4.391433 -30.602612 0.297374 -0.120887 0.701264 -0.692727 0.117233
1778755023.504752 -4.395409 -30.590925 0.298735 -0.125674 0.699429 -0.693322 0.119620
1778755023.619126 -4.391523 -30.571140 0.302525 -0.145181 0.694773 -0.692071 0.131342
1778755023.759093 -4.393187 -30.544634 0.296295 -0.165544 0.699612 -0.679597 0.145900
1778755023.900811 -4.401391 -30.511666 0.289505 -0.183482 0.704181 -0.668059 0.155440
1778755024.044402 -4.417573 -30.461206 0.282776 -0.199018 0.704041 -0.661337 0.165383
1778755024.183063 -4.433668 -30.416642 0.278694 -0.202310 0.707260 -0.654262 0.175489
1778755024.317550 -4.457460 -30.368018 0.284409 -0.199232 0.703584 -0.657552 0.181390
1778755024.459987 -4.499519 -30.325173 0.286776 -0.187583 0.707457 -0.659757 0.170406
1778755024.598829 -4.551001 -30.302405 0.300073 -0.145077 0.709992 -0.675520 0.136148
1778755024.734781 -4.607534 -30.292193 0.301170 -0.082735 0.720344 -0.683485 0.084307
1778755024.877644 -4.669242 -30.291036 0.298927 -0.011185 0.729707 -0.683531 0.013707
1778755025.018333 -4.733051 -30.281343 0.288979 0.059429 0.726026 -0.681600 -0.069107
1778755025.158425 -4.798283 -30.256148 0.295741 0.143800 0.714136 -0.667554 -0.153960
1778755025.298736 -4.854089 -30.222525 0.303018 0.228843 0.683397 -0.656065 -0.224005
1778755025.441041 -4.880193 -30.198548 0.297690 0.268353 0.670953 -0.634110 -0.275161
1778755025.580364 -4.911401 -30.180782 0.288311 0.309955 0.657683 -0.617230 -0.300680
1778755025.719251 -4.945170 -30.190337 0.287980 0.324460 0.650259 -0.605728 -0.324011
1778755025.862872 -5.008328 -30.225517 0.291353 0.337642 0.634276 -0.611319 -0.331634
1778755026.001421 -5.088208 -30.266885 0.305117 -0.350927 -0.617684 0.620725 0.331688
1778755026.148664 -5.203447 -30.320667 0.300857 0.356417 0.618637 -0.611240 -0.341528
1778755026.290205 -5.325737 -30.390080 0.308287 0.352029 0.618194 -0.610805 -0.347604
1778755026.422603 -5.437928 -30.453537 0.309438 0.357121 0.617093 -0.611541 -0.343043
1778755026.576219 -5.556465 -30.518340 0.301980 0.355719 0.626878 -0.599002 -0.348833
1778755026.700807 -5.676113 -30.588420 0.307853 0.346805 0.624143 -0.603282 -0.355278
1778755026.845422 -5.811077 -30.665375 0.313009 0.349242 0.619546 -0.610227 -0.349021
1778755026.989895 -5.906547 -30.718426 0.301865 0.349375 0.628833 -0.598271 -0.352957
1778755027.122068 -6.038346 -30.801582 0.304018 0.342096 0.623404 -0.607505 -0.353943
1778755027.261690 -6.164183 -30.874219 0.311639 0.347980 0.625105 -0.605998 -0.347736
1778755027.399980 -6.260806 -30.905526 0.307143 0.371652 0.610247 -0.598351 -0.362559
1778755027.537343 -6.404843 -30.938520 0.301269 -0.393414 -0.583454 0.591310 0.393902
1778755027.677651 -6.565103 -30.945513 0.304733 0.447537 0.566383 -0.548450 -0.422047
1778755027.836631 -6.711336 -30.875460 0.298446 0.515131 0.489480 -0.487256 -0.507574
1778755027.958281 -6.804521 -30.824656 0.293287 0.570413 0.445689 -0.465020 -0.509654
1778755028.100020 -6.819951 -30.816531 0.293490 0.580083 0.440303 -0.461201 -0.506884
1778755028.241973 -6.832786 -30.810205 0.295494 0.582959 0.437102 -0.457648 -0.509568
1778755028.381105 -6.845321 -30.804014 0.297459 0.585755 0.433948 -0.454149 -0.512181
1778755028.525550 -6.858290 -30.797595 0.299502 0.588636 0.430657 -0.450498 -0.514873
1778755028.711228 -7.281097 -30.592472 0.307110 -0.595229 -0.386582 0.364732 0.602683
1778755028.826293 -7.356483 -30.563362 0.315300 -0.589822 -0.385939 0.359556 0.611457
1778755028.938210 -7.407160 -30.544874 0.304207 -0.597444 -0.389829 0.365291 0.598044
1778755029.081955 -7.463181 -30.516937 0.312381 -0.590966 -0.386244 0.367517 0.605398
1778755029.221112 -7.537063 -30.483938 0.314911 -0.589483 -0.387390 0.362979 0.608839
1778755029.366247 -7.622463 -30.451813 0.317531 -0.587060 -0.387018 0.368155 0.608308
1778755029.502118 -7.739148 -30.407701 0.309024 0.596745 0.385271 -0.377735 -0.593951
1778755029.653893 -7.869641 -30.343343 0.314992 -0.590956 -0.382381 0.378175 0.601282
1778755029.781964 -7.969713 -30.296939 0.314760 -0.590438 -0.383558 0.376673 0.601983
1778755029.922103 -8.114009 -30.238534 0.314731 -0.588636 -0.382486 0.384754 0.599314
1778755030.062174 -8.248404 -30.175888 0.319828 -0.584428 -0.384155 0.382366 0.603875
1778755030.211314 -8.389239 -30.112770 0.321133 -0.581613 -0.388768 0.377403 0.606756
1778755030.340318 -8.515124 -30.061055 0.313038 -0.591819 -0.384959 0.382481 0.596041
1778755030.484199 -8.633091 -29.947084 0.317634 -0.613561 -0.346900 0.335215 0.625167
1778755030.625194 -8.720728 -29.841669 0.291823 0.639450 0.301949 -0.301803 -0.639410
1778755030.761470 -8.803841 -29.751463 0.310287 0.652718 0.278451 -0.280406 -0.646372
1778755030.899898 -8.873467 -29.664864 0.311399 0.660006 0.255435 -0.266448 -0.654332
1778755031.044382 -8.914177 -29.575373 0.316685 -0.668382 -0.227723 0.229294 0.669950
1778755031.178568 -8.947776 -29.491676 0.309957 -0.671592 -0.208435 0.206690 0.680293
1778755031.321807 -8.978455 -29.413903 0.319927 -0.674421 -0.188329 0.191493 0.687763
1778755031.422024 -8.995251 -29.352603 0.322346 -0.673002 -0.172663 0.171497 0.698459
1778755031.534711 -8.995860 -29.290067 0.320307 -0.683801 -0.148848 0.120217 0.704137
1778755031.673073 -8.973996 -29.203955 0.320971 -0.689373 -0.082208 0.071152 0.716202
1778755031.816653 -8.939590 -29.114514 0.311900 -0.700799 -0.020407 0.034134 0.712249
1778755031.952039 -8.902922 -29.041133 0.321608 -0.691864 0.014015 -0.009153 0.721834
1778755032.088857 -8.886440 -28.975574 0.328273 -0.690205 0.035904 -0.026910 0.722221
1778755032.231199 -8.870118 -28.894610 0.323032 -0.687367 0.048586 -0.034042 0.723883
1778755032.370881 -8.847499 -28.836250 0.327349 -0.683234 0.056982 -0.046462 0.726489
1778755032.512986 -8.826644 -28.765159 0.323843 -0.684559 0.057198 -0.064655 0.723828
1778755032.653375 -8.818461 -28.696061 0.321229 -0.692099 0.057491 -0.070392 0.716058
1778755032.794539 -8.809803 -28.616750 0.321423 -0.686914 0.058385 -0.073875 0.720613
1778755032.935106 -8.781202 -28.552329 0.316104 -0.692706 0.073246 -0.084142 0.712541
1778755033.072241 -8.748738 -28.493631 0.327404 -0.678475 0.087739 -0.098568 0.722675
1778755033.247103 -8.714363 -28.413853 0.317250 -0.670771 0.106660 -0.100193 0.727084
1778755033.359101 -8.695702 -28.360359 0.323548 -0.667261 0.111607 -0.102368 0.729265
1778755033.494217 -8.672144 -28.283788 0.323431 -0.669080 0.111734 -0.103289 0.727447
1778755033.635072 -8.640654 -28.209846 0.336607 -0.659898 0.114835 -0.107800 0.734661
1778755033.771252 -8.603252 -28.128343 0.351638 -0.660170 0.104259 -0.129356 0.732511
1778755033.879796 -8.576805 -28.068810 0.334592 -0.661155 0.111562 -0.129995 0.730431
1778755033.989703 -8.553389 -27.984260 0.351319 -0.645591 0.111837 -0.129488 0.744270
1778755034.115897 -8.511783 -27.847404 0.319020 -0.674522 0.132890 -0.087503 0.720905
1778755034.266770 -8.457092 -27.710818 0.307953 -0.683297 0.130131 -0.094747 0.712175
1778755034.401304 -8.401543 -27.567681 0.307716 0.712198 -0.128605 0.108556 -0.681505
1778755034.542527 -8.361821 -27.451533 0.283534 0.733766 -0.133643 0.092419 -0.659686
1778755034.687082 -8.316757 -27.370073 0.271885 0.731631 -0.154479 0.101995 -0.656086
1778755034.822204 -8.216242 -27.274215 0.293830 0.697355 -0.184168 0.192142 -0.665477
1778755034.964204 -8.110947 -27.218554 0.312938 -0.656757 0.264462 -0.218672 0.671500
1778755035.100341 -7.988831 -27.156084 0.306222 -0.644272 0.301870 -0.257695 0.653744
1778755035.245083 -7.862864 -27.072853 0.305738 -0.633249 0.313414 -0.286727 0.646958
1778755035.383562 -7.770136 -27.014542 0.308414 -0.629422 0.322683 -0.299533 0.640299
1778755035.521287 -7.661242 -26.939336 0.307772 0.631906 -0.322165 0.322413 -0.626860
1778755035.663450 -7.546775 -26.859646 0.311679 -0.626062 0.321469 -0.327474 0.630448
1778755035.815340 -7.391551 -26.754516 0.308648 0.630226 -0.325582 0.329760 -0.622952
1778755035.943226 -7.276323 -26.674130 0.318396 0.625099 -0.324862 0.337546 -0.624322
1778755036.086346 -7.146247 -26.584189 0.309097 0.627263 -0.330862 0.327259 -0.624479
1778755036.223672 -7.017394 -26.501884 0.312790 0.623731 -0.332506 0.337189 -0.621855
1778755036.365963 -6.871720 -26.459312 0.323168 -0.589166 0.364260 -0.393377 0.604527
1778755036.500319 -6.724871 -26.463972 0.315226 -0.549294 0.449455 -0.408803 0.573712
1778755036.640443 -6.566822 -26.491912 0.307769 -0.512046 0.496789 -0.448669 0.538243
1778755036.781350 -6.416837 -26.507948 0.306328 -0.488971 0.500825 -0.495284 0.514563
1778755036.928630 -6.319985 -26.541367 0.319496 -0.471784 0.524159 -0.500759 0.501914
1778755037.064019 -6.240360 -26.561124 0.301552 -0.476199 0.536230 -0.514260 0.470348
1778755037.203835 -6.079667 -26.582975 0.309404 0.468656 -0.528418 0.531404 -0.467702
1778755037.343932 -5.928258 -26.602617 0.315778 0.465705 -0.531400 0.531434 -0.467238
1778755037.484152 -5.785546 -26.627416 0.313075 0.465569 -0.534658 0.536091 -0.458249
1778755037.630916 -5.645088 -26.666303 0.307578 -0.449755 0.551043 -0.536658 0.453950
1778755037.767806 -5.513500 -26.763280 0.306450 -0.407234 0.584800 -0.571928 0.406285
1778755037.908787 -5.389240 -26.847078 0.298002 0.367183 -0.598262 0.605272 -0.375374
1778755038.045765 -5.268564 -26.899078 0.304841 -0.375989 0.619717 -0.576321 0.377410
1778755038.181901 -5.156063 -26.902288 0.298815 -0.416503 0.577703 -0.564908 0.416728
1778755038.321803 -5.053473 -26.880766 0.305079 0.489383 -0.527940 0.531425 -0.446510
1778755038.466169 -5.004984 -26.832181 0.305740 0.556243 -0.462138 0.483379 -0.493322
1778755038.600567 -4.975522 -26.769416 0.292486 0.595293 -0.418844 0.423664 -0.539170
1778755038.744184 -4.950686 -26.721851 0.302156 0.616489 -0.376124 0.392873 -0.569318
1778755038.882164 -4.909072 -26.678686 0.300956 0.623366 -0.358213 0.373754 -0.586008
1778755039.023734 -4.846095 -26.666601 0.308545 0.603754 -0.377106 0.387540 -0.585734
1778755039.162863 -4.767232 -26.681588 0.313349 0.570927 -0.418388 0.424162 -0.564871
1778755039.303647 -4.682073 -26.745680 0.316848 0.523323 -0.481229 0.500814 -0.493699
1778755039.441352 -4.599223 -26.853036 0.302316 0.433870 -0.564170 0.568517 -0.412622
1778755039.583769 -4.528899 -26.976020 0.318467 -0.347063 0.629912 -0.603097 0.345011
1778755039.726829 -4.467433 -27.091172 0.309635 -0.285545 0.658169 -0.634762 0.286976
1778755039.866873 -4.402944 -27.207670 0.300006 -0.241705 0.676281 -0.644105 0.263347
1778755040.007508 -4.334020 -27.360561 0.296362 -0.211040 0.692701 -0.654211 0.218253
1778755040.144113 -4.313609 -27.486868 0.299809 -0.162265 0.694513 -0.678705 0.175158
1778755040.285458 -4.291202 -27.587752 0.305559 -0.130255 0.705452 -0.677293 0.163232
1778755040.425548 -4.267397 -27.725039 0.297073 -0.117055 0.712341 -0.679595 0.130458
1778755040.565143 -4.227941 -27.883987 0.300592 -0.114219 0.706313 -0.690055 0.109087
1778755040.704994 -4.195187 -28.015229 0.308135 -0.108172 0.706307 -0.691431 0.106543
1778755040.844698 -4.177869 -28.131974 0.304050 -0.083629 0.709730 -0.694111 0.086603
1778755040.984277 -4.190006 -28.279637 0.316462 0.032918 -0.685868 0.726127 -0.035224
1778755041.130695 -4.220021 -28.431959 0.317256 0.022881 0.712234 -0.701251 0.021136
1778755041.265830 -4.252879 -28.540906 0.299934 0.044919 0.721283 -0.691038 -0.014133
1778755041.405976 -4.287819 -28.698189 0.304905 0.052484 0.707271 -0.704100 -0.035460
1778755041.550492 -4.353782 -28.836716 0.304796 0.087811 0.708426 -0.695799 -0.079282
1778755041.684689 -4.430160 -28.943060 0.304718 -0.135154 -0.695176 0.696250 0.117045
1778755041.827612 -4.502577 -29.070512 0.303139 0.162653 0.693241 -0.690745 -0.125827
1778755041.972631 -4.592292 -29.199415 0.306940 0.177188 0.692324 -0.682456 -0.153446
1778755042.110740 -4.675954 -29.324673 0.306007 0.182294 0.690985 -0.678593 -0.169767
1778755042.246855 -4.746237 -29.444460 0.305562 0.187741 0.689274 -0.679190 -0.168391
1778755042.387422 -4.811125 -29.566425 0.302457 0.170443 0.694677 -0.679178 -0.164591
1778755042.529770 -4.800213 -29.707808 0.307095 0.088400 0.707559 -0.690508 -0.121429
1778755042.664906 -4.744260 -29.827236 0.300404 0.025567 -0.705372 0.708018 0.022504
1778755042.805337 -4.651127 -29.934477 0.292855 -0.126965 0.713805 -0.685417 0.067568
1778755042.949643 -4.568145 -30.047529 0.310238 0.180827 -0.676412 0.698862 -0.146150
1778755043.089539 -4.483965 -30.127796 0.293562 0.229444 -0.668370 0.688122 -0.164696
1778755043.231012 -4.430592 -30.190561 0.297811 -0.229457 0.678490 -0.671788 0.188950
1778755043.372252 -4.386338 -30.245888 0.290433 -0.240695 0.679711 -0.663305 0.200215
1778755043.512358 -4.367264 -30.269503 0.294493 -0.240009 0.676571 -0.662575 0.213641
1778755043.657278 -4.354157 -30.279072 0.295695 -0.237215 0.676844 -0.659814 0.224183
1778755043.790231 -4.338847 -30.288850 0.288630 -0.241111 0.674266 -0.659965 0.227326
1778755043.929975 -4.331533 -30.295305 0.292041 -0.243264 0.671090 -0.661483 0.230005
1778755044.069473 -4.330719 -30.295334 0.293451 -0.244652 0.670002 -0.661741 0.230959
1778755044.207283 -4.330201 -30.295087 0.294390 -0.245119 0.669438 -0.661857 0.231763
1778755044.349340 -4.329668 -30.294831 0.295358 -0.245601 0.668856 -0.661976 0.232592
1778755044.492794 -4.329131 -30.294572 0.296336 -0.246087 0.668268 -0.662095 0.233429
1778755044.594725 -4.320729 -30.279182 0.303095 0.257660 -0.659947 0.663599 -0.240247
1778755044.734288 -4.332634 -30.282741 0.303846 0.248007 -0.664360 0.670201 -0.218972
1778755044.839549 -4.358189 -30.301128 0.313113 0.208495 -0.675232 0.682803 -0.185396
1778755044.974351 -4.392359 -30.331142 0.319625 0.154807 -0.684029 0.700347 -0.132867
1778755045.112081 -4.433234 -30.372122 0.315159 0.108872 -0.697470 0.704632 -0.071941
1778755045.254838 -4.474589 -30.417673 0.289530 -0.058615 0.721028 -0.689073 0.043145
1778755045.393030 -4.491493 -30.441811 0.298069 -0.026673 0.719938 -0.693079 0.024888
1778755045.536267 -4.498939 -30.458545 0.300380 -0.010701 0.720438 -0.693289 0.014332
1778755045.679807 -4.500387 -30.471153 0.295516 -0.006873 0.717575 -0.696424 0.005701
1778755045.833316 -4.498143 -30.477384 0.300941 -0.010795 0.714924 -0.699115 0.002312
1778755045.967232 -4.493547 -30.478747 0.302350 -0.014931 0.714309 -0.699664 0.003105
1778755046.097787 -4.490186 -30.478833 0.303205 -0.017970 0.713753 -0.700151 0.004802
1778755046.237954 -4.487445 -30.478902 0.303637 -0.020242 0.713448 -0.700381 0.007047
1778755046.395140 -4.484344 -30.478748 0.304164 -0.022516 0.713037 -0.700700 0.009539
1778755046.517673 -4.481860 -30.478438 0.304486 -0.024370 0.712792 -0.700861 0.011259
1778755046.664370 -4.480197 -30.478137 0.304623 -0.025656 0.712699 -0.700884 0.012756
1778755046.802708 -4.479190 -30.477984 0.304770 -0.026782 0.712579 -0.700952 0.013419
1778755046.939743 -4.477708 -30.479282 0.304929 -0.028299 0.712015 -0.701456 0.013892
1778755047.081148 -4.473401 -30.502791 0.308280 0.029816 -0.706082 0.707342 -0.015039
1778755047.220766 -4.471815 -30.546938 0.304849 -0.031497 0.710642 -0.702507 0.021895
1778755047.355344 -4.454870 -30.597482 0.296849 -0.055378 0.712880 -0.697696 0.044211
1778755047.496918 -4.391259 -30.609564 0.295653 -0.129743 0.708515 -0.682709 0.122805
1778755047.640932 -4.296432 -30.579425 0.297991 -0.245730 0.681232 -0.651182 0.226940
1778755047.773550 -4.221592 -30.523852 0.293948 -0.339581 0.648449 -0.605380 0.312592
1778755047.916140 -4.178864 -30.449999 0.289848 -0.430148 0.582116 -0.563117 0.398763
1778755048.061334 -4.126933 -30.320513 0.295705 0.552135 -0.471167 0.486484 -0.486295
1778755048.200778 -4.105299 -30.180824 0.310760 0.623445 -0.358252 0.387285 -0.577046
1778755048.340899 -4.117496 -30.085323 0.297726 0.672887 -0.252047 0.295701 -0.629489
1778755048.484744 -4.086813 -29.956069 0.306589 0.687412 -0.190148 0.222593 -0.664651
1778755048.615015 -4.040784 -29.833076 0.302748 0.692792 -0.157771 0.207917 -0.672249
1778755048.753515 -3.981920 -29.742144 0.304890 0.688040 -0.176357 0.204509 -0.673554
1778755048.896945 -3.931278 -29.676967 0.300091 0.684644 -0.198553 0.184142 -0.676706
1778755049.035364 -3.836858 -29.579157 0.300598 0.682655 -0.214538 0.208478 -0.666703
1778755049.174614 -3.735044 -29.457775 0.305219 -0.668955 0.218623 -0.227487 0.673018
1778755049.317296 -3.611761 -29.350368 0.304788 0.666949 -0.256804 0.252870 -0.652141
1778755049.452614 -3.508560 -29.288931 0.301776 0.642729 -0.302180 0.296052 -0.638702
1778755049.595637 -3.400094 -29.237630 0.311983 -0.620565 0.326727 -0.337077 0.628114
1778755049.735504 -3.302152 -29.230008 0.318138 -0.595832 0.377475 -0.361555 0.609734
1778755049.885343 -3.187854 -29.246407 0.316432 -0.562156 0.425986 -0.422754 0.569030
1778755050.019849 -3.111755 -29.267285 0.319545 -0.531922 0.458845 -0.463997 0.539654
1778755050.157454 -3.028626 -29.311103 0.313681 0.487962 -0.502777 0.507288 -0.501764
1778755050.295111 -2.967698 -29.379532 0.320328 -0.430625 0.547249 -0.546448 0.465268
1778755050.438395 -2.901833 -29.456851 0.320176 0.395083 -0.578561 0.583207 -0.411151
1778755050.580287 -2.848047 -29.516942 0.329991 0.353550 -0.591749 0.614391 -0.383873
1778755050.718661 -2.794315 -29.604938 0.330406 0.301096 -0.621708 0.639771 -0.336917
1778755050.865685 -2.758635 -29.730281 0.339474 0.238223 -0.648040 0.671439 -0.269189
1778755050.998700 -2.743936 -29.848339 0.329168 0.170073 -0.674204 0.688938 -0.204669
1778755051.153783 -2.738490 -29.969866 0.310930 0.120093 -0.692966 0.693778 -0.155077
1778755051.291434 -2.744136 -30.059643 0.320578 0.085387 -0.694236 0.701960 -0.134155
1778755051.429269 -2.726699 -30.138940 0.318039 -0.093284 0.702496 -0.695945 0.116010
1778755051.573194 -2.694805 -30.225983 0.323119 0.105813 -0.691524 0.706018 -0.110172
1778755051.706976 -2.664795 -30.291029 0.298566 -0.118327 0.704784 -0.690869 0.109443
1778755051.840551 -2.649563 -30.357970 0.295425 -0.104653 0.704005 -0.695910 0.095575
1778755051.991914 -2.650485 -30.424391 0.279716 0.093846 -0.686867 0.717907 -0.063377
1778755052.117583 -2.642176 -30.488970 0.344134 0.064788 -0.648912 0.753538 -0.083044
1778755052.261922 -2.627741 -30.567012 0.347281 0.041472 -0.652716 0.750273 -0.096608
1778755052.400916 -2.612524 -30.638286 0.323129 0.020147 -0.655588 0.747060 -0.108163
1778755052.538601 -2.577494 -30.697816 0.338395 0.058093 -0.654422 0.746208 -0.107378
1778755052.683167 -2.506378 -30.749759 0.331157 0.134931 -0.673414 0.716477 -0.122347
1778755052.816673 -2.418363 -30.792671 0.322233 0.206567 -0.667588 0.694047 -0.173076
1778755052.960497 -2.325749 -30.798575 0.312109 0.294153 -0.647869 0.660992 -0.238389
1778755053.095986 -2.244020 -30.773212 0.302812 0.363178 -0.615422 0.625261 -0.313698
1778755053.237957 -2.197941 -30.720012 0.303622 0.439971 -0.569015 0.580502 -0.381660
1778755053.385789 -2.189001 -30.669673 0.299011 0.497447 -0.528158 0.537469 -0.429794
1778755053.530917 -2.208320 -30.627493 0.281974 0.543441 -0.500629 0.495815 -0.456301
1778755053.658905 -2.235447 -30.595529 0.282225 0.570817 -0.468564 0.457135 -0.495624
1778755053.800721 -2.263819 -30.577810 0.283823 0.593885 -0.456119 0.416321 -0.515687
1778755053.937176 -2.289259 -30.551930 0.289220 0.622116 -0.421833 0.387421 -0.533792
1778755054.080184 -2.338108 -30.543844 0.253457 0.652160 -0.380854 0.370729 -0.540553
1778755054.217126 -2.380859 -30.579531 0.237245 0.661133 -0.381693 0.339866 -0.549276
1778755054.358236 -2.385404 -30.599330 0.236887 0.655871 -0.387190 0.326440 -0.559780
1778755054.497779 -2.416329 -30.640561 0.234147 0.659345 -0.394298 0.324551 -0.551779
1778755054.638168 -2.460410 -30.666630 0.227581 0.669155 -0.430818 0.296980 -0.527665
1778755054.777546 -2.537572 -30.675734 0.208470 0.683224 -0.404459 0.324248 -0.514278
1778755054.917929 -2.603420 -30.711851 0.282725 0.672961 -0.431196 0.343890 -0.492882
1778755055.063947 -2.667220 -30.752857 0.161194 0.670881 -0.490347 0.315973 -0.457864
1778755055.197622 -2.711356 -30.772080 0.144788 0.670679 -0.495898 0.325372 -0.445430
1778755055.351249 -2.780616 -30.781597 0.178132 0.650245 -0.481983 0.366849 -0.458579
1778755055.478227 -2.840148 -30.787203 0.252517 0.659478 -0.482705 0.372636 -0.439576
1778755055.618484 -2.922627 -30.821882 0.259842 0.645661 -0.506756 0.358849 -0.444464
1778755055.759717 -2.993882 -30.854604 0.162325 0.635806 -0.516028 0.357487 -0.449076
1778755055.897834 -3.072746 -30.847255 0.171739 0.669452 -0.479736 0.351231 -0.445337
1778755056.035761 -3.152317 -30.826569 0.272240 0.681420 -0.450655 0.328910 -0.473703
1778755056.180028 -3.256746 -30.850861 0.325078 0.689724 -0.440483 0.302639 -0.488533
1778755056.316090 -3.310414 -30.903466 0.177277 0.687273 -0.455820 0.259080 -0.502754
1778755056.457227 -3.362211 -30.931256 0.243801 0.688522 -0.455780 0.256276 -0.502518
1778755056.600115 -3.427561 -30.945913 0.152658 0.694384 -0.450342 0.229136 -0.512367
1778755056.741269 -3.483851 -30.957496 0.162254 0.728882 -0.417369 0.192250 -0.507518
1778755056.880718 -3.532783 -30.994585 0.232680 0.747534 -0.369847 0.183678 -0.520258
1778755057.018399 -3.585882 -31.034506 0.235044 0.749894 -0.299185 0.221454 -0.546906
1778755057.165729 -3.642369 -31.084555 0.223026 0.734607 -0.303917 0.211200 -0.568667
1778755057.297935 -3.668591 -31.127896 0.186342 0.717969 -0.323378 0.191149 -0.586011
1778755057.441988 -3.699449 -31.169181 0.223808 0.719189 -0.306172 0.192680 -0.593211
1778755057.579052 -3.742869 -31.209609 0.250797 0.711504 -0.290779 0.201435 -0.607152
1778755057.716766 -3.794229 -31.258514 0.273634 0.693533 -0.279253 0.213274 -0.628923
1778755057.860933 -3.836696 -31.314209 0.283104 0.687956 -0.272315 0.243938 -0.626941
1778755057.997478 -3.860414 -31.375375 0.281725 0.678417 -0.303577 0.270429 -0.611931
1778755058.142419 -3.905284 -31.435261 0.288383 0.663336 -0.319262 0.296977 -0.608163
1778755058.277256 -3.956984 -31.480933 0.285264 0.659737 -0.333006 0.311574 -0.597307
1778755058.416319 -3.993750 -31.526591 0.291004 0.642912 -0.352371 0.338519 -0.589833
1778755058.558720 -4.019197 -31.581922 0.291125 0.614769 -0.389943 0.385719 -0.566766
1778755058.701530 -4.023501 -31.627309 0.301741 0.582927 -0.431902 0.432106 -0.535668
1778755058.840645 -4.029832 -31.686896 0.309093 0.526236 -0.488378 0.497097 -0.487295
1778755058.980788 -4.046659 -31.766294 0.313707 0.441980 -0.551717 0.582556 -0.401113
1778755059.116581 -4.075367 -31.823105 0.312730 0.364535 -0.605415 0.625516 -0.330630
1778755059.266098 -4.080958 -31.833601 0.311723 0.350946 -0.616203 0.628878 -0.318816
1778755059.399341 -4.086303 -31.842699 0.310752 0.338702 -0.625582 0.631634 -0.308165
1778755059.540448 -4.092328 -31.852058 0.309651 -0.325603 0.635270 -0.634306 0.296766
1778755059.714880 -4.390344 -31.940799 0.311560 0.085375 0.701368 -0.698567 -0.113128
1778755059.825447 -4.478772 -31.903760 0.317012 0.200452 0.675596 -0.671000 -0.230539
1778755059.958457 -4.540846 -31.841645 0.310074 0.303557 0.637730 -0.624245 -0.333874
1778755060.098150 -4.590028 -31.791338 0.290280 0.383944 0.607461 -0.577586 -0.387265
1778755060.240156 -4.647439 -31.773696 0.303170 0.430079 0.570781 -0.563431 -0.414471
1778755060.382275 -4.738932 -31.763530 0.309087 0.450395 0.551129 -0.540584 -0.448520
1778755060.519444 -4.840254 -31.765752 0.315680 -0.456357 -0.533792 0.533879 0.470933
1778755060.661054 -4.971544 -31.775683 0.304702 0.475776 0.528917 -0.527622 -0.464218
1778755060.801350 -5.103428 -31.780135 0.311073 0.476483 0.528633 -0.512969 -0.479973
1778755060.937661 -5.175858 -31.804028 0.216538 0.507751 0.601238 -0.437417 -0.435165
1778755061.082574 -5.276029 -31.821111 0.255224 0.488572 0.599998 -0.458311 -0.437321
1778755061.220778 -5.376470 -31.868767 0.181652 0.520608 0.628864 -0.426439 -0.389419
1778755061.355512 -5.432702 -31.917835 0.198003 0.509789 0.628324 -0.474468 -0.346706
1778755061.498774 -5.448677 -31.964996 0.171849 0.467347 0.699659 -0.448533 -0.301467
1778755061.636738 -5.506558 -32.099167 0.245625 0.363484 0.727388 -0.518209 -0.265038
1778755061.778399 -5.540505 -32.165148 0.147556 0.295686 0.791277 -0.500676 -0.189142
1778755061.916881 -5.544330 -32.222483 0.216660 0.203907 0.772624 -0.577656 -0.166697
1778755062.063225 -5.542405 -32.295144 0.202042 0.182248 0.790890 -0.569610 -0.129703
1778755062.198056 -5.566255 -32.347451 0.238906 0.193954 0.785425 -0.571880 -0.135803
1778755062.339618 -5.624361 -32.376007 0.173883 0.236925 0.774780 -0.565917 -0.152710
1778755062.475490 -5.679880 -32.362343 0.214846 0.262456 0.785221 -0.535880 -0.165461
1778755062.615642 -5.748764 -32.386953 0.181971 0.276147 0.775096 -0.527389 -0.211732
1778755062.760989 -5.826133 -32.390398 0.186518 0.324852 0.758486 -0.499696 -0.263579
1778755062.904097 -5.899575 -32.331215 0.176044 0.395484 0.691311 -0.492612 -0.350736
1778755063.051107 -5.997822 -32.298675 0.248806 0.444699 0.610599 -0.519130 -0.399895
1778755063.177781 -6.099798 -32.259398 0.297290 0.472693 0.533566 -0.524347 -0.465757
1778755063.323217 -6.195069 -32.156226 0.308030 0.548181 0.442873 -0.461184 -0.539139
1778755063.456102 -6.226723 -32.006952 0.218174 0.731213 0.326180 -0.388883 -0.455746
1778755063.596269 -6.259176 -31.843921 0.111499 0.831968 0.248540 -0.183805 -0.460730
1778755063.736596 -6.273975 -31.731231 0.177723 0.808704 0.117125 -0.065152 -0.572743
1778755063.876102 -6.246874 -31.654187 0.268545 0.725610 0.017270 0.064246 -0.684883
1778755064.015867 -6.155097 -31.649040 0.341186 -0.664663 0.143088 -0.074481 0.729522
1778755064.157890 -5.982361 -31.580261 0.316787 -0.634652 0.290524 -0.124396 0.705222
1778755064.304249 -5.924870 -31.611387 0.251573 -0.620155 0.389992 -0.223199 0.643037
1778755064.435708 -5.833628 -31.595592 0.259969 0.600187 -0.443368 0.288243 -0.600097
1778755064.591401 -5.752919 -31.568736 0.268103 -0.577843 0.435552 -0.340745 0.600238
1778755064.722324 -5.662618 -31.510552 0.284821 -0.598002 0.396386 -0.354612 0.599601
1778755064.857659 -5.602786 -31.461865 0.300709 0.609290 -0.371047 0.350603 -0.606769
1778755064.998506 -5.536396 -31.409766 0.308080 0.616429 -0.344111 0.360741 -0.609482
1778755065.143493 -5.474904 -31.355072 0.310143 0.625821 -0.332251 0.353859 -0.610525
1778755065.281187 -5.406080 -31.299486 0.304523 0.627728 -0.328189 0.343213 -0.616810
1778755065.416577 -5.350003 -31.257808 0.312663 -0.622658 0.326531 -0.339222 0.624983
1778755065.557995 -5.280854 -31.218806 0.314113 -0.616321 0.329066 -0.352177 0.622764
1778755065.699016 -5.217820 -31.186293 0.316512 -0.613177 0.342778 -0.360027 0.613920
1778755065.838473 -5.146509 -31.145690 0.312740 -0.609481 0.349769 -0.362043 0.612470
1778755065.984148 -5.074133 -31.110131 0.312339 -0.604769 0.354852 -0.364551 0.612729
1778755066.119427 -5.019973 -31.082294 0.315384 -0.601246 0.357404 -0.370290 0.611270
1778755066.260940 -4.944056 -31.045803 0.316193 -0.601557 0.356235 -0.383997 0.603135
1778755066.401317 -4.876920 -31.027455 0.315819 0.591590 -0.376951 0.397793 -0.591346
1778755066.540736 -4.805690 -31.004223 0.313408 -0.580058 0.389528 -0.404932 0.589772
1778755066.680195 -4.734453 -30.981119 0.313279 -0.577941 0.395744 -0.401718 0.589910
1778755066.840868 -4.683172 -30.946205 0.316829 -0.579017 0.379920 -0.387826 0.608269
1778755066.962336 -4.617918 -30.888423 0.316068 -0.599455 0.361010 -0.373122 0.609184
1778755067.101395 -4.568530 -30.836130 0.324140 -0.604277 0.339741 -0.364332 0.621842
1778755067.237529 -4.504412 -30.781437 0.312180 -0.615204 0.333320 -0.347418 0.624277
1778755067.380444 -4.448352 -30.739131 0.319194 -0.614546 0.328324 -0.339539 0.631862
1778755067.522144 -4.391809 -30.679771 0.310909 0.633028 -0.308220 0.327797 -0.629941
1778755067.662971 -4.352162 -30.616974 0.319530 -0.640514 0.286368 -0.310644 0.641277
1778755067.803125 -4.297382 -30.550463 0.313998 -0.640232 0.280670 -0.301210 0.648537
1778755067.957975 -4.233865 -30.517026 0.318497 -0.631805 0.299507 -0.314640 0.641965
1778755068.082479 -4.161597 -30.480877 0.318891 -0.623566 0.311558 -0.337722 0.632488
1778755068.220906 -4.099691 -30.445474 0.317351 0.624037 -0.328231 0.342539 -0.620894
1778755068.377206 -4.020116 -30.399061 0.307619 0.621327 -0.341593 0.338495 -0.618618
1778755068.508282 -3.956954 -30.365319 0.315012 -0.612757 0.343479 -0.339764 0.625389
1778755068.644372 -3.872643 -30.324632 0.325256 -0.602765 0.342581 -0.349478 0.630220
1778755068.784364 -3.784903 -30.287531 0.317841 0.611007 -0.356993 0.365385 -0.604748
1778755068.921934 -3.655340 -30.242172 0.317085 -0.577960 0.381962 -0.389073 0.607198
1778755069.065941 -3.526823 -30.205202 0.317141 -0.579910 0.406143 -0.398597 0.582986
1778755069.202567 -3.418221 -30.157007 0.306298 0.592502 -0.402888 0.397743 -0.573082
1778755069.344759 -3.323161 -30.083567 0.300734 0.613826 -0.367862 0.374271 -0.589760
1778755069.491384 -3.256737 -30.006924 0.305250 0.639893 -0.326410 0.341665 -0.606019
1778755069.620453 -3.215708 -29.926627 0.306380 0.658122 -0.276734 0.313250 -0.626234
1778755069.761343 -3.194813 -29.822173 0.309840 0.682554 -0.209726 0.259768 -0.650119
1778755069.911057 -3.201450 -29.723034 0.309652 0.699363 -0.144250 0.177038 -0.677305
1778755070.041291 -3.238573 -29.633410 0.317392 -0.699239 0.065808 -0.108796 0.703489
1778755070.188898 -3.325548 -29.539372 0.323429 0.707352 0.060274 0.029263 -0.703678
1778755070.326568 -3.447002 -29.480989 0.309873 0.695990 0.197187 -0.098967 -0.683315
1778755070.462811 -3.583982 -29.486814 0.304762 -0.646945 -0.328135 0.234393 0.647186
1778755070.601956 -3.708742 -29.517697 0.283471 0.610835 0.423134 -0.342250 -0.575068
1778755070.741402 -3.802643 -29.597986 0.310666 -0.504621 -0.498907 0.484365 0.511704
1778755070.881180 -3.815805 -29.730554 0.308083 0.375480 0.581862 -0.580427 -0.428434
1778755071.021036 -3.865276 -29.880303 0.305689 0.274753 0.670025 -0.614332 -0.313327
1778755071.162480 -3.857224 -30.012654 0.308164 0.146404 0.697258 -0.670156 -0.208058
1778755071.300681 -3.786440 -30.037496 0.281760 0.016772 0.727144 -0.676461 -0.115678
1778755071.440582 -3.769379 -30.124317 0.271222 -0.030402 0.736320 -0.674507 -0.044151
1778755071.580581 -3.740565 -30.204403 0.286038 -0.078391 0.722340 -0.687076 -0.002551
1778755071.725266 -3.713796 -30.239439 0.288726 -0.095442 0.717202 -0.689401 0.035192
1778755071.867416 -3.702082 -30.246616 0.295703 -0.108666 0.715228 -0.688138 0.055732
1778755072.009147 -3.692573 -30.253577 0.296339 -0.111257 0.712501 -0.688862 0.073708
1778755072.144975 -3.687908 -30.256194 0.298950 -0.115767 0.707859 -0.692075 0.081026
1778755072.293143 -3.686423 -30.257354 0.300932 -0.117465 0.706252 -0.693089 0.083894
1778755072.434605 -3.687029 -30.257548 0.301201 -0.116786 0.706051 -0.693325 0.084578
1778755072.579308 -3.687317 -30.257545 0.301284 -0.116481 0.706022 -0.693410 0.084541
1778755072.712081 -3.687802 -30.257522 0.301325 -0.116030 0.706044 -0.693466 0.084520
1778755072.849312 -3.692860 -30.259069 0.302832 -0.111032 0.706480 -0.694367 0.080080
1778755072.990464 -3.719973 -30.267160 0.307813 -0.080343 0.709348 -0.698465 0.050168
1778755073.122432 -3.760887 -30.272904 0.311714 -0.030709 0.710945 -0.702552 0.005951
1778755073.260850 -3.818000 -30.278727 0.316141 -0.032030 -0.704832 0.705981 0.061458
1778755073.400498 -3.887044 -30.283908 0.310949 0.110721 0.707000 -0.684613 -0.138552
1778755073.542428 -3.958330 -30.294603 0.305654 0.183591 0.688031 -0.672945 -0.200135
1778755073.698923 -4.031892 -30.319012 0.306264 0.236651 0.672208 -0.663315 -0.228355
1778755073.829665 -4.081186 -30.353397 0.306987 -0.241648 -0.664261 0.664409 0.242744
1778755073.968554 -4.100620 -30.410344 0.306656 0.213998 0.679835 -0.667234 -0.216398
1778755074.101046 -4.103290 -30.478184 0.302522 0.160940 0.699130 -0.675060 -0.172075
1778755074.241112 -4.076144 -30.522785 0.301585 0.087777 0.717006 -0.681591 -0.116748
1778755074.385937 -4.017458 -30.554130 0.288855 0.005578 0.726067 -0.686381 -0.040941
1778755074.524861 -3.990783 -30.561677 0.291379 -0.027402 0.726512 -0.686522 -0.010858
1778755074.670226 -3.985362 -30.562079 0.292994 -0.035053 0.725772 -0.687023 -0.005047
1778755074.800848 -3.980494 -30.562347 0.294436 -0.041925 0.725050 -0.687419 0.000175
1778755074.940770 -3.975284 -30.562536 0.295969 -0.049282 0.724216 -0.687786 0.005769
1778755075.081715 -3.970043 -30.562624 0.297503 -0.056689 0.723313 -0.688095 0.011403
1778755075.221026 -3.835758 -30.538644 0.301649 -0.215867 0.685423 -0.663451 0.208397
1778755075.382155 -3.810194 -30.522310 0.301685 -0.246070 0.671182 -0.657317 0.238534
1778755075.590101 -3.808347 -30.521400 0.302643 -0.247870 0.670673 -0.656943 0.239131
1778755075.736324 -3.808621 -30.521656 0.302646 -0.247534 0.670760 -0.657179 0.238587
1778755075.870035 -3.808934 -30.521850 0.302640 -0.247159 0.670884 -0.657380 0.238072
1778755076.007817 -3.809142 -30.521974 0.302607 -0.246741 0.671061 -0.657479 0.237734
1778755076.147777 -3.809218 -30.521964 0.302660 -0.246663 0.671010 -0.657579 0.237680
1778755076.285959 -3.806371 -30.519701 0.302981 -0.250799 0.669272 -0.656240 0.241917
1778755076.419224 -3.791936 -30.508273 0.305451 -0.273132 0.659601 -0.649809 0.260911
1778755076.565313 -3.766631 -30.482914 0.308243 -0.315843 0.639697 -0.632896 0.300788
1778755076.695466 -3.751938 -30.464834 0.307989 -0.339502 0.625966 -0.619014 0.331249
1778755076.833843 -3.734940 -30.439404 0.310775 -0.362960 0.610978 -0.599839 0.367640
1778755076.973402 -3.709755 -30.391497 0.297058 -0.421118 0.586812 -0.565652 0.397931
1778755077.111233 -3.695498 -30.357381 0.294870 -0.448054 0.560271 -0.547065 0.431352
1778755077.254751 -3.690798 -30.341507 0.297599 -0.460772 0.547629 -0.532779 0.451594
1778755077.406391 -3.687049 -30.328459 0.304912 -0.467910 0.534294 -0.531742 0.461348
1778755077.535754 -3.684792 -30.319611 0.304966 0.473669 -0.528691 0.528999 -0.465063
1778755077.699447 -3.683606 -30.310077 0.306631 0.478441 -0.522831 0.524041 -0.472359
1778755077.816315 -3.678442 -30.283547 0.306915 0.497145 -0.504646 0.505235 -0.492865
1778755077.953252 -3.675309 -30.239379 0.305687 0.529210 -0.472043 0.466065 -0.529051
1778755078.103692 -3.679661 -30.199509 0.305103 0.556552 -0.443393 0.429648 -0.555928
1778755078.239197 -3.688936 -30.167975 0.299449 0.579290 -0.420750 0.402622 -0.570341
1778755078.379362 -3.698245 -30.145715 0.300400 0.591579 -0.397700 0.389164 -0.583456
1778755078.517230 -3.712195 -30.116877 0.303850 0.609919 -0.366363 0.359398 -0.603830
1778755078.654394 -3.725551 -30.094696 0.308139 0.623300 -0.336350 0.342263 -0.617432
1778755078.799061 -3.733613 -30.082183 0.310119 0.628011 -0.324766 0.333006 -0.623888
1778755078.933772 -3.740265 -30.071857 0.312583 0.632613 -0.312288 0.323741 -0.630451
1778755079.073845 -3.758851 -30.037345 0.314683 0.651349 -0.271671 0.282753 -0.649607
1778755079.211899 -3.784435 -29.965746 0.315589 0.681528 -0.201829 0.201156 -0.674033
1778755079.354581 -3.791189 -29.894550 0.319975 -0.688626 0.155680 -0.124544 0.697170
1778755079.493207 -3.864380 -29.820604 0.317855 -0.683706 0.029354 -0.058457 0.726820
1778755079.635937 -3.983436 -29.728498 0.318607 0.709246 0.113977 -0.034809 -0.694815
1778755079.778192 -4.093673 -29.645571 0.302644 0.693163 0.194852 -0.119018 -0.683661
1778755079.916028 -4.169188 -29.552235 0.302281 -0.675970 -0.214043 0.144258 0.690246
1778755080.059092 -4.189612 -29.428973 0.292134 -0.679980 -0.161153 0.121108 0.704976
1778755080.194238 -4.165311 -29.304851 0.320155 0.704737 0.079245 -0.094960 -0.698604
1778755080.339190 -4.155000 -29.200382 0.307543 0.712381 0.033726 -0.061350 -0.698292
1778755080.476469 -4.165530 -29.027154 0.303666 0.713394 0.024956 -0.048612 -0.698629
1778755080.613384 -4.198998 -28.879118 0.312117 -0.698670 -0.046026 0.072667 0.710254
1778755080.756168 -4.234929 -28.798099 0.298771 0.711485 0.075355 -0.063112 -0.695792
1778755080.893795 -4.246689 -28.664277 0.303359 0.707107 0.055118 -0.055645 -0.702756
1778755081.031934 -4.249107 -28.526465 0.311826 -0.702314 -0.038637 0.039977 0.709693
1778755081.173774 -4.282446 -28.401388 0.321566 -0.702666 -0.056513 0.062187 0.706541
1778755081.312494 -4.361265 -28.294850 0.303347 -0.698550 -0.122265 0.089734 0.699305
1778755081.452913 -4.426078 -28.210422 0.297952 -0.685683 -0.154855 0.118127 0.701359
1778755081.595088 -4.466470 -28.145055 0.299683 0.695729 0.168288 -0.143598 -0.683389
1778755081.733061 -4.499479 -28.099794 0.296290 0.689203 0.189107 -0.152180 -0.682700
1778755081.878225 -4.522078 -28.083531 0.303105 0.685045 0.199201 -0.156870 -0.682952
1778755082.015358 -4.543917 -28.074367 0.315048 0.692909 0.205103 -0.140746 -0.676757
1778755082.160697 -4.544931 -28.062229 0.313778 0.695123 0.191587 -0.143160 -0.677941
1778755082.296171 -4.501574 -28.038601 0.309599 0.726188 0.146375 -0.168963 -0.650136
1778755082.433377 -4.473819 -28.030451 0.312152 0.759130 0.091517 -0.191002 -0.615519
1778755082.573146 -4.452682 -27.969399 0.330449 0.834042 0.042442 -0.165782 -0.524488
1778755082.711759 -4.389929 -27.942222 0.308811 0.916754 -0.033649 -0.100634 -0.385100
1778755082.851033 -4.333725 -27.895070 0.041674 0.926406 -0.097040 -0.006666 -0.363747
1778755082.991361 -4.334476 -27.907716 0.159168 0.897124 -0.087880 0.076026 -0.426223
1778755083.130109 -4.460719 -27.871841 0.219861 0.783199 0.020403 0.222988 -0.580051
1778755083.271164 -4.691840 -27.830741 0.347714 -0.591706 -0.109535 -0.415228 0.682255
1778755083.412737 -5.047161 -27.837167 0.305085 -0.408965 -0.272585 -0.599037 0.632139
1778755083.557750 -5.158845 -27.796348 -0.017702 0.543706 0.426088 0.662068 -0.290687
1778755083.691320 -5.105105 -27.910740 -0.121877 0.272260 0.581467 0.752122 0.148602
1778755083.831197 -5.137657 -27.917125 -0.117555 0.237818 0.626261 0.688490 0.277889
1778755083.972305 -5.086677 -27.836103 -0.099233 0.414477 0.588240 0.677829 0.150766
1778755084.113938 -4.995693 -27.922222 -0.018018 0.569624 0.479887 0.663617 0.069636
1778755084.252841 -5.033583 -27.923125 -0.033214 0.646540 0.337958 0.680775 -0.065697
1778755084.392602 -5.126757 -27.881626 -0.026600 0.705852 0.122876 0.641421 -0.274325
1778755084.532975 -5.174205 -27.940113 0.050885 0.724808 -0.122391 0.524519 -0.429596
1778755084.672273 -5.137216 -27.994167 0.050357 0.737704 -0.263217 0.429514 -0.449475
1778755084.820102 -5.134378 -28.013006 0.103630 0.701182 -0.326302 0.356585 -0.524136
1778755084.956541 -5.162310 -28.033029 0.142907 0.678776 -0.337461 0.319838 -0.568408
1778755085.092938 -5.187484 -28.053322 0.207543 0.654427 -0.329231 0.318857 -0.601384
1778755085.232579 -5.198955 -28.060521 0.247914 0.636447 -0.315054 0.331994 -0.620850
1778755085.376456 -5.201762 -28.052210 0.262408 0.640734 -0.306000 0.342166 -0.615424
1778755085.515073 -5.204289 -28.047300 0.271819 0.646653 -0.302867 0.345257 -0.609022
1778755085.653338 -5.208102 -28.046139 0.277792 0.647474 -0.300127 0.345530 -0.609353
1778755085.793358 -5.211286 -28.045949 0.279224 0.648000 -0.298536 0.344841 -0.609965
1778755085.935506 -5.213322 -28.046173 0.279790 0.648066 -0.297635 0.344526 -0.610512
1778755086.073829 -5.215081 -28.045753 0.280389 0.648327 -0.296133 0.344520 -0.610970
1778755086.215919 -5.228191 -28.028987 0.281302 0.657732 -0.277309 0.320709 -0.622603
1778755086.353291 -5.271092 -27.984586 0.284081 0.687694 -0.212684 0.248821 -0.648021
1778755086.498671 -5.360531 -27.927958 0.285239 0.714941 -0.091976 0.127352 -0.681309
1778755086.631392 -5.473890 -27.903255 0.280449 0.732275 0.042392 0.000366 -0.679688
1778755086.771883 -5.601360 -27.923952 0.288858 0.699585 0.182593 -0.153550 -0.673545
1778755086.911500 -5.690294 -27.968589 0.305613 0.647127 0.289792 -0.299857 -0.638226
1778755087.051382 -5.735076 -28.012754 0.315409 0.609210 0.346233 -0.383837 -0.601378
1778755087.196210 -5.801994 -28.041190 0.329778 -0.563297 -0.401529 0.411244 0.593590
1778755087.333179 -5.851339 -27.994579 0.322389 -0.580037 -0.386209 0.371788 0.613330
1778755087.473033 -5.902683 -27.893890 0.316219 -0.616683 -0.322386 0.306117 0.649663
1778755087.614698 -5.916029 -27.753921 0.339188 -0.662269 -0.213195 0.223106 0.682767
1778755087.753891 -5.861211 -27.617153 0.324172 -0.694381 -0.071491 0.079882 0.711578
1778755087.895855 -5.745111 -27.551295 0.305432 0.709047 -0.093755 0.012329 -0.698792
1778755088.034815 -5.621235 -27.478085 0.311723 0.682513 -0.232137 0.153494 -0.675817
1778755088.175355 -5.496806 -27.484719 0.303357 -0.626126 0.333166 -0.304140 0.635976
1778755088.313497 -5.341896 -27.514533 0.303167 0.567174 -0.470705 0.376203 -0.561446
1778755088.453697 -5.253043 -27.601624 0.292600 -0.478391 0.551434 -0.502056 0.463684
1778755088.594259 -5.151739 -27.738533 0.294425 -0.353133 0.650015 -0.542459 0.398140
1778755088.740760 -5.133345 -27.889958 0.284749 -0.219713 0.705868 -0.611708 0.281586
1778755088.876549 -5.161501 -28.036895 0.280653 -0.104281 0.722305 -0.665497 0.156570
1778755089.016499 -5.223761 -28.181628 0.273298 0.022543 0.749963 -0.659662 0.043506
1778755089.157319 -5.332085 -28.269432 0.276480 0.139600 0.715966 -0.675018 -0.110707
1778755089.298419 -5.505213 -28.341498 0.302656 0.291181 0.667509 -0.658456 -0.189950
1778755089.438680 -5.662202 -28.326289 0.296786 -0.407920 -0.595926 0.612769 0.320916
1778755089.577519 -5.794275 -28.292885 0.294605 -0.477324 -0.518634 0.562538 0.432124
1778755089.715209 -5.929589 -28.249071 0.305137 0.538578 0.477760 -0.500956 -0.480336
1778755089.856960 -6.053444 -28.195431 0.296433 0.560366 0.436554 -0.462642 -0.530446
1778755089.997904 -6.164841 -28.157845 0.305588 0.571539 0.409813 -0.452551 -0.548265
1778755090.138418 -6.282675 -28.095352 0.311470 0.580819 0.392951 -0.437222 -0.563095
1778755090.278645 -6.437283 -28.080870 0.314361 -0.553215 -0.430928 0.437688 0.562746
1778755090.416338 -6.557870 -28.096205 0.316862 -0.520065 -0.475470 0.462022 0.538513
1778755090.557542 -6.676998 -28.102310 0.305760 -0.500671 -0.499091 0.470829 0.527785
1778755090.697828 -6.851611 -28.120702 0.308574 -0.487160 -0.507483 0.494117 0.510866
1778755090.839745 -6.999594 -28.104739 0.322927 -0.493212 -0.496215 0.487731 0.522141
1778755090.981416 -7.148969 -28.091652 0.314776 -0.508280 -0.486091 0.479462 0.524865
1778755091.118533 -7.265096 -28.099300 0.310804 -0.500880 -0.502856 0.491147 0.505005
1778755091.258411 -7.420184 -28.124938 0.313355 -0.469588 -0.514790 0.521924 0.492010
1778755091.409690 -7.562358 -28.159780 0.312108 0.456653 0.542976 -0.515642 -0.480374
1778755091.538252 -7.663785 -28.179685 0.309829 0.447471 0.549829 -0.526850 -0.468922
1778755091.678655 -7.763829 -28.201381 0.302470 0.450259 0.553053 -0.532742 -0.455615
1778755091.818645 -7.922629 -28.243510 0.312076 0.435489 0.554150 -0.541114 -0.458763
1778755091.960366 -8.069417 -28.277256 0.317373 0.441099 0.553168 -0.547251 -0.447161
1778755092.100789 -8.217199 -28.301990 0.299834 0.446043 0.564087 -0.532774 -0.446098
1778755092.237817 -8.334106 -28.357110 0.307794 0.409585 0.579296 -0.554543 -0.434901
1778755092.380230 -8.415310 -28.443758 0.291438 0.355774 0.609222 -0.589654 -0.393168
1778755092.519094 -8.513045 -28.519183 0.299381 0.328877 0.637195 -0.590591 -0.370169
1778755092.657085 -8.602700 -28.590103 0.301545 0.305691 0.643477 -0.610766 -0.345622
1778755092.797766 -8.707621 -28.698655 0.301581 0.278974 0.648870 -0.633645 -0.315651
1778755092.942718 -8.751561 -28.805203 0.291634 0.235620 0.680891 -0.639771 -0.267515
1778755093.083245 -8.824439 -28.930527 0.315246 0.203108 0.677992 -0.663632 -0.242212
1778755093.218569 -8.852322 -29.022112 0.294592 0.166625 0.703362 -0.660005 -0.204721
1778755093.362979 -8.887607 -29.178725 0.301502 0.120691 0.703064 -0.680523 -0.167400
1778755093.502406 -8.921520 -29.325854 0.301477 0.095730 0.698294 -0.694978 -0.142217
1778755093.643991 -8.938729 -29.423207 0.300947 0.079080 0.718001 -0.678775 -0.132235
1778755093.783279 -8.966143 -29.580495 0.302125 -0.063708 -0.695652 0.705945 0.116839
1778755093.925565 -8.992223 -29.725369 0.330333 -0.049493 -0.683991 0.718268 0.117463
1778755094.065157 -9.014482 -29.862707 0.327342 -0.045389 -0.683103 0.720403 0.111040
1778755094.202030 -9.039085 -30.009503 0.313305 -0.055515 -0.697473 0.709525 0.083815
1778755094.348458 -9.070393 -30.172229 0.310643 -0.042760 -0.702378 0.704088 0.095372
1778755094.483258 -9.094989 -30.305873 0.291070 0.033118 0.722424 -0.683030 -0.102357
1778755094.622807 -9.126960 -30.419049 0.269531 0.054098 0.752050 -0.652925 -0.071999
1778755094.768291 -9.152690 -30.551065 0.272426 0.060779 0.738235 -0.667883 -0.072437
1778755094.902549 -9.186127 -30.707325 0.291734 0.053525 0.719191 -0.688569 -0.075981
1778755095.043598 -9.180667 -30.840017 0.305616 0.023986 0.717381 -0.694963 -0.042615
1778755095.182133 -9.134364 -30.913348 0.291392 -0.042544 0.730051 -0.682063 0.002521
1778755095.324006 -9.087288 -31.053501 0.295952 -0.083784 0.717739 -0.689827 0.044376
1778755095.465225 -9.036898 -31.167242 0.286826 -0.111249 0.709171 -0.692294 0.073682
1778755095.615180 -8.983542 -31.262768 0.298604 -0.137390 0.710920 -0.683930 0.089197
1778755095.743193 -8.901255 -31.345359 0.307359 -0.186281 0.694610 -0.678702 0.148925
1778755095.884273 -8.797732 -31.432851 0.285243 -0.249551 0.685063 -0.660364 0.179810
1778755096.022264 -8.674173 -31.536246 0.290980 -0.277698 0.671468 -0.649067 0.225223
1778755096.163809 -8.566022 -31.592210 0.315039 0.318395 -0.629217 0.646372 -0.291399
1778755096.303314 -8.432154 -31.644765 0.292592 -0.369385 0.626217 -0.612843 0.309564
1778755096.443118 -8.273510 -31.685700 0.288786 -0.393449 0.609393 -0.598622 0.339838
1778755096.585598 -8.141996 -31.731215 0.300362 0.401429 -0.591498 0.598039 -0.362400
1778755096.726072 -8.040118 -31.757379 0.302920 -0.417023 0.588584 -0.587188 0.367248
1778755096.864636 -7.920928 -31.795916 0.288221 -0.422377 0.591558 -0.571705 0.380540
1778755097.005364 -7.777006 -31.815173 0.288545 -0.439828 0.563727 -0.561420 0.416619
1778755097.151231 -7.682108 -31.803886 0.307538 -0.468273 0.544346 -0.543041 0.435333
1778755097.286447 -7.571163 -31.811382 0.305605 -0.480856 0.531363 -0.528759 0.454802
1778755097.430741 -7.461496 -31.781411 0.295469 0.517452 -0.495461 0.515787 -0.469815
1778755097.563367 -7.318938 -31.734551 0.311166 0.541566 -0.459805 0.492149 -0.503065
1778755097.704174 -7.165428 -31.684341 0.319575 0.550476 -0.439490 0.465428 -0.535913
1778755097.843130 -7.082656 -31.645494 0.301889 0.573022 -0.427601 0.451933 -0.533441
1778755097.982114 -6.927799 -31.586519 0.303864 0.575377 -0.416296 0.435832 -0.552893
1778755098.120242 -6.794548 -31.542138 0.317829 0.572357 -0.411837 0.427833 -0.565470
1778755098.262670 -6.723950 -31.517237 0.310495 0.581318 -0.413896 0.421443 -0.559594
1778755098.401528 -6.605030 -31.470176 0.307977 0.581293 -0.408967 0.416814 -0.566666
1778755098.540738 -6.455592 -31.421078 0.319456 0.575665 -0.400480 0.422738 -0.574037
1778755098.681409 -6.329700 -31.376169 0.312620 0.574774 -0.403595 0.422652 -0.572810
1778755098.823894 -6.167081 -31.333066 0.306941 -0.563283 0.432215 -0.419573 0.565562
1778755098.964045 -6.024016 -31.377525 0.310854 -0.512540 0.483281 -0.480929 0.521967
1778755099.102308 -5.873075 -31.417678 0.316580 0.460298 -0.521605 0.525580 -0.489714
1778755099.247344 -5.728474 -31.463876 0.305479 -0.437758 0.566923 -0.518884 0.466611
1778755099.387150 -5.614780 -31.512796 0.302908 -0.415962 0.578162 -0.542140 0.445857
1778755099.522326 -5.515211 -31.559430 0.303130 -0.414122 0.575075 -0.561854 0.426745
1778755099.664111 -5.459930 -31.608702 0.309139 0.403237 -0.579673 0.586285 -0.397051
1778755099.801311 -5.421235 -31.651101 0.311745 0.380494 -0.597919 0.604317 -0.364031
1778755099.943897 -5.395238 -31.677483 0.314152 0.363173 -0.602781 0.619839 -0.347217
1778755100.082533 -5.388558 -31.693268 0.313861 0.350720 -0.612011 0.622688 -0.338672
1778755100.222154 -5.378848 -31.710517 0.310837 0.341031 -0.615658 0.630972 -0.326400
1778755100.371567 -5.370561 -31.719869 0.308711 0.336938 -0.618312 0.632583 -0.322493
1778755100.511813 -5.366723 -31.723250 0.309609 0.337090 -0.618193 0.631950 -0.323802
1778755100.659210 -5.353945 -31.731728 0.310414 0.335328 -0.616873 0.633655 -0.324815
1778755100.790005 -5.319995 -31.733746 0.304846 0.350418 -0.613590 0.615053 -0.349891
1778755100.929140 -5.262478 -31.720821 0.301783 -0.390279 0.598906 -0.581397 0.388552
1778755101.061909 -5.200129 -31.691461 0.304375 -0.443259 0.559322 -0.552813 0.430207
1778755101.201961 -5.126439 -31.646363 0.308272 0.495281 -0.504687 0.533906 -0.463608
1778755101.341712 -5.062598 -31.611127 0.310373 0.525579 -0.474163 0.512729 -0.485845
1778755101.480279 -4.991260 -31.585217 0.305803 0.532372 -0.466579 0.493257 -0.505551
1778755101.626192 -4.922802 -31.595456 0.321104 0.509686 -0.478555 0.509992 -0.501112
1778755101.764130 -4.859605 -31.634408 0.325516 0.469580 -0.507497 0.549588 -0.468929
1778755101.899127 -4.836575 -31.688972 0.313467 0.429634 -0.560890 0.573911 -0.414056
1778755102.042766 -4.833518 -31.753874 0.300909 -0.376721 0.607857 -0.601588 0.355925
1778755102.181871 -4.850588 -31.774701 0.303294 -0.337633 0.627115 -0.620557 0.328084
1778755102.322963 -4.886235 -31.776053 0.299591 -0.304150 0.647993 -0.628834 0.303587
1778755102.466526 -4.923194 -31.760300 0.292721 -0.287782 0.662160 -0.628909 0.288443
1778755102.607353 -4.953545 -31.747941 0.290335 -0.279908 0.668970 -0.630564 0.276622
1778755102.752429 -4.971307 -31.737490 0.293564 -0.282687 0.661718 -0.644451 0.258651
1778755102.902950 -4.973805 -31.736473 0.294423 -0.279077 0.662550 -0.646342 0.255705
1778755103.040693 -4.971890 -31.740827 0.294248 -0.278381 0.663153 -0.646377 0.254812
1778755103.176118 -4.968412 -31.740246 0.294954 -0.279890 0.662023 -0.646966 0.254601
1778755103.311304 -4.965608 -31.735644 0.296745 -0.282881 0.659257 -0.647430 0.257282
1778755103.448415 -4.964052 -31.732457 0.297794 -0.284708 0.657583 -0.647037 0.260517
1778755103.668469 -4.962189 -31.731488 0.298275 -0.286115 0.656701 -0.646680 0.262081
1778755103.805508 -4.961021 -31.730662 0.298576 -0.287079 0.656110 -0.646406 0.263181
1778755103.947334 -4.960445 -31.730524 0.298647 -0.287519 0.655934 -0.646195 0.263658
1778755104.093928 -4.959527 -31.729768 0.298920 -0.288483 0.655230 -0.645866 0.265158
1778755104.226894 -4.948934 -31.720792 0.301845 -0.304684 0.645734 -0.642253 0.278758
1778755104.350979 -4.926848 -31.700669 0.306548 0.334322 -0.628170 0.632701 -0.305485
1778755104.495024 -4.901849 -31.668241 0.308355 0.377045 -0.604109 0.608521 -0.350130
1778755104.631498 -4.876504 -31.617773 0.307995 0.434861 -0.564649 0.573252 -0.404289
1778755104.772694 -4.846759 -31.558726 0.306419 0.493173 -0.519437 0.519859 -0.465523
1778755104.915214 -4.811229 -31.499490 0.297572 0.552017 -0.472399 0.451308 -0.518109
1778755105.051355 -4.786542 -31.425441 0.293121 0.606798 -0.406051 0.394471 -0.557953
1778755105.199323 -4.799239 -31.348139 0.293390 0.645261 -0.337271 0.334003 -0.598606
1778755105.340963 -4.756705 -31.300213 0.292677 0.652072 -0.309990 0.319596 -0.613650
1778755105.475356 -4.716425 -31.295562 0.299485 0.634609 -0.330338 0.335368 -0.612924
1778755105.615158 -4.675154 -31.309377 0.306073 0.609386 -0.373371 0.373063 -0.591665
1778755105.751955 -4.648649 -31.345877 0.311168 0.578568 -0.410721 0.434172 -0.555034
1778755105.896681 -4.648007 -31.400834 0.312311 0.535962 -0.462413 0.489557 -0.509170
1778755106.033075 -4.683852 -31.463632 0.303194 -0.472785 0.537160 -0.525971 0.459660
1778755106.173078 -4.740097 -31.521810 0.287731 -0.401419 0.600896 -0.571508 0.388801
1778755106.313527 -4.797638 -31.549717 0.295425 -0.347497 0.638006 -0.613806 0.308929
1778755106.456300 -4.850516 -31.545233 0.291898 -0.302174 0.657640 -0.639424 0.259494
1778755106.593435 -4.886850 -31.539517 0.284995 -0.265445 0.678679 -0.643275 0.234801
1778755106.737683 -4.904702 -31.529860 0.287054 -0.250358 0.678967 -0.654319 0.219528
1778755106.875859 -4.912485 -31.531842 0.292576 -0.231700 0.684047 -0.656235 0.218519
1778755107.036301 -4.912424 -31.531234 0.290694 -0.223889 0.686236 -0.657103 0.217186
1778755107.166501 -4.909683 -31.529383 0.290789 -0.228829 0.684707 -0.658049 0.213973
1778755107.367901 -4.905320 -31.525593 0.292865 -0.234331 0.681779 -0.659254 0.213658
1778755107.506654 -4.902434 -31.523863 0.293895 -0.237443 0.680184 -0.659440 0.214729
1778755107.648314 -4.895987 -31.520048 0.295382 -0.245262 0.676366 -0.658056 0.222123
1778755107.780735 -4.874322 -31.505610 0.300167 -0.273301 0.662480 -0.652097 0.247380
1778755107.918657 -4.843912 -31.481281 0.304368 -0.313476 0.641565 -0.638019 0.288201
1778755108.074525 -4.807704 -31.438873 0.304906 0.373533 -0.608531 0.608743 -0.345825
1778755108.202435 -4.774874 -31.373528 0.300266 0.441947 -0.560217 0.561235 -0.419350
1778755108.342182 -4.762553 -31.280577 0.287176 0.517476 -0.486292 0.482481 -0.512787
1778755108.479065 -4.773680 -31.177357 0.296142 0.600854 -0.368099 0.419216 -0.572481
1778755108.618415 -4.818013 -31.064793 0.304108 0.657524 -0.235218 0.346320 -0.626416
1778755108.761321 -4.864041 -30.927966 0.295150 0.708114 -0.142809 0.202618 -0.661155
1778755108.897467 -4.897547 -30.805085 0.295426 0.711516 -0.071843 0.120457 -0.688530
1778755109.039125 -4.925815 -30.680850 0.316781 -0.702407 0.010376 -0.077976 0.707416
1778755109.179487 -4.952897 -30.543400 0.308106 0.712130 0.008058 0.027895 -0.701447
1778755109.319669 -4.934446 -30.400258 0.309670 0.709328 -0.017191 0.047641 -0.703056
1778755109.461663 -4.888798 -30.271160 0.297745 -0.695828 0.059748 -0.083749 0.710802
1778755109.598628 -4.839630 -30.145503 0.304783 0.711322 -0.102381 0.082134 -0.690502
1778755109.739333 -4.776779 -30.012954 0.297747 0.711632 -0.126976 0.103456 -0.683194
1778755109.881598 -4.717631 -29.864462 0.303597 0.696267 -0.123696 0.124864 -0.695931
1778755110.024134 -4.658204 -29.726164 0.315384 0.698330 -0.129460 0.134268 -0.691048
1778755110.168958 -4.601252 -29.595221 0.311363 0.694139 -0.133854 0.143768 -0.692520
1778755110.303596 -4.550838 -29.461744 0.306408 0.695039 -0.136778 0.136415 -0.692534
1778755110.444078 -4.495053 -29.322025 0.299987 0.700537 -0.137171 0.139858 -0.686201
1778755110.583452 -4.463498 -29.205748 0.310234 0.697581 -0.129367 0.133160 -0.692036
1778755110.723989 -4.453014 -29.094359 0.297740 0.704981 -0.088686 0.103129 -0.696062
1778755110.864455 -4.478550 -29.003509 0.318088 -0.702207 0.032696 -0.049701 0.709483
1778755111.001878 -4.516250 -28.918028 0.310889 0.707985 0.021362 0.013500 -0.705775
1778755111.143245 -4.557262 -28.856021 0.316246 -0.704920 -0.055248 0.021081 0.706817
1778755111.285655 -4.586941 -28.812267 0.311688 -0.701064 -0.074353 0.049730 0.707466
