1779360452.430859 -0.000000 0.000000 0.000000 0.00000000 -0.00000000 0.00000000 1.00000000
1779360455.097434 0.013895 -0.014293 -0.040545 -0.03754842 -0.02981021 -0.00064058 0.99884987
1779360455.374430 -0.013663 -0.020468 -0.059394 -0.04073492 -0.09524296 0.02439849 0.99432095
1779360455.658892 -0.037863 -0.020324 -0.087885 -0.04916172 -0.17847532 0.02710449 0.98234161
1779360455.801293 -0.053416 -0.023252 -0.099401 -0.06387519 -0.21815679 0.03979344 0.97300774
1779360456.081498 -0.081877 -0.029830 -0.075212 -0.05773099 -0.26633666 0.04283103 0.96119583
1779360456.643423 -0.100910 -0.020094 -0.044173 -0.05118369 -0.30118177 0.02512550 0.95186054
1779360457.061363 -0.099067 -0.016732 -0.021936 -0.07170858 -0.26678863 0.03443612 0.96046648
1779360457.340267 -0.090550 -0.018196 0.001510 -0.06829318 -0.23061604 0.05005467 0.96935381
1779360458.047796 -0.137036 -0.003114 0.124910 -0.07580384 -0.16584238 0.03541155 0.98259661
1779360458.184337 -0.151746 0.003654 0.172556 -0.07751679 -0.12313265 0.02975429 0.98891060
1779360458.466754 -0.167823 0.010358 0.226752 -0.08047838 -0.07992336 0.03379938 0.99297185
1779360460.018909 -0.196212 0.029568 0.431721 -0.06556855 -0.11292944 -0.00012749 0.99143718
1779360461.139235 -0.216556 0.040453 0.559739 -0.07380997 -0.08976593 0.01722486 0.99307476
1779360461.982656 -0.228618 0.049504 0.655792 -0.07830302 -0.06044002 0.00442411 0.99508596
1779360462.687387 -0.229115 0.061337 0.738931 -0.08092119 -0.02404305 0.01082926 0.99637163
1779360463.108117 -0.209685 0.067346 0.750840 -0.08479836 0.01714127 0.01001819 0.99620031
1779360463.108117 -0.212837 0.067805 0.746578 -0.08473685 0.01826144 0.01014132 0.99618439
1779360463.384447 -0.210517 0.064545 0.729355 -0.08352881 0.06513103 0.02391393 0.99408702
1779360464.088385 -0.177124 0.073097 0.795751 -0.07549458 0.09357600 -0.01500841 0.99263228
1779360464.369071 -0.150592 0.069938 0.738885 -0.09207536 0.24880295 -0.01158807 0.96409799
1779360464.507935 -0.148920 0.071871 0.759560 -0.09022421 0.31174981 0.02365031 0.94557512
1779360464.648837 -0.171994 0.067768 0.755988 -0.10831338 0.37523061 0.02152126 0.92032985
1779360464.791910 -0.149036 0.074423 0.759139 -0.09496139 0.42371464 0.00606343 0.90078381
1779360464.936254 -0.147835 0.074340 0.766502 -0.07994966 0.46026211 0.01989049 0.88395204
1779360465.215441 -0.008098 0.091973 0.841828 -0.08621718 0.50488682 -0.01810423 0.85867813
1779360470.414217 0.820431 0.182495 1.184846 -0.10064570 0.50105873 -0.02160326 0.85926940
1779360470.975182 0.917954 0.187266 1.202351 -0.09463892 0.51906099 -0.02327078 0.84916290
1779360472.801193 1.075178 0.201302 1.242936 -0.11136588 0.53405271 -0.02919701 0.83757560
1779360476.300100 1.484947 0.256842 1.389306 -0.10198485 0.57852693 -0.01281990 0.80916088
1779360479.938667 1.787101 0.251119 1.394943 -0.09161797 0.63867326 -0.03438642 0.76323010
1779360480.082662 1.939504 0.264889 1.465278 -0.07171820 0.70906216 -0.03263359 0.70072991
1779360480.220446 1.975905 0.251258 1.373878 -0.06328110 0.72847113 -0.00938596 0.68208300
1779360480.501833 2.146290 0.286466 1.378782 -0.07155446 0.75605472 -0.02230899 0.65020268
1779360480.501833 2.149727 0.287313 1.378851 -0.07147724 0.75556448 -0.02218811 0.65078492
1779360481.060460 2.161607 0.298066 1.404216 -0.09102442 0.72543918 -0.03659145 0.68125885
1779360481.209751 2.193545 0.308707 1.433878 -0.10142241 0.69506950 -0.05216019 0.70983885
1779360481.479225 2.212034 0.310861 1.459732 -0.09446532 0.65339831 -0.04057018 0.75000067
1779360482.040360 2.310837 0.325633 1.504440 -0.09343407 0.63409352 -0.02975888 0.76701362
1779360482.600903 2.424630 0.340809 1.557127 -0.09306330 0.59956044 -0.03213010 0.79425069
1779360483.301276 2.500542 0.355418 1.617242 -0.09648108 0.56013359 -0.02495414 0.82238619
1779360490.860751 2.999740 0.423631 1.897316 -0.08975240 0.54928152 -0.01706025 0.83062824
1779360492.401718 3.334770 0.454715 2.098531 -0.09569478 0.49200663 -0.02799997 0.86486299
1779360492.546782 3.333347 0.453014 2.117074 -0.09558860 0.46083823 -0.03397242 0.88166707
1779360492.967369 3.319729 0.445497 2.110278 -0.09039068 0.42234566 -0.02172262 0.90165503
1779360494.087070 3.503521 0.477619 2.301328 -0.09560600 0.37151156 -0.03654896 0.92276911
1779360494.230828 3.517611 0.478649 2.302720 -0.08977804 0.30991715 -0.03621554 0.94582223
1779360494.367119 3.463809 0.469379 2.355728 -0.08927052 0.28039175 -0.05065789 0.95438201
1779360494.516110 3.436809 0.470608 2.377142 -0.09165483 0.22949987 -0.05487212 0.96742868
1779360494.655742 3.361395 0.455165 2.324604 -0.08544716 0.19471700 -0.05598800 0.97552520
1779360495.072708 3.346366 0.479640 2.360590 -0.08285830 0.16854571 -0.02531276 0.98187887
1779360495.072708 3.347816 0.480021 2.360603 -0.08280627 0.16810030 -0.02525698 0.98196105
1779360497.603795 3.500197 0.559232 2.919265 -0.08981997 0.24399844 0.01549606 0.96548278
1779360497.885859 3.531033 0.550940 2.904948 -0.07881777 0.27511431 -0.01581783 0.95804471
1779360498.305640 3.618898 0.564791 3.012747 -0.08149475 0.31229886 -0.02981666 0.94601215
1779360498.799506 3.772580 0.605123 3.158937 -0.09553853 0.34382321 -0.02954336 0.93369437
1779360500.487913 4.016046 0.635935 3.359166 -0.09599161 0.37611259 -0.03113542 0.92106216
1779360500.628284 4.051759 0.627109 3.319042 -0.08307296 0.43677164 -0.05569852 0.89399502
1779360500.764633 4.107309 0.640822 3.309982 -0.08206239 0.48528575 0.00635268 0.87047295
1779360500.902993 4.191656 0.635412 3.273097 -0.07730527 0.52951810 -0.00358116 0.84476130
1779360501.300899 4.174228 0.643640 3.299265 -0.06850626 0.58327195 -0.01076382 0.80931135
1779360502.104020 4.408741 0.644224 3.285718 -0.07522529 0.58991452 -0.03228222 0.80330559
1779360503.196760 4.562778 0.655880 3.282957 -0.07795082 0.58083932 -0.02142253 0.80999409
1779360504.839881 4.757632 0.684230 3.392611 -0.10265487 0.51848828 -0.07122015 0.84590754
1779360505.334115 4.836133 0.688059 3.434697 -0.09394375 0.47434695 -0.05109737 0.87381840
1779360506.244631 4.946134 0.703812 3.527470 -0.09230673 0.43867308 -0.05337233 0.89229860
1779360506.560965 4.964458 0.704785 3.559741 -0.09708915 0.37665202 -0.06220683 0.91915030
1779360506.847359 4.959030 0.695202 3.564127 -0.09112077 0.32529348 -0.07314009 0.93836650
1779360506.847359 4.959084 0.695217 3.564128 -0.09109932 0.32481212 -0.07307545 0.93854035
1779360507.074639 4.967751 0.697850 3.579047 -0.09287171 0.29650210 -0.05835837 0.94871263
1779360507.557643 4.986725 0.699590 3.610084 -0.09142388 0.28110147 -0.05597294 0.95367220
1779360508.285282 5.034876 0.702969 3.656848 -0.08703341 0.29935018 -0.04109806 0.94927636
1779360508.515172 5.072773 0.706998 3.680402 -0.07677971 0.37869984 0.00543210 0.92231329
1779360508.640879 5.077485 0.705338 3.678885 -0.07989329 0.42092316 -0.02139718 0.90331773
1779360509.124770 5.107037 0.704057 3.698710 -0.09781955 0.35552347 -0.07421897 0.92656675
1779360509.496239 5.087981 0.709496 3.722929 -0.09525822 0.29125013 -0.07275831 0.94910772
1779360509.741661 5.094078 0.709775 3.738150 -0.09596884 0.23985909 -0.07266831 0.96331558
1779360509.988961 5.095145 0.711883 3.769067 -0.08460577 0.19615276 -0.05744688 0.97522603
1779360510.471901 5.096857 0.716387 3.815841 -0.08278939 0.13444131 -0.03446890 0.98685528
1779360510.674146 5.090161 0.716806 3.832142 -0.08106435 0.08769153 -0.05359942 0.99139592
1779360511.097657 5.081364 0.721919 3.848633 -0.08565846 0.03242605 -0.02651780 0.99544361
1779360512.942357 5.055112 0.754240 4.093249 -0.07892604 0.11314430 -0.01246676 0.99036035
1779360513.067448 5.066126 0.755433 4.084808 -0.09318118 0.14937869 -0.00994457 0.98432941
1779360513.917176 5.076476 0.762387 4.165451 -0.08332294 0.08239012 -0.04981553 0.99186066
1779360514.639030 5.067567 0.774666 4.232471 -0.08615283 0.04474741 -0.02697543 0.99491089
1779360514.639030 5.066610 0.774688 4.234927 -0.08616135 0.04455922 -0.02714381 0.99491402
1779360516.229331 5.051100 0.805795 4.482089 -0.09041424 0.09031499 -0.01783935 0.99164017
1779360516.505025 5.055227 0.800824 4.501294 -0.08797989 0.14146422 -0.00366371 0.98601926
1779360516.812059 5.097479 0.807442 4.573321 -0.08193618 0.22228504 -0.02423254 0.97123046
1779360516.926033 5.115354 0.814586 4.602719 -0.08118655 0.31385724 0.03085617 0.94548944
1779360517.207227 5.137757 0.825149 4.667478 -0.07050212 0.38912700 -0.00789170 0.91844834
1779360518.312441 5.186396 0.833233 4.749330 -0.09709493 0.34071908 -0.04038025 0.93426576
1779360518.539411 5.185816 0.831740 4.783879 -0.09745402 0.31074643 -0.04519163 0.94440303
1779360518.796454 5.163323 0.838936 4.816691 -0.09768401 0.23710959 -0.05312511 0.96509823
1779360519.028383 5.164562 0.836547 4.833314 -0.09433006 0.18437760 -0.05683731 0.97666589
1779360519.315081 5.159360 0.850578 4.893756 -0.11873675 0.14130932 -0.05279576 0.98139995
1779360519.561772 5.165123 0.851496 4.959453 -0.10428751 0.12487700 -0.01394090 0.98657767
1779360520.947155 5.154498 0.880965 5.189319 -0.09059023 0.07040756 -0.03111204 0.99290897
1779360521.074187 5.149627 0.886752 5.277022 -0.07466252 -0.08307264 -0.03778375 0.99302409
1779360521.214530 5.144915 0.884170 5.304538 -0.08651702 -0.13908406 -0.04874026 0.98528920
1779360521.496224 5.153888 0.884647 5.237907 -0.07682893 -0.20803373 -0.02620118 0.97474755
1779360521.773678 5.138585 0.891610 5.326422 -0.08833788 -0.12827489 -0.00156176 0.98779529
1779360521.773678 5.137435 0.891730 5.330954 -0.08826884 -0.12905820 -0.00172039 0.98769916
1779360522.059564 5.129543 0.901363 5.435339 -0.08985015 -0.05683742 -0.00172432 0.99433067
1779360525.226525 5.073253 1.016350 6.462566 -0.10786851 -0.05584468 -0.03022423 0.99213520
1779360526.363038 5.043671 1.061955 6.879219 -0.10903257 -0.06840294 -0.02787720 0.99128997
1779360527.290739 5.045686 1.133226 7.445089 -0.09712075 0.21667250 -0.02316128 0.97112519
1779360527.399071 5.065172 1.128181 7.452202 -0.11698871 0.28925033 0.01673149 0.94993049
1779360528.449503 5.094703 1.199571 8.121463 -0.11486448 0.20535528 -0.04263836 0.97098781
1779360528.873649 5.089018 1.224814 8.374343 -0.11898005 0.06044497 -0.04454541 0.99005346
1779360530.351705 5.060394 1.336665 9.455222 -0.06365430 0.00142141 -0.01114783 0.99790873
1779360531.515863 5.006660 1.439044 10.357793 -0.11264794 -0.24539863 -0.04587746 0.96176152
1779360531.686097 4.967959 1.453451 10.491729 -0.08732731 -0.42451227 -0.02720696 0.90079024
1779360531.976043 4.945833 1.471347 10.739077 -0.07984937 -0.49547058 -0.01148653 0.86487053
1779360532.527439 4.908914 1.516003 11.084611 -0.07509559 -0.38509392 -0.01391637 0.91971173
1779360532.917389 4.957460 1.581942 11.510776 -0.12292330 0.13493097 -0.06613418 0.98097389
1779360533.137243 5.027093 1.581966 11.322036 -0.12505870 0.42454236 -0.05246239 0.89519373
1779360533.242509 5.050655 1.603271 11.564142 -0.07935029 0.51203782 -0.02455534 0.85493733
1779360534.133786 5.049770 1.628078 11.805730 -0.06664821 0.56711860 -0.04488649 0.81970709
1779360534.133786 5.047516 1.629204 11.820502 -0.06667867 0.56721955 -0.04486935 0.81963570
1779360534.846668 5.176184 1.720887 12.656988 -0.06627330 0.60551312 -0.02859314 0.79255545
1779360535.095916 5.159899 1.741030 12.842164 -0.07243573 0.59448252 -0.03686898 0.79999017
1779360535.201357 5.144469 1.761879 13.060487 -0.08043466 0.56179456 -0.04477475 0.82213889
1779360535.601763 5.115029 1.735113 13.013166 -0.05121500 0.46462093 -0.06928191 0.88130837
1779360535.826688 5.108093 1.736401 13.166078 -0.01078683 0.33756596 -0.07374665 0.93834658
1779360535.927563 5.089574 1.759403 13.403793 0.00019798 0.25803150 -0.09566791 0.96138825
1779360536.298365 5.059536 1.766949 13.368961 -0.02884684 -0.20405952 -0.04279077 0.97759732
1779360536.499677 5.030581 1.764828 13.469747 0.01509395 -0.53482499 0.01864127 0.84462235
1779360536.608142 4.961038 1.824670 14.041385 0.01270808 -0.59246502 0.04426285 0.80427887
1779360536.743035 4.933142 1.823847 14.125238 -0.00870473 -0.63115096 0.04701495 0.77418492
1779360536.882343 4.849800 1.832230 14.139298 -0.01552351 -0.64699415 0.05859800 0.76008149
1779360537.055221 4.780195 1.828925 13.961575 -0.02644239 -0.65325624 0.04874840 0.75510309
1779360538.010658 4.393208 2.116666 16.181405 -0.06541005 -0.67760677 0.02723357 0.73200336
1779360538.618822 4.168342 2.176149 17.202330 -0.02543408 -0.68579055 0.04643429 0.72587071
1779360540.890132 3.330375 2.700598 21.651488 0.03110527 0.70695235 -0.04999957 -0.70480557
1779360541.168638 3.696775 2.500137 20.460671 -0.03573471 -0.69232305 0.04302450 0.71941693
1779360541.168638 3.691450 2.503101 20.494444 -0.03560553 -0.69254950 0.04306258 0.71920307
1779360541.329891 3.681622 2.526064 20.718968 -0.03463365 -0.68520652 0.05049860 0.72577023
1779360541.455277 3.585221 2.651848 21.714046 -0.04926875 -0.68756269 0.04680349 0.72293815
1779360541.870828 3.233384 2.962410 24.580442 -0.03941744 -0.69119993 0.04371792 0.72026222
1779360542.155488 3.188859 3.026221 25.320084 -0.01989735 -0.67561266 0.05344784 0.73504759
1779360542.260434 3.042552 3.304093 27.243775 -0.05274462 -0.68069592 0.04147305 0.72948684
1779360542.510675 2.980488 3.370694 28.180176 -0.04388008 -0.66735769 0.04227998 0.74224029
1779360543.069810 3.141066 3.336945 27.361808 -0.10556262 -0.65948073 -0.00568333 0.74425090
1779360543.286712 2.635851 3.715860 30.485820 -0.07579119 -0.68286884 0.02632606 0.72612174
1779360543.560808 2.258216 3.922702 32.640529 -0.03073818 -0.69854909 0.05261604 0.71296276
1779360545.471826 -0.783157 6.242218 53.832931 0.04247559 0.71889916 -0.03846680 -0.69274824
1779360549.515798 -19.098144 20.382973 181.747639 0.01779596 0.74255534 -0.06289782 -0.66658738
1779360549.757170 -695.039065 543.453842 4959.088633 0.00932231 0.75098451 -0.07150656 -0.65637046
1779360549.867110 41.797738 -26.352510 -239.721926 0.64493702 0.03830627 0.76228355 0.03889287
1779360550.549914 21.438836 -10.917585 -100.959088 0.63767551 0.05295114 0.76803130 0.02634463
1779360550.819037 17.561076 -7.722738 -72.682625 0.63715700 0.06353378 0.76787374 0.01908784
1779360550.986501 18.860770 -8.543157 -80.834078 0.63931196 0.05904188 0.76637867 0.02140098
1779360550.986501 18.853901 -8.537884 -80.787948 0.63931573 0.05907445 0.76637345 0.02138552
1779360551.278678 19.010423 -8.488475 -80.563918 0.63992097 0.06709318 0.76538548 0.01359134
1779360551.644185 18.049967 -7.576300 -72.484070 0.63798567 0.06349627 0.76726671 0.01563020
1779360552.766700 16.209347 -6.125237 -59.235923 0.63225635 0.06129550 0.77214498 0.01693835
1779360553.042298 15.666186 -5.775013 -56.059080 0.62670136 0.06030042 0.77663433 0.02117497
1779360553.185469 15.233286 -5.511423 -53.480386 0.62188461 0.05397746 0.78080626 0.02622109
1779360553.466670 14.680894 -5.157503 -50.291288 0.61420718 0.06024768 0.78664931 0.01739603
1779360553.745585 13.832039 -4.626228 -45.342592 0.60129159 0.05605121 0.79675046 0.02225716
1779360554.025412 13.224421 -4.236317 -41.734127 0.58339186 0.05653795 0.81008078 0.01505073
1779360554.757560 11.936984 -3.458648 -34.274072 0.54325975 0.03819561 0.83814886 0.03027256
1779360555.293721 11.639611 -3.282463 -32.629627 0.50009712 0.01160611 0.86509838 0.03705355
1779360557.119099 10.455294 -2.488979 -25.614300 0.54302089 0.05277121 0.83777169 0.02195699
1779360557.407818 10.356500 -2.388518 -24.833898 0.56656869 0.06175929 0.82130404 0.02540446
1779360558.251431 10.208440 -2.251854 -23.558517 0.58384815 0.05877763 0.80941986 0.02249499
1779360558.538918 10.210760 -2.241485 -23.422784 0.59265839 0.06215138 0.80291275 0.01497813
1779360559.783340 9.932486 -1.971274 -20.968445 0.59277521 0.06257920 0.80282164 0.01337211
1779360560.204020 9.976144 -1.962451 -21.106286 0.59950868 0.06680733 0.79741290 0.01608675
1779360560.204020 9.975789 -1.962142 -21.103822 0.59951969 0.06683331 0.79740201 0.01610862
1779360561.746181 9.856771 -1.813862 -19.751508 0.60213722 0.05858540 0.79607773 0.01608651
1779360562.167622 9.848569 -1.802317 -19.637599 0.60508857 0.05781789 0.79387228 0.01707977
1779360562.447317 9.850453 -1.780317 -19.470401 0.60841742 0.05844728 0.79134914 0.01336788
1779360562.723303 9.854699 -1.769701 -19.404136 0.60957480 0.06508023 0.78994901 0.01279408
1779360563.143214 9.824267 -1.718974 -18.957184 0.60046047 0.06232078 0.79710905 0.01343531
1779360563.288486 9.808682 -1.708084 -18.746991 0.59593655 0.04668132 0.80155771 0.01362782
1779360563.566031 9.771691 -1.672391 -18.465323 0.58859629 0.05474919 0.80640927 0.01615604
1779360564.197118 9.751084 -1.611574 -17.895744 0.59921500 0.06157147 0.79807106 0.01526162
1779360564.372412 9.753518 -1.600577 -17.835234 0.60675443 0.06497607 0.79206661 0.01605164
1779360564.474664 9.760823 -1.589895 -17.743383 0.61154235 0.06771939 0.78818600 0.01388784
1779360565.406718 9.773135 -1.543251 -17.423308 0.59851859 0.06261003 0.79865828 -0.00066398
1779360566.114442 9.784261 -1.518315 -17.196338 0.60009792 0.06667498 0.79701658 0.01419565
1779360568.406296 9.777965 -1.426303 -16.401572 0.58775132 0.05873464 0.80677783 0.01442777
1779360568.968820 9.762848 -1.400843 -16.140933 0.58749645 0.05986204 0.80689008 0.01388701
1779360569.247089 9.788502 -1.394820 -16.129510 0.59057229 0.06258844 0.80447360 0.01137018
1779360569.668461 9.799251 -1.378997 -15.986624 0.59573718 0.06391804 0.80057478 0.00957710
1779360569.668461 9.799063 -1.377960 -15.978591 0.59567026 0.06392411 0.80062410 0.00957547
1779360570.936488 9.825035 -1.336306 -15.604452 0.58976053 0.05580413 0.80552512 0.01406056
1779360573.043980 9.854062 -1.234320 -14.807529 0.57951528 0.05813789 0.81262911 0.02039477
1779360573.328552 9.854779 -1.209602 -14.622646 0.57936829 0.05871434 0.81284942 0.01268167
1779360578.385569 10.002417 -1.043480 -13.412207 0.56619854 0.05981118 0.82203376 0.01011621
1779360584.500323 10.229038 -0.741884 -11.268053 0.52937946 0.05821576 0.84632582 0.01004565
1779360586.723667 10.287249 -0.657721 -10.445560 0.51133854 0.05303561 0.85762423 0.01417053
1779360587.166033 10.267302 -0.637688 -10.232841 0.49156205 0.05121493 0.86932374 0.00447364
1779360589.619249 10.232560 -0.503176 -9.041176 0.44311953 0.04746899 0.89520221 0.00218493
1779360590.011620 10.175718 -0.480050 -8.712386 0.39767455 0.03694303 0.91676118 -0.00625352
1779360592.404408 10.118764 -0.390042 -8.025960 0.41735088 0.05923626 0.90677571 0.00819194
1779360596.650553 10.108472 -0.333474 -7.394388 0.41243113 0.04503245 0.90987390 0.00145886
1779360597.533268 10.052749 -0.302926 -7.081634 0.43949620 0.06167279 0.89612450 0.00065495
1779360598.272563 10.161459 -0.272317 -6.961694 0.46457556 0.06235813 0.88333431 0.00122913
1779360598.969410 10.322720 -0.259526 -6.868141 0.47948061 0.06522661 0.87508724 0.00813402
1779360599.554197 10.439541 -0.258640 -6.699389 0.49051783 0.05748172 0.86940556 0.01490228
1779360601.791147 10.655483 -0.235432 -6.577098 0.48752199 0.05385638 0.87133885 0.01379887
1779360601.791147 10.655465 -0.235127 -6.574790 0.48747881 0.05390101 0.87136037 0.01379147
1779360602.632808 10.844986 -0.204463 -6.435388 0.49185367 0.05858540 0.86855412 0.01616984
1779360602.904651 11.008510 -0.179029 -6.364648 0.50824817 0.07189998 0.85808953 0.01401984
1779360604.048556 11.572268 -0.137852 -6.306953 0.52525901 0.04878067 0.84918814 0.02455429
1779360604.455653 11.865645 -0.112430 -6.294438 0.54405577 0.06437691 0.83640450 0.01692436
1779360605.155041 12.156943 -0.102107 -6.371291 0.55359454 0.05733143 0.83033496 0.02810760
1779360605.721931 12.507414 -0.089047 -6.458955 0.56584403 0.05176858 0.82189912 0.04027881
1779360606.278896 13.007441 -0.053733 -6.489142 0.52689809 0.07453268 0.84643117 0.01943089
1779360606.510498 12.790733 -0.084677 -6.434360 0.50297295 0.03908819 0.86309545 0.02359183
1779360607.197258 13.653355 -0.035217 -6.477968 0.50629136 0.06172734 0.85984456 0.02293725
1779360608.037805 14.383959 0.024008 -6.544309 0.52319412 0.07141759 0.84909571 0.01428010
1779360608.335270 14.865624 0.001194 -6.716036 0.53616529 0.04898717 0.84209588 0.03164747
1779360609.445086 16.029292 0.047253 -6.978546 0.48035690 0.05773436 0.87496298 0.01907286
1779360609.732928 15.759802 0.028354 -6.908405 0.45648139 0.03322922 0.88897100 0.01584673
1779360610.148845 16.082878 0.053275 -7.046057 0.47961719 0.05682447 0.87539719 0.02044746
1779360611.832051 14.444812 0.023322 -6.476025 0.53575452 0.04837883 0.84280175 0.01765744
1779360614.571328 16.424601 0.141017 -6.921645 0.50762093 0.04803726 0.85976976 0.02844942
1779360614.571328 16.422979 0.142540 -6.908468 0.50782314 0.04808574 0.85964589 0.02850211
1779360624.834850 341.826321 11.503131 -80.019590 0.12917200 0.01448011 0.99138346 -0.01624041
1779360625.252805 614.429814 22.448065 -140.258685 0.11853519 0.02343331 0.99247773 -0.01970384
1779360626.450988 -89.295517 -4.015608 15.802174 -0.03045525 0.99851780 -0.02466308 -0.03776797
1779360627.046320 -50.894349 -2.567138 7.022788 -0.03949943 0.99855071 -0.01742732 0.03213353
1779360628.697346 -20.787390 -1.260960 1.378905 -0.06040556 0.97021376 -0.02994685 0.23267919
1779360631.929181 -8.511078 -0.654239 -0.682304 -0.07994382 0.91654127 0.00515110 0.39183485
1779360632.215234 -7.712302 -0.662253 -0.878202 -0.09035476 0.87276591 -0.02094154 0.47924642
1779360632.795377 -6.891873 -0.596946 -0.920284 -0.10353186 0.83151444 -0.01311210 0.54561246
1779360633.194836 -6.055119 -0.515807 -0.749893 -0.10910887 0.79393193 0.00629034 0.59810349
1779360633.483401 -5.485514 -0.528606 -0.992234 -0.08514201 0.82690801 0.00836298 0.55579136
1779360634.529748 -4.678238 -0.447118 -1.000344 -0.10549480 0.78654782 0.00117786 0.60845047
1779360634.926343 -4.504402 -0.389288 -0.904438 -0.12695719 0.73921056 -0.00727117 0.66135977
1779360636.347006 -3.663636 -0.313195 -0.794407 -0.12340195 0.69918712 -0.00402819 0.70419678
1779360636.581352 -4.229598 -0.367190 -0.742589 -0.12432958 0.58786204 -0.00951517 0.79929334
1779360636.807454 -3.684397 -0.321308 -0.650518 -0.11083027 0.54869706 -0.00445085 0.82863042
1779360637.062928 -3.351632 -0.351928 -0.744875 -0.09983903 0.59698613 -0.00445171 0.79600245
1779360637.062928 -3.351722 -0.351967 -0.745222 -0.09975495 0.59606669 -0.00442417 0.79670187
1779360637.289532 -3.373200 -0.354072 -0.804657 -0.08314793 0.70703592 0.01341142 0.70214440
1779360638.016551 -3.361560 -0.356361 -0.779061 -0.10494761 0.61469854 -0.01337702 0.78163467
1779360638.265215 -3.232029 -0.345705 -0.762272 -0.10922370 0.44149828 -0.01472592 0.89046763
1779360638.462227 -2.998818 -0.313187 -0.709649 -0.11913761 0.39833925 -0.01628808 0.90932215
1779360638.744439 -2.910438 -0.301934 -0.635203 -0.09754038 0.44197814 0.00838846 0.89166745
1779360638.888410 -3.000532 -0.320316 -0.678136 -0.09140678 0.47880569 0.00518331 0.87313404
1779360639.025767 -2.791045 -0.292401 -0.642346 -0.09156278 0.55136852 0.02914001 0.82870977
1779360639.169854 -2.603308 -0.275866 -0.612511 -0.08864868 0.61197910 0.03149660 0.78525853
1779360639.310243 -2.462838 -0.260007 -0.596805 -0.08617640 0.64257184 0.00200571 0.76136131
1779360639.591980 -2.482474 -0.260554 -0.617450 -0.10046922 0.67610972 0.01144673 0.72982913
1779360640.159460 -2.108086 -0.229780 -0.593582 -0.10618403 0.63599528 -0.01154267 0.76426548
1779360641.279829 -1.651842 -0.191391 -0.519126 -0.10123338 0.61120955 -0.00064917 0.78496768
1779360641.844816 -1.488428 -0.175473 -0.478589 -0.10752916 0.56240198 -0.00611274 0.81981957
1779360642.263985 -1.333668 -0.161390 -0.417511 -0.11371463 0.54242151 -0.00658973 0.83234876
1779360643.101967 -1.108987 -0.134316 -0.341993 -0.10760768 0.53266888 -0.00192368 0.83945265
1779360644.179386 -0.832924 -0.104219 -0.249641 -0.10145033 0.51153121 0.00163616 0.85325317
1779360644.179386 -0.832894 -0.104197 -0.249711 -0.10132412 0.51072111 0.00169308 0.85375319
1779360644.444340 -0.800989 -0.101582 -0.232835 -0.09735799 0.48169022 0.00042256 0.87091663
1779360645.845407 -0.594630 -0.074450 -0.125512 -0.08920747 0.46427793 -0.01274255 0.88109345
1779360646.828389 -0.506303 -0.058049 -0.071430 -0.08742093 0.49680565 0.00800927 0.86341044
1779360647.389873 -0.418184 -0.044371 -0.029668 -0.09809105 0.46188664 0.00072550 0.88149779
1779360647.530184 -0.412529 -0.045788 -0.020631 -0.08592449 0.42741199 -0.00524846 0.89994913
1779360647.764751 -0.414851 -0.040344 0.017128 -0.10780153 0.36785521 -0.02133265 0.92336682
1779360647.881453 -0.354084 -0.030232 0.037302 -0.08684880 0.30401443 -0.01020638 0.94864553
1779360648.021495 -0.414143 -0.039653 0.042097 -0.09158137 0.26379736 -0.00928888 0.96017578
1779360648.462678 -0.365046 -0.016724 0.153632 -0.08571844 0.23308336 0.01277926 0.96858721
1779360649.584312 -0.323049 0.000842 0.283404 -0.08159738 0.21275025 0.00917679 0.97365034
1779360649.848040 -0.289015 0.015506 0.317985 -0.08607340 0.15446692 0.02439435 0.98393915
1779360650.128605 -0.337020 0.016428 0.371812 -0.08883596 0.15476701 0.00791135 0.98391705
1779360650.267861 -0.339651 0.023317 0.428326 -0.08291947 0.13799700 -0.00128517 0.98695468
1779360650.558629 -0.334043 0.022637 0.430350 -0.08298633 0.04744542 -0.00212999 0.99541834
1779360651.119411 -0.326268 0.032985 0.506252 -0.08262785 0.02691220 -0.00465022 0.99620618
1779360651.253145 -0.285840 0.037157 0.517464 -0.07423174 0.07788942 0.00577053 0.99417785
1779360651.253145 -0.284025 0.037041 0.518203 -0.07418750 0.07704054 0.00570813 0.99424765
1779360651.533144 -0.280092 0.037227 0.527636 -0.06519385 0.12014709 0.02768155 0.99022632
1779360651.675974 -0.272985 0.038394 0.533628 -0.07885292 0.13050982 0.01793421 0.98814360
1779360652.795575 -0.199497 0.061137 0.687926 -0.07848048 0.18096560 0.02072629 0.98013401
1779360653.367168 -0.176927 0.071390 0.756261 -0.08291456 0.16889344 -0.00165920 0.98213921
1779360653.792560 -0.179266 0.081775 0.819604 -0.09007437 0.14123466 0.00073522 0.98586958
1779360654.341921 -0.124334 0.086603 0.843980 -0.08405377 0.18376676 0.02535925 0.97904119
1779360654.483919 -0.106374 0.083202 0.860588 -0.08389862 0.22767198 0.02254544 0.96985473
1779360654.762695 -0.078481 0.083530 0.853126 -0.08590861 0.26802745 0.01759536 0.95941201
1779360656.036179 0.002907 0.097295 0.930051 -0.09401085 0.35429436 -0.00486939 0.93038366
1779360656.172079 0.024874 0.100130 0.946715 -0.09349569 0.37708890 0.01042725 0.92138688
1779360656.551486 0.041274 0.101068 0.946702 -0.09057777 0.39597515 -0.01479587 0.91366319
1779360657.244587 0.155705 0.118076 1.015817 -0.09902679 0.44338124 -0.02436453 0.89051285
1779360657.396453 0.197250 0.126920 1.031879 -0.09576444 0.46736091 0.00504504 0.87885010
1779360657.931288 0.228920 0.134415 1.056670 -0.10349236 0.49478723 -0.02137152 0.86256489
1779360658.355295 0.372226 0.149923 1.097363 -0.09938173 0.53535346 -0.02844766 0.83827840
1779360658.505732 0.379248 0.135081 1.054344 -0.08488707 0.60968008 -0.01166230 0.78800278
1779360658.505732 0.379248 0.135081 1.054344 -0.08488707 0.60968008 -0.01166230 0.78800278
1779360658.646076 0.348593 0.131803 1.066982 -0.09831827 0.63118579 -0.02553691 0.76895115
1779360658.776483 0.347164 0.136762 1.066903 -0.09818950 0.65594705 -0.04416306 0.74708896
1779360658.876599 0.364481 0.134212 1.059480 -0.07030162 0.67407696 -0.00374558 0.73529852
1779360658.996879 0.434109 0.132094 1.037470 -0.07996929 0.69183650 -0.01259111 0.71750166
1779360659.124975 0.357386 0.133028 1.056710 -0.09491312 0.71139939 -0.04471197 0.69491241
1779360659.269088 0.440355 0.131618 1.017228 -0.06304369 0.73398314 -0.01223767 0.67612461
1779360659.434393 0.520015 0.132462 1.002091 -0.07138079 0.75299363 -0.02121539 0.65380064
1779360659.829989 0.632619 0.129421 0.894044 -0.08763862 0.76527368 -0.03352726 0.63682932
1779360659.981650 0.571181 0.134229 0.955397 -0.09868380 0.75616915 -0.04638019 0.64522756
1779360660.108942 0.537158 0.129894 0.967047 -0.10526367 0.73135061 -0.05170283 0.67184274
1779360660.251370 0.609691 0.134303 0.922183 -0.11724226 0.70350464 -0.05356853 0.69890335
1779360660.390298 0.657512 0.130926 0.922006 -0.11924167 0.67286613 -0.05739899 0.72783099
1779360660.541802 0.670462 0.146209 0.951242 -0.12691115 0.65343910 -0.05932644 0.74390273
1779360660.670648 0.738295 0.139428 0.927227 -0.12103643 0.64070890 -0.05396366 0.75626068
1779360660.959249 0.814821 0.136305 0.924414 -0.10686367 0.62774857 -0.03784328 0.77011673
1779360661.654224 0.903971 0.150617 0.926222 -0.08808644 0.64348009 -0.01703717 0.76018675
1779360661.654224 0.903971 0.150617 0.926222 -0.08808644 0.64348009 -0.01703717 0.76018675
1779360662.075155 0.829977 0.150179 0.938251 -0.09742700 0.66273332 -0.03584392 0.74162507
1779360662.213615 0.913714 0.143439 0.908783 -0.09263237 0.67882305 -0.04718734 0.72690568
1779360662.357665 1.129609 0.145619 0.792663 -0.08687164 0.69027442 -0.02228292 0.71796798
1779360663.764163 1.548526 0.135021 0.584272 -0.10491201 0.70110061 -0.04436864 0.70390541
1779360664.328102 1.697329 0.164348 0.682013 -0.10462937 0.68234827 -0.04262020 0.72224445
1779360665.450886 2.044500 0.167200 0.520809 -0.08382845 0.70402766 -0.02040213 0.70491248
1779360667.274890 2.349974 0.157766 0.341105 -0.09950543 0.72209435 -0.04849671 0.68288102
1779360667.556837 2.301226 0.152970 0.268111 -0.09701337 0.73139439 -0.03601486 0.67405755
1779360668.681936 2.448576 0.148815 0.218109 -0.10044787 0.77606329 -0.05184168 0.62044213
1779360668.822558 2.447991 0.152058 0.247063 -0.09473962 0.83877033 -0.06578874 0.53212835
1779360668.963507 2.397933 0.175750 0.148214 -0.09051330 0.91448285 -0.05576682 0.39040814
1779360669.101597 2.383729 0.152705 0.179698 -0.06163736 0.96524775 -0.06063499 0.24661915
1779360669.241168 2.345255 0.143406 0.156580 -0.05196925 0.98668354 -0.06270816 0.14079232
1779360669.382732 2.241862 0.137737 0.162914 -0.05306440 0.99133873 -0.06006533 0.10403770
1779360669.664903 2.288069 0.160472 0.135295 -0.06575083 0.99534489 -0.06850765 0.01649457
1779360670.928549 2.288255 0.109194 0.025962 -0.02846847 0.99750585 -0.06137201 -0.02012703
1779360670.928549 2.288255 0.109194 0.025962 -0.02846847 0.99750585 -0.06137201 -0.02012703
1779360671.225319 2.290102 0.107555 0.014059 -0.03427805 0.99528287 -0.06985169 -0.05794620
1779360672.331819 2.300034 0.086223 -0.132645 -0.03142315 0.99423115 -0.06411544 -0.08003889
1779360673.737971 2.327453 0.070813 -0.285970 -0.04736981 0.99674034 -0.05732587 -0.03128147
1779360673.877775 2.338695 0.074063 -0.270420 -0.05483598 0.99637149 -0.06057793 0.02381545
1779360674.044068 2.352169 0.072828 -0.284536 -0.07353991 0.99192277 -0.05467171 0.08770465
1779360674.163239 2.354595 0.078567 -0.263078 -0.06746004 0.98786897 -0.04969371 0.13074620
1779360674.446548 2.348250 0.076266 -0.264678 -0.07065804 0.97839834 -0.04927902 0.18792473
1779360675.010414 2.389362 0.068933 -0.301101 -0.05953236 0.97290606 -0.05519801 0.21647833
1779360675.296369 2.404761 0.065717 -0.360356 -0.06576947 0.97917244 -0.05614993 0.18369239
1779360675.434676 2.394972 0.066704 -0.355893 -0.06258618 0.98773618 -0.05459388 0.13221088
1779360675.569457 2.399938 0.060434 -0.374594 -0.03805654 0.99523734 -0.06069010 0.06611385
1779360675.708457 2.384111 0.062798 -0.350124 -0.03804586 0.99680053 -0.06317151 0.03083128
1779360675.986690 2.389443 0.057441 -0.374289 -0.05480079 0.99546104 -0.07740018 -0.00796274
1779360676.269435 2.386759 0.054992 -0.397763 -0.05634978 0.99481938 -0.07094823 -0.04610262
1779360676.410215 2.371422 0.055344 -0.391850 -0.06246385 0.99178534 -0.07308180 -0.08437514
1779360676.549345 2.361891 0.054630 -0.410658 -0.04621352 0.98669293 -0.06873880 -0.13991549
1779360676.549345 2.361891 0.054630 -0.410658 -0.04621352 0.98669293 -0.06873880 -0.13991549
1779360676.688358 2.346315 0.054516 -0.407506 -0.04862764 0.97822720 -0.06634686 -0.19053870
1779360676.828426 2.306231 0.053351 -0.385833 -0.04303662 0.97499637 -0.06991596 -0.20649864
1779360677.265322 2.282743 0.053315 -0.375901 -0.03514837 0.96872254 -0.06783842 -0.23609146
1779360677.684336 2.217677 0.053172 -0.337374 -0.03514588 0.96536998 -0.07035095 -0.24874950
1779360678.092326 2.147936 0.057014 -0.295646 -0.02659318 0.95768104 -0.07723900 -0.27599632
1779360678.381584 2.074747 0.055928 -0.268305 -0.00027240 0.95372481 -0.06139973 -0.29434500
1779360679.361377 2.105568 0.050641 -0.299544 -0.02901820 0.95038822 -0.06543568 -0.30271827
1779360679.652159 2.147909 0.054138 -0.318184 -0.02388287 0.95955045 -0.07214154 -0.27108698
1779360679.778959 2.192860 0.056295 -0.326886 -0.01822668 0.96338375 -0.07458923 -0.25689684
1779360679.922654 2.224116 0.056883 -0.336912 -0.00877721 0.96539359 -0.07803508 -0.24869400
1779360680.201557 2.272020 0.056730 -0.364365 -0.01699996 0.96760851 -0.07091891 -0.24169254
1779360681.608377 2.217997 0.058492 -0.323562 -0.02228748 0.96623105 -0.06630875 -0.24799996
1779360681.888910 2.139969 0.056242 -0.297009 -0.02325478 0.96697406 -0.06618923 -0.24502932
1779360682.168108 2.128289 0.052569 -0.295656 -0.03901427 0.95492106 -0.06215594 -0.28764614
1779360682.734116 2.181344 0.056183 -0.312610 -0.02279699 0.96539392 -0.06873983 -0.25053883
