1778055838.69495797 0.00000000 0.00000000 0.00000000 0.00000000 0.00000000 0.00000000 1.00000000
1778055841.35643291 0.00050763 -0.00268740 0.03575577 0.01548264 -0.00327310 0.00920958 0.99983237
1778055841.64074206 -0.00132179 -0.00191332 0.07314445 0.00998993 -0.00840512 0.00284802 0.99991072
1778055841.91728902 -0.00134522 -0.00559294 0.12693688 -0.00397143 -0.00791423 -0.00695530 0.99993661
1778055842.19513988 -0.00214520 -0.00630259 0.17373706 0.01171714 -0.01217264 -0.00157999 0.99985601
1778055842.33252692 -0.00173579 -0.00874266 0.20790438 0.00235706 -0.00686702 -0.01072057 0.99991618
1778055842.47756910 -0.00197459 -0.00908138 0.22446507 0.01624379 0.00065294 0.00475553 0.99985654
1778055842.75678802 -0.00184081 -0.01199633 0.26153716 0.00545529 0.00051680 -0.00719957 0.99995907
1778055843.03253388 0.00339826 -0.01380203 0.30270749 0.01152318 -0.01102412 0.00287494 0.99986870
1778055843.31883192 -0.00575752 -0.01588240 0.36713157 -0.00054737 -0.00868105 0.00600855 0.99994412
1778055843.59975195 -0.01060550 -0.01622087 0.41390398 0.00123928 -0.00226953 -0.01786759 0.99983702
1778055844.01519299 0.00030694 -0.01973181 0.44825205 -0.00672356 -0.06687335 -0.01884796 0.99756078
1778055844.15321994 0.00154962 -0.01742371 0.46328622 -0.00294981 -0.14227441 -0.02621548 0.98947564
1778055844.29508710 -0.01468370 -0.01960501 0.49143407 0.01621987 -0.22137076 -0.03794551 0.97431619
1778055844.44155002 -0.01637981 -0.01740336 0.52095425 0.01779536 -0.27573228 -0.03971587 0.96024876
1778055844.72345209 -0.03234052 -0.01873356 0.53063252 0.02696909 -0.27246074 -0.01255340 0.96170693
1778055845.00176191 -0.04473076 -0.01917592 0.52262852 0.01756510 -0.29931376 -0.02087177 0.95376470
1778055845.00176191 -0.04473076 -0.01917592 0.52262852 0.01756510 -0.29931376 -0.02087177 0.95376470
1778055845.14270997 -0.07316793 -0.01657643 0.53756085 0.02196948 -0.34226073 -0.01997357 0.93913577
1778055845.28591394 -0.08404818 -0.01760699 0.55303251 0.01888008 -0.35963908 -0.03437110 0.93226708
1778055845.56454802 -0.11972938 -0.01383602 0.57688844 0.00615379 -0.38083535 -0.02786151 0.92420252
1778055845.70927191 -0.13866014 -0.01833723 0.59037377 0.01420214 -0.39629295 -0.02967447 0.91753454
1778055846.26703811 -0.18173892 -0.02060421 0.63095836 0.02308101 -0.40082489 -0.02402859 0.91554864
1778055846.68503499 -0.20751855 -0.02289690 0.65419523 0.03148690 -0.43808294 -0.02631115 0.89799757
1778055847.10648298 -0.24387956 -0.02099053 0.67977800 0.01857649 -0.42520952 -0.02051408 0.90467174
1778055847.24639392 -0.23305161 -0.02320453 0.67025371 0.01386580 -0.38895370 -0.02593271 0.92078784
1778055847.38347411 -0.22858439 -0.02617950 0.70503531 0.01431785 -0.35164651 -0.02240335 0.93575522
1778055847.52541089 -0.22934647 -0.02378993 0.71359864 0.00279733 -0.29465310 0.00159253 0.95559887
1778055847.80441999 -0.25584121 -0.02594941 0.74024418 0.01857800 -0.27864302 -0.00011219 0.96021504
1778055848.09271097 -0.25967497 -0.02867871 0.76271599 0.00711456 -0.26305847 -0.03370668 0.96416466
1778055848.22307205 -0.24840507 -0.03450095 0.76863804 0.01151716 -0.21637712 -0.03933990 0.97544896
1778055848.36435294 -0.24084918 -0.03668239 0.75524519 0.01471065 -0.11757637 -0.03315954 0.99240105
1778055848.52230096 -0.24873042 -0.03409104 0.79730389 0.00245006 -0.07948562 -0.03465503 0.99623043
1778055848.78193498 -0.23933875 -0.03742111 0.81078734 0.01705348 -0.08488521 -0.02251636 0.99599031
1778055848.78193498 -0.23933875 -0.03742111 0.81078734 0.01705348 -0.08488521 -0.02251636 0.99599031
1778055848.92352796 -0.24290445 -0.03674393 0.81882085 0.01059698 -0.06164263 -0.01907951 0.99785964
1778055849.61892509 -0.24971311 -0.03961625 0.86206071 0.02807271 -0.05069071 -0.02072022 0.99810473
1778055849.90448308 -0.25379737 -0.04017252 0.88094851 0.03015371 0.00170094 -0.03053648 0.99907727
1778055850.47087693 -0.25731320 -0.04130296 0.92719416 0.00117199 0.05101524 -0.02563337 0.99836817
1778055850.88615203 -0.25810103 -0.04397971 0.97011574 0.03208420 0.05122248 -0.02066291 0.99795787
1778055851.15998101 -0.25783449 -0.04538455 1.02000606 0.00498477 0.04831936 -0.01222592 0.99874467
1778055851.44816494 -0.25785721 -0.04614094 1.07820890 -0.01396090 0.01211096 -0.01666388 0.99969032
1778055851.58480692 -0.26179834 -0.05002281 1.10968179 -0.01360093 -0.05453759 -0.08271392 0.99498697
1778055851.73073292 -0.26712441 -0.04898308 1.13740827 0.00760533 -0.07681968 -0.09039324 0.99290984
1778055851.86758995 -0.26817388 -0.04888094 1.14881749 -0.02282882 -0.06823060 -0.06212098 0.99547196
1778055852.14942288 -0.27032958 -0.05119496 1.16001470 0.01243545 -0.06837330 -0.01681952 0.99744050
1778055852.57612991 -0.28352436 -0.05429790 1.23485476 0.00162165 -0.07114716 -0.01679761 0.99732306
1778055852.84491110 -0.29545599 -0.05526098 1.29027590 0.00560926 -0.07683935 -0.02837406 0.99662388
1778055853.12541699 -0.30218858 -0.05654965 1.32494979 0.01951031 -0.07686802 -0.03877299 0.99609603
1778055853.27269697 -0.30807068 -0.05819916 1.35474263 0.02603877 -0.02543199 -0.04757939 0.99820409
1778055853.54782391 -0.31057654 -0.05875305 1.37850535 0.02212375 -0.02211055 -0.03219661 0.99899201
1778055853.54782391 -0.31057654 -0.05875305 1.37850535 0.02212375 -0.02211055 -0.03219661 0.99899201
1778055853.83040595 -0.31534867 -0.05956667 1.41515724 0.01463898 -0.02923484 -0.01852043 0.99929376
1778055853.96781301 -0.31881611 -0.06032425 1.43941969 -0.00039146 -0.02509892 -0.02967391 0.99924439
1778055854.25939012 -0.32370694 -0.06190335 1.48374415 0.02584279 -0.03354436 -0.02235484 0.99885294
1778055854.39561796 -0.32792638 -0.06305962 1.50937936 0.00091489 -0.02642797 -0.03252938 0.99912090
1778055854.66513610 -0.33198206 -0.06440011 1.55930639 0.00179905 -0.03867060 -0.03704929 0.99856332
1778055854.81075191 -0.33661439 -0.06548243 1.58472105 0.00696896 -0.03608732 -0.03509157 0.99870803
1778055855.23268890 -0.34262154 -0.06789197 1.62720706 0.00525438 -0.04104284 -0.03358614 0.99857891
1778055855.80460310 -0.35147054 -0.06834564 1.67482894 0.01474834 -0.04114988 -0.04021693 0.99823433
1778055856.35088205 -0.35828629 -0.07106634 1.72580447 0.01225738 -0.02491063 -0.03157377 0.99911577
1778055856.63402796 -0.35591950 -0.07223134 1.73552440 0.01754682 0.00730399 -0.03844253 0.99908004
1778055856.77028608 -0.33584079 -0.07249303 1.73904185 0.01872746 0.02793559 -0.04424008 0.99845466
1778055856.91023111 -0.33111858 -0.07091386 1.75461374 0.01275006 0.04951520 -0.02694029 0.99832855
1778055857.47318506 -0.32846934 -0.07541953 1.81665503 0.01874764 0.03480436 -0.03708716 0.99852978
1778055857.89200592 -0.32951593 -0.07813212 1.85165286 0.01937124 0.02534965 -0.03336771 0.99893380
1778055858.16846490 -0.33262933 -0.07832010 1.87383630 0.02171242 0.02121462 -0.03025612 0.99908112
1778055858.44910312 -0.30850956 -0.08444595 1.87723813 0.01239174 0.01947357 -0.03766741 0.99902372
1778055858.44910312 -0.30850956 -0.08444595 1.87723813 0.01239174 0.01947357 -0.03766741 0.99902372
1778055858.58784199 -0.30004834 -0.08479855 1.87734712 0.00159109 0.05870912 -0.04159480 0.99740693
1778055858.72859907 -0.28852262 -0.08535867 1.88272542 0.00501111 0.11606968 -0.04034161 0.99240882
1778055858.86934710 -0.26595948 -0.08732370 1.89662573 0.01003821 0.14991254 -0.01835381 0.98847792
1778055859.29658699 -0.25520198 -0.08852008 1.92694083 0.01104544 0.13728298 -0.02544165 0.99014348
1778055859.57942891 -0.25233284 -0.08958376 1.94265635 0.00636409 0.15248123 -0.04987139 0.98702676
1778055859.71594691 -0.24963160 -0.08893861 1.95227682 0.00145510 0.19006976 -0.04880874 0.98055549
1778055859.85064101 -0.23439912 -0.09021638 1.96038830 0.00600517 0.22891431 -0.04065845 0.97257856
1778055859.98876095 -0.21952983 -0.09188097 1.98476873 0.01233878 0.24840261 -0.02669999 0.96821021
1778055860.41574097 -0.20679942 -0.09495241 2.02051345 0.01520422 0.25162197 -0.03985409 0.96688514
1778055860.68678188 -0.19985321 -0.09513316 2.03738163 0.01661375 0.25375964 -0.03150053 0.96661148
1778055860.96430707 -0.19302849 -0.09541605 2.04920462 0.00859517 0.26728990 -0.03943170 0.96277068
1778055861.10693908 -0.19268546 -0.09436652 2.05020116 0.01064567 0.29893276 -0.03027075 0.95373453
1778055861.24664807 -0.18248998 -0.09514456 2.06919768 0.01570735 0.32970302 -0.02935552 0.94349746
1778055861.67505288 -0.17900028 -0.09704225 2.07351762 0.00811140 0.27977052 -0.05418180 0.95850248
1778055861.81453800 -0.16494489 -0.09830182 2.09500146 0.00758889 0.25831082 -0.05222279 0.96461946
1778055862.08905602 -0.16028693 -0.09843732 2.11368522 0.00216927 0.24310035 -0.04372680 0.96901263
1778055862.08905602 -0.16028693 -0.09843732 2.11368522 0.00216927 0.24310035 -0.04372680 0.96901263
1778055862.22992301 -0.15763184 -0.10001849 2.12032934 0.00817110 0.22307562 -0.05212891 0.97337201
1778055862.65240788 -0.14717961 -0.10083160 2.14084034 0.01056475 0.25721807 -0.03899939 0.96550831
1778055863.06592393 -0.13512382 -0.10211442 2.16317379 0.01765442 0.25417478 -0.02328206 0.96671684
1778055863.20989203 -0.12794907 -0.10200406 2.17603171 -0.00377897 0.25470638 -0.03018631 0.96653979
1778055863.63035297 -0.10658507 -0.10388671 2.22004252 -0.01576085 0.25313603 -0.03173661 0.96678153
1778055863.76818395 -0.09882761 -0.10571577 2.24012121 -0.00110361 0.25074583 -0.03465774 0.96743173
1778055864.05234194 -0.08648726 -0.10639243 2.26121852 -0.01806037 0.25479321 -0.03694115 0.96612090
1778055864.47026205 -0.06696336 -0.10842733 2.30625833 -0.00632930 0.25484575 -0.04190920 0.96605238
1778055864.75257111 -0.05693016 -0.11257890 2.33424895 -0.00290238 0.25816960 -0.03079709 0.96560425
1778055865.16940808 -0.05064752 -0.11325589 2.35462149 -0.00217951 0.26192342 -0.02727599 0.96470068
1778055865.32111096 -0.03891947 -0.11320489 2.36013512 -0.00809079 0.27094084 -0.03833980 0.96179814
1778055865.44943690 -0.01861408 -0.11355870 2.36696775 -0.00333787 0.28728333 -0.03231959 0.95729441
1778055865.86760306 -0.00492594 -0.11434892 2.38260064 -0.00245630 0.28877381 -0.03289733 0.95682883
1778055866.00493693 0.00726392 -0.11417756 2.38184805 -0.01099789 0.30049023 -0.04702146 0.95256163
1778055866.14454699 0.02545089 -0.11602155 2.37342151 -0.01127546 0.29924135 -0.03896741 0.95331475
1778055866.29155207 0.04194789 -0.11839955 2.36600517 -0.00412096 0.30017300 -0.01923520 0.95368191
1778055866.29155207 0.04194789 -0.11839955 2.36600517 -0.00412096 0.30017300 -0.01923520 0.95368191
1778055866.71525407 0.04557954 -0.11855883 2.36905829 0.00012334 0.30905492 -0.02401007 0.95074106
1778055867.00170803 0.04833593 -0.11886409 2.37295806 -0.00142583 0.32694501 -0.02685995 0.94466050
1778055867.12770200 0.07334079 -0.12157118 2.37779931 -0.00184850 0.35174434 -0.03138031 0.93556816
1778055867.27005291 0.08268845 -0.12212034 2.37087234 -0.01378885 0.39457004 -0.03010141 0.91826917
1778055867.41259408 0.10835443 -0.11986208 2.37673641 -0.01408589 0.43032092 -0.02030353 0.90233766
1778055867.82420707 0.15520910 -0.12136702 2.39692752 -0.01387048 0.42679415 -0.03490107 0.90356864
1778055868.10647297 0.16523167 -0.12263847 2.41156881 -0.01617513 0.44390875 -0.04080351 0.89499635
1778055868.24322891 0.17834273 -0.12507786 2.40520679 -0.00354522 0.47161568 -0.02716422 0.88137857
1778055868.38446498 0.20686549 -0.12612745 2.40796286 -0.00883871 0.51238588 -0.03202814 0.85811234
1778055868.52946901 0.25483599 -0.12907500 2.40346761 -0.01659222 0.55283771 -0.03586644 0.83235134
1778055868.81172395 0.26262316 -0.12696934 2.42078966 -0.00880000 0.56528324 -0.02368501 0.82450982
1778055869.22437310 0.30450495 -0.13008963 2.43224044 -0.01359804 0.56394477 -0.04150439 0.82465676
1778055869.50294900 0.36849952 -0.13249005 2.44232309 -0.02075101 0.56150135 -0.02590380 0.82680991
1778055869.92227888 0.47067288 -0.13233750 2.48036357 -0.02835390 0.56780468 -0.01776170 0.82248309
1778055870.20653605 0.52609448 -0.13573335 2.49879296 -0.01411068 0.56739686 -0.02884858 0.82281800
1778055870.34845901 0.56192636 -0.13749849 2.50251291 -0.02980121 0.57192913 -0.02284781 0.81944306
1778055870.34845901 0.56192636 -0.13749849 2.50251291 -0.02980121 0.57192913 -0.02284781 0.81944306
1778055870.90582299 0.64066337 -0.13835975 2.52235824 -0.01348109 0.57422102 -0.02677415 0.81815135
1778055871.32248402 0.71485301 -0.14030606 2.54000637 -0.01872222 0.57138913 -0.01482212 0.82033179
1778055871.60243011 0.76273170 -0.14200337 2.55268090 -0.01896396 0.57188308 -0.03994650 0.81914247
1778055871.74343300 0.78572075 -0.14419206 2.55806292 -0.01231453 0.56798552 -0.02635613 0.82252426
1778055872.02447009 0.83034739 -0.14458317 2.57253587 -0.01917658 0.56678136 -0.02141494 0.82336659
1778055872.73231101 0.95533742 -0.14739867 2.61063160 -0.02009156 0.56180280 -0.03111956 0.82644148
1778055873.57045197 1.07536754 -0.15149929 2.64873867 -0.02360223 0.57709456 -0.02233087 0.81603072
1778055874.14001298 1.14269197 -0.15238483 2.65974566 -0.03522966 0.63389633 -0.02516258 0.77220539
1778055874.55398512 1.18640038 -0.15355980 2.66237875 0.02182299 0.63523398 -0.03103512 0.77138730
1778055874.69067502 1.20752809 -0.15390347 2.66352639 -0.02688354 0.64173004 -0.02112186 0.76616819
1778055875.10964394 1.26339763 -0.15518851 2.66618734 -0.01705376 0.67207591 -0.02973817 0.73968830
1778055875.53223395 1.29976494 -0.15629037 2.66272201 -0.02503616 0.66951308 -0.02598478 0.74192333
1778055875.96379209 1.35544345 -0.15853284 2.66328610 -0.03410588 0.66539255 -0.02200568 0.74538935
1778055876.22904205 1.39314841 -0.15922721 2.66521012 -0.01377102 0.66274932 -0.02830647 0.74817942
1778055876.51123810 1.44100610 -0.15927079 2.66480568 -0.02219759 0.66158858 -0.01500770 0.74938814
1778055876.79492092 1.45102775 -0.16292767 2.67257498 -0.04853225 0.60959342 -0.00255200 0.79122309
1778055876.79492092 1.45116767 -0.16286486 2.67257898 -0.04843189 0.60895750 -0.00330740 0.79171597
1778055876.92824101 1.45157160 -0.16253194 2.67446287 -0.09065506 0.57463241 -0.06133824 0.81105911
1778055877.07388401 1.45549829 -0.16190463 2.67560793 -0.06303656 0.56813795 -0.04690284 0.81917384
1778055877.34858298 1.46433786 -0.16205917 2.67600162 -0.05663942 0.56485886 -0.01907359 0.82302044
1778055877.63349795 1.46054528 -0.16282744 2.67532712 -0.04323068 0.55503463 -0.03042428 0.83014579
1778055877.91028190 1.45609279 -0.16285128 2.67404604 -0.03268886 0.57790255 -0.02865072 0.81494737
1778055878.05533791 1.46327828 -0.16383128 2.67534061 -0.03422092 0.60782662 -0.03196353 0.79268787
1778055878.32823205 1.46260485 -0.16246904 2.67250592 -0.03258169 0.62684505 -0.04164540 0.77734765
1778055878.61184502 1.48824752 -0.16331856 2.67658094 -0.01037172 0.63696716 -0.02464495 0.77042708
1778055879.17082691 1.54152651 -0.16289902 2.68340588 -0.02547827 0.59684312 -0.02579630 0.80153833
1778055879.31031489 1.56659296 -0.16143893 2.68700013 -0.03815708 0.57406071 -0.02968875 0.81738419
1778055879.74574089 1.59650892 -0.16261328 2.69723081 -0.02250174 0.57210372 -0.02715269 0.81942281
1778055879.87686706 1.61178191 -0.16275342 2.69793182 -0.02326949 0.59909876 -0.03007865 0.79977152
1778055880.29381108 1.68246935 -0.16264033 2.71286432 -0.02761898 0.59731287 -0.02334183 0.80119266
1778055880.57134390 1.73423265 -0.16158204 2.72356922 -0.03939629 0.57893146 -0.01809612 0.81422284
1778055880.85246205 1.78833430 -0.16306870 2.73568381 -0.02633629 0.57033213 -0.02197039 0.82069785
1778055881.13721108 1.83427806 -0.16375219 2.75233626 -0.03423691 0.57161857 -0.02285052 0.81948636
1778055881.13721108 1.83456705 -0.16363905 2.75235004 -0.03393153 0.57072831 -0.02366582 0.82009620
1778055881.41467500 1.88290983 -0.16222780 2.75344385 -0.02870079 0.60995737 -0.01570421 0.79175858
1778055881.82957292 1.94354292 -0.16577670 2.76469586 -0.02999164 0.60906358 -0.03990420 0.79154894
1778055882.10675311 2.00719170 -0.16360628 2.77150198 -0.01591616 0.60123382 -0.02843427 0.79840845
1778055882.39041710 2.07890588 -0.16524485 2.78070359 -0.03831342 0.60189320 -0.03126146 0.79704415
1778055882.52766109 2.08516496 -0.16582158 2.78526280 -0.01679402 0.62273743 -0.01821683 0.78203849
1778055882.94961691 2.14665024 -0.16598570 2.80552608 -0.02139292 0.57350878 -0.04218093 0.81783298
1778055883.08794999 2.17471015 -0.16556398 2.81356842 -0.03412261 0.57294340 -0.04005981 0.81790386
1778055883.23098207 2.17935218 -0.16566955 2.80022303 -0.02974243 0.62053247 -0.04628410 0.78224844
1778055883.37259412 2.17867287 -0.16671554 2.76446116 -0.02141189 0.67749398 -0.04448568 0.73386951
1778055883.51801109 2.21023725 -0.16783320 2.75473434 -0.02766963 0.71143509 -0.02086784 0.70189674
1778055884.07105994 2.28647270 -0.17144231 2.76126432 -0.05887093 0.65769275 -0.03097876 0.75034311
1778055884.21229196 2.32997903 -0.16999806 2.77080479 -0.06818312 0.64953297 -0.05553195 0.75523121
1778055884.49000692 2.35990556 -0.16885681 2.77726604 -0.05694234 0.63059448 -0.03956200 0.77300907
1778055884.63457894 2.40397022 -0.17145054 2.78715174 -0.02562889 0.62183680 -0.03786356 0.78181104
1778055885.05674911 2.45847668 -0.17241110 2.79481535 -0.02706238 0.62047725 -0.02634656 0.78331441
1778055885.20223403 2.47664375 -0.17071924 2.79316351 -0.01192793 0.61901950 -0.03600283 0.78445929
1778055885.20223403 2.47664375 -0.17071924 2.79316351 -0.01192793 0.61901950 -0.03600283 0.78445929
1778055885.33715701 2.50120200 -0.17161377 2.79758917 -0.03015756 0.62152956 -0.02830343 0.78229818
1778055885.61071801 2.54609312 -0.16990692 2.80597149 -0.02589492 0.62174930 -0.02593545 0.78235837
1778055885.89100099 2.60476870 -0.17589655 2.81161881 -0.01963101 0.61857534 -0.02830046 0.78497023
1778055886.03199410 2.64058702 -0.17303733 2.81857128 -0.03742182 0.62154165 -0.02742285 0.78200612
1778055886.17219710 2.66143578 -0.17299407 2.82514641 -0.02644946 0.62308796 -0.03444943 0.78094498
1778055886.44740295 2.69189609 -0.17763670 2.81474606 -0.03818983 0.62192147 -0.02987932 0.78157690
1778055886.59364009 2.69801505 -0.18211667 2.80618529 -0.03987991 0.66331803 -0.03686192 0.74636451
1778055886.72574592 2.70094697 -0.18209001 2.78684115 -0.02674941 0.69352256 -0.03769802 0.71895048
1778055886.88398290 2.70121541 -0.18385776 2.76860631 -0.03516342 0.72852625 -0.04837078 0.68240259
1778055887.00683689 2.72869160 -0.18527067 2.75143615 -0.03859750 0.74618672 -0.02378936 0.66419099
1778055887.43094611 2.75522756 -0.18561449 2.75152969 -0.03292406 0.75493241 -0.04033560 0.65373244
1778055887.85032701 2.78631442 -0.18720493 2.74584723 -0.02182010 0.78436282 -0.04165499 0.61851734
1778055888.27366304 2.84412225 -0.18667586 2.73246472 -0.03455626 0.78692170 -0.04195689 0.61465414
1778055888.40638900 2.84820834 -0.18647604 2.73051397 -0.04667407 0.80567931 -0.04614785 0.58870430
1778055888.54964089 2.85706585 -0.18583427 2.74019808 -0.04547527 0.83710901 -0.05452376 0.54240913
1778055888.68802094 2.88111221 -0.18663956 2.73281609 -0.03564631 0.84829670 -0.03955304 0.52683736
1778055888.68802094 2.88111221 -0.18663956 2.73281609 -0.03564631 0.84829670 -0.03955304 0.52683736
1778055888.97652793 2.88343929 -0.18784613 2.72447395 -0.04245264 0.87147334 -0.04010580 0.48695330
1778055889.11544490 2.90323046 -0.18861714 2.71587103 -0.03726672 0.88916226 -0.03745154 0.45453168
1778055889.39649391 2.91727556 -0.18997771 2.69818291 -0.02251858 0.89833472 -0.03878599 0.43701635
1778055889.81565905 2.95650986 -0.19116143 2.67001499 -0.03246563 0.90410236 -0.05291546 0.42278227
1778055889.95087099 2.95560040 -0.19222185 2.66291254 -0.02690381 0.92018213 -0.05309367 0.38693940
1778055890.09096098 2.97130450 -0.19636825 2.63322249 0.00102331 0.93420066 -0.04880804 0.35339192
1778055890.51335406 3.02671575 -0.19965565 2.58232957 -0.01283410 0.93096331 -0.03640345 0.36306665
1778055890.79943800 3.06580492 -0.19766284 2.55539003 -0.02621088 0.93497185 -0.03244689 0.35226103
1778055891.07976699 3.10141875 -0.20288982 2.50281806 -0.01642752 0.94079869 -0.04017059 0.33617598
1778055891.49205995 3.11067317 -0.20452328 2.48176008 -0.01262227 0.94307388 -0.04602906 0.32914078
1778055891.63641596 3.11108650 -0.20439910 2.46726370 -0.01138833 0.95714257 -0.03989899 0.28662952
1778055891.77128100 3.09251907 -0.20665882 2.45286536 -0.00929974 0.96716754 -0.04479895 0.24998703
1778055891.91595602 3.05893306 -0.21046421 2.43953117 0.00022263 0.97377022 -0.03913525 0.22414269
1778055892.05678105 3.08023210 -0.21282602 2.41158492 0.00558283 0.98485133 -0.02758753 0.17110118
1778055892.33367395 3.08041190 -0.21290398 2.40152451 -0.01434735 0.98408956 -0.03923675 0.17269152
1778055892.48409605 3.08784918 -0.21388061 2.40921123 -0.03426380 0.99098600 -0.02414025 0.12723985
1778055892.48409605 3.08784918 -0.21388061 2.40921123 -0.03426380 0.99098600 -0.02414025 0.12723985
1778055892.61843991 3.08438863 -0.21430981 2.40436499 -0.03552591 0.99573675 -0.03095013 0.07929891
1778055892.75257492 3.07582314 -0.21486465 2.37600100 -0.02449935 0.99868952 -0.03260904 0.03091412
1778055893.03709292 3.08170704 -0.21796904 2.34379097 0.00067305 0.99935485 -0.03175044 0.01677313
1778055893.31434894 3.08289470 -0.21829949 2.31802153 -0.01613393 0.99938203 -0.03122520 0.00049360
1778055893.74271703 3.08940745 -0.22088528 2.29466862 -0.01751328 0.99891034 -0.04200342 -0.01035049
1778055894.15823293 3.09723534 -0.22378345 2.26198992 -0.00407350 0.99959015 -0.02702413 -0.00852249
1778055894.29367208 3.09434955 -0.22352399 2.25329077 -0.01401579 0.99913980 -0.03156419 -0.02295463
1778055894.43718004 3.09886213 -0.22430634 2.24018597 -0.01152699 0.99825745 -0.02431014 -0.05251874
1778055895.13264394 3.10717062 -0.22981158 2.16768112 -0.01044737 0.99815550 -0.02876389 -0.05243174
1778055895.55629110 3.11244848 -0.23123236 2.12170244 -0.01636823 0.99762624 -0.03501996 -0.05698737
1778055895.83208799 3.11472846 -0.23288424 2.08496605 -0.01334389 0.99804012 -0.02182656 -0.05710919
1778055896.26121402 3.11910307 -0.23404510 2.06431287 -0.01815760 0.99807155 -0.02418807 -0.05420718
