1778055838.69495797 0.00000000 0.00000000 0.00000000 0.00000000 0.00000000 0.00000000 1.00000000
1778055842.33252692 0.00078645 -0.00818238 0.19153042 0.00198370 -0.00763831 -0.01013196 0.99991753
1778055842.61872101 0.00423530 -0.00919414 0.21879470 0.01568488 -0.00289420 0.00802544 0.99984059
1778055843.17412806 0.00426787 -0.01468438 0.30677027 0.00244113 -0.00611119 -0.00662364 0.99995641
1778055844.01519299 -0.00789606 -0.02015861 0.44792813 -0.00796859 -0.06018448 -0.01678927 0.99801425
1778055844.15321994 0.01148593 -0.01672831 0.45201357 -0.00404909 -0.14495399 -0.01955490 0.98923685
1778055844.29508710 -0.01251011 -0.01814166 0.48956243 0.01306164 -0.21612042 -0.02645011 0.97592098
1778055844.44155002 -0.02796121 -0.02113911 0.49822387 0.01244180 -0.27031459 -0.03343145 0.96211099
1778055845.14270997 -0.08734221 -0.02115238 0.56153699 0.01507629 -0.34931528 -0.01312368 0.93679203
1778055845.56454802 -0.12689556 -0.01798872 0.59617263 0.00001451 -0.39388695 -0.01881540 0.91896630
1778055846.12550807 -0.18309181 -0.02457222 0.63810134 0.01329026 -0.42409403 -0.02771916 0.90509628
1778055846.68503499 -0.21347597 -0.02858030 0.65427708 0.02508073 -0.44445845 -0.01918054 0.89524284
1778055847.24639392 -0.23450386 -0.03008906 0.68377480 0.00600923 -0.40155381 -0.01998022 0.91559774
1778055847.38347411 -0.23810569 -0.03259276 0.70323236 0.00412595 -0.35290980 -0.01766926 0.93548140
1778055847.52541089 -0.24525931 -0.02668710 0.70784163 -0.00182352 -0.30566109 0.01529383 0.95201579
1778055848.09271097 -0.25800473 -0.03211581 0.76198233 0.00128776 -0.29454338 -0.02941243 0.95518451
1778055848.22307205 -0.24429836 -0.03706811 0.75552210 0.00729900 -0.23964949 -0.03554890 0.97018097
1778055848.22307205 -0.24429836 -0.03706811 0.75552210 0.00729900 -0.23964949 -0.03554890 0.97018097
1778055848.36435294 -0.24440581 -0.03667479 0.76332933 0.01072763 -0.13201847 -0.02339617 0.99091304
1778055848.52230096 -0.26301133 -0.03525511 0.83768632 -0.00019991 -0.09037714 -0.02661282 0.99555195
1778055849.06144595 -0.28569556 -0.03592499 0.93272168 0.00051161 -0.06007761 -0.00575645 0.99817698
1778055849.90448308 -0.31013874 -0.04142046 1.02963962 0.02690981 -0.00574924 -0.01852592 0.99944965
1778055850.47087693 -0.32175870 -0.04402651 1.10214457 -0.00059118 0.03948857 -0.01447675 0.99911497
1778055851.58480692 -0.32783769 -0.05408335 1.42056223 -0.01261517 -0.05622097 -0.07036591 0.99585576
1778055852.84491110 -0.37976240 -0.06293613 1.71158037 0.00599574 -0.07347066 -0.01564361 0.99715665
1778055853.27269697 -0.40313781 -0.06596379 1.82643495 0.02150890 -0.03301085 -0.03406200 0.99864279
1778055853.83040595 -0.41353756 -0.06885030 1.92825199 0.01313666 -0.03322509 -0.00359751 0.99935508
1778055854.81075191 -0.45808644 -0.08074413 2.26037547 0.00678592 -0.02907939 -0.02080585 0.99933751
1778055856.63402796 -0.49828802 -0.08877700 2.55638389 0.01595371 0.03476034 -0.02312288 0.99900077
1778055856.77028608 -0.49943862 -0.09093085 2.53049414 0.00920077 0.07459088 -0.03078182 0.99669656
1778055857.61924911 -0.45968223 -0.09424185 2.70824187 0.01299447 0.05772021 -0.01698824 0.99810366
1778055858.58784199 -0.48592005 -0.08232627 2.76766918 -0.00256861 0.21376854 -0.02882309 0.97645565
1778055858.72859907 -0.52011364 -0.07483842 2.78591971 0.00320624 0.29279502 -0.02766879 0.95576945
1778055858.86934710 -0.44204730 -0.07851839 2.79609103 0.00526355 0.29859683 -0.00188197 0.95436298
1778055858.86934710 -0.44204730 -0.07851839 2.79609103 0.00526355 0.29859683 -0.00188197 0.95436298
1778055859.71594691 -0.40177401 -0.07904360 2.85977828 -0.00533556 0.34446946 -0.02975845 0.93831059
1778055859.85064101 -0.37442963 -0.07944742 2.88132748 0.00173847 0.38788696 -0.02159743 0.92145224
1778055860.82645702 -0.27955088 -0.08398311 2.96534845 0.00615679 0.39654506 -0.02311742 0.91770349
1778055861.10693908 -0.26800292 -0.08371201 2.97730541 0.00516594 0.44894792 -0.01719676 0.89337750
1778055861.39940095 -0.22513639 -0.08584871 2.99530598 0.01599564 0.47254142 -0.00709076 0.88113476
1778055861.67505288 -0.23767477 -0.08857475 2.98747278 0.00007254 0.42563835 -0.03858251 0.90407045
1778055861.81453800 -0.20470399 -0.08865080 3.02348355 0.00136839 0.39980587 -0.03343621 0.91598876
1778055862.36416698 -0.16593791 -0.08881649 3.06696314 0.00322757 0.37257846 -0.01514099 0.92787155
1778055863.20989203 -0.09770827 -0.09159555 3.13534760 -0.00344071 0.39907491 -0.01029544 0.91685407
1778055864.05234194 0.00335513 -0.09834190 3.24188462 -0.01541568 0.39925456 -0.01871574 0.91651944
1778055865.44943690 0.17930406 -0.10955254 3.39132155 -0.00257784 0.44215591 -0.01388224 0.89682707
1778055866.00493693 0.22599754 -0.11177085 3.38791049 -0.01392835 0.45638464 -0.02851197 0.88921658
1778055866.14454699 0.25093791 -0.11064557 3.37736396 -0.00593956 0.48049783 -0.02433015 0.87663824
1778055866.29155207 0.25412503 -0.10748389 3.37646094 0.00207260 0.50963178 -0.00575811 0.86037085
1778055867.00170803 0.28602296 -0.11060488 3.37911956 0.00049394 0.52782938 -0.01053860 0.84928490
1778055867.12770200 0.29149759 -0.10738566 3.36881352 0.00334397 0.54414148 -0.01700809 0.83881440
1778055867.12770200 0.29149759 -0.10738566 3.36881352 0.00334397 0.54414148 -0.01700809 0.83881440
1778055867.27005291 0.28437966 -0.10796539 3.36335175 -0.01229253 0.59164612 -0.01273466 0.80600347
1778055867.41259408 0.29595213 -0.10431090 3.35030480 -0.00861590 0.62293493 -0.00086203 0.78222573
1778055867.96760702 0.38575869 -0.10553592 3.34572480 -0.01135187 0.62102854 -0.01521537 0.78355803
1778055868.24322891 0.41589419 -0.10899124 3.32681190 -0.00042062 0.66807710 -0.01078538 0.74401377
1778055868.38446498 0.47728456 -0.10810471 3.30367921 -0.00798935 0.71178454 -0.01443854 0.70220401
1778055868.52946901 0.56531611 -0.10910913 3.27473962 -0.01979497 0.75089439 -0.01681949 0.65991126
1778055868.94537592 0.63217223 -0.11122214 3.25011668 -0.01101839 0.75550295 -0.01192413 0.65494405
1778055869.50294900 0.76230380 -0.11152219 3.22662735 -0.02038832 0.75670839 -0.00360017 0.65342465
1778055870.63196707 1.19069570 -0.11691224 3.12578621 -0.01152004 0.77195296 0.00160920 0.63557323
1778055871.60243011 1.47694203 -0.11916896 3.04850020 -0.02443706 0.76862801 -0.01354759 0.63908550
1778055872.02447009 1.61134866 -0.11839988 3.02823234 -0.01760018 0.76663221 0.00367028 0.64183473
1778055873.98683000 2.18108132 -0.13112078 2.85654980 -0.04367633 0.77779102 -0.01310083 0.62686672
1778055874.41651893 2.24019419 -0.13678267 2.84457652 -0.00271397 0.81003522 -0.00440635 0.58635839
1778055875.96379209 2.56067687 -0.13041942 2.69407843 -0.03136147 0.83700723 0.00519971 0.54626763
1778055876.79492092 2.76584683 -0.15670183 2.64061942 -0.03149240 0.78746206 0.03587861 0.61451156
1778055876.92824101 2.79039965 -0.14285052 2.62306565 -0.10045230 0.76817710 -0.02103552 0.63195790
1778055876.92824101 2.79039965 -0.14285052 2.62306565 -0.10045230 0.76817710 -0.02103552 0.63195790
1778055878.32823205 2.80339347 -0.14599551 2.60352982 -0.03471609 0.81472064 -0.01203105 0.57868846
1778055880.57134390 3.07068777 -0.15053405 2.51108270 -0.03441894 0.78284708 0.01815028 0.62099626
1778055881.69507289 3.27956538 -0.15018125 2.42324649 -0.02312452 0.80342363 0.01317003 0.59481281
1778055882.94961691 3.47660422 -0.15378113 2.35048431 -0.02661192 0.77965845 -0.00916208 0.62557218
1778055883.23098207 3.49666694 -0.15086120 2.32422758 -0.03485849 0.81335486 -0.00677045 0.58068315
1778055883.37259412 3.50071170 -0.14839551 2.29706553 -0.02763067 0.85604993 -0.00601233 0.51611909
1778055883.51801109 3.52113137 -0.14830291 2.29344529 -0.02618986 0.87899931 0.01435260 0.47588686
1778055884.07105994 3.59189011 -0.15573762 2.23438446 -0.06065506 0.84010127 0.01057452 0.53892392
1778055884.63457894 3.71356083 -0.15444280 2.17294253 -0.02681367 0.81587655 -0.00132672 0.57760257
1778055885.33715701 3.81789740 -0.15229299 2.12505431 -0.02870776 0.81827859 0.00786842 0.57405060
1778055886.17219710 3.94460514 -0.14595919 2.06560016 -0.03041017 0.81717472 0.00353193 0.57557642
1778055886.44740295 3.96834542 -0.14589504 2.04534464 -0.04357786 0.82522275 0.00796281 0.56306747
1778055886.59364009 4.00254781 -0.15201043 2.02481116 -0.04570540 0.85633014 0.00426347 0.51438462
1778055886.72574592 3.97297415 -0.14380293 2.02648389 -0.03460638 0.87800763 -0.00407071 0.47737661
1778055886.88398290 3.98546491 -0.14227315 2.01457063 -0.04396140 0.90670047 -0.01030765 0.41935118
1778055887.00683689 3.97050346 -0.14131371 1.99933851 -0.03492983 0.91320461 0.01213524 0.40582013
1778055887.00683689 3.97050346 -0.14131371 1.99933851 -0.03492983 0.91320461 0.01213524 0.40582013
1778055887.85032701 4.02542341 -0.14467859 1.94367324 -0.02387484 0.93600233 -0.00740506 0.35110511
1778055888.54964089 4.06749249 -0.14620944 1.87663817 -0.05088003 0.95893435 -0.00977929 0.27885568
1778055888.97652793 4.07985844 -0.14453957 1.83279843 -0.04979244 0.97170647 0.00224593 0.23087269
1778055889.39649391 4.10305381 -0.14573155 1.78011182 -0.02954975 0.98307600 -0.00000092 0.18079929
1778055889.95087099 4.12584163 -0.14618506 1.71935080 -0.03903892 0.99208369 -0.01257281 0.11869217
1778055890.09096098 4.12610595 -0.15005500 1.68105867 -0.00855755 0.99657772 -0.01558469 0.08072631
1778055890.79943800 4.16538023 -0.14975002 1.53590493 -0.03115052 0.99665116 0.00543595 0.07540924
1778055891.07976699 4.16969516 -0.15319363 1.46678802 -0.02507020 0.99842430 -0.00417061 0.05003004
1778055891.63641596 4.15800447 -0.15236373 1.42869320 -0.02101940 0.99961963 -0.00694062 -0.01645040
1778055891.77128100 4.12736558 -0.15411423 1.43968533 -0.01725924 0.99907228 -0.01021596 -0.03810943
1778055891.91595602 4.11249825 -0.15612752 1.45180820 -0.00623676 0.99387673 -0.01417839 -0.10940344
1778055892.05678105 4.12869376 -0.15584411 1.41280196 0.00299456 0.98084666 -0.01187945 -0.19439583
1778055892.48409605 4.14305379 -0.15670911 1.39609721 -0.03427351 0.96929592 0.00728233 -0.24338801
1778055892.61843991 4.12437914 -0.15837301 1.40620353 -0.03760817 0.96165204 0.00055686 -0.27168120
1778055892.75257492 4.12757484 -0.15773446 1.38572404 -0.02027278 0.93972618 -0.00609031 -0.34127207
1778055893.31434894 4.04437841 -0.16064060 1.34166812 -0.01281343 0.93807373 -0.00769183 -0.34611318
1778055893.31434894 4.04437841 -0.16064060 1.34166812 -0.01281343 0.93807373 -0.00769183 -0.34611318
1778055894.43718004 3.98801020 -0.16534233 1.26114512 -0.00660870 0.91476664 -0.00356823 -0.40391286
1778055895.83208799 3.86615578 -0.17000587 1.11964864 -0.00612279 0.91774104 0.00176451 -0.39712816
