# camera_optical trajectory from onboard odometry (NOT ground truth)
1778055838.694958 -0.451920 4.842617 0.296223 0.722086 -0.029204 0.033483 -0.690375
1778055838.842221 -0.451912 4.842614 0.296212 0.722091 -0.029212 0.033431 -0.690372
1778055838.972504 -0.451947 4.842659 0.296150 0.722144 -0.029194 0.033437 -0.690317
1778055839.114743 -0.451922 4.842641 0.296156 0.722136 -0.029234 0.033391 -0.690326
1778055839.250469 -0.451884 4.842684 0.296089 0.722195 -0.029265 0.033428 -0.690261
1778055839.392159 -0.452031 4.842691 0.296049 0.722225 -0.029118 0.033415 -0.690236
1778055839.543631 -0.452057 4.842719 0.296022 0.722248 -0.029099 0.033399 -0.690214
1778055839.676522 -0.452077 4.842784 0.295941 0.722329 -0.029077 0.033374 -0.690132
1778055839.819721 -0.452184 4.842783 0.295904 0.722332 -0.028968 0.033370 -0.690133
1778055839.954503 -0.452119 4.842792 0.295924 0.722322 -0.029035 0.033408 -0.690139
1778055840.091869 -0.452151 4.842766 0.295959 0.722302 -0.029003 0.033448 -0.690160
1778055840.230678 -0.452164 4.842801 0.295906 0.722347 -0.028990 0.033468 -0.690112
1778055840.370119 -0.452097 4.842860 0.295824 0.722423 -0.029058 0.033457 -0.690030
1778055840.514158 -0.452226 4.842895 0.295773 0.722479 -0.028932 0.033425 -0.689978
1778055840.655727 -0.451959 4.844037 0.296471 0.721933 -0.028964 0.033623 -0.690539
1778055840.791790 -0.450344 4.863059 0.297634 0.721247 -0.027902 0.036106 -0.691174
1778055840.932810 -0.445227 4.911012 0.289167 0.729362 -0.027264 0.033551 -0.682761
1778055841.075280 -0.439722 4.986151 0.291777 0.720863 -0.034804 0.018835 -0.691947
1778055841.214912 -0.427099 5.089965 0.313617 -0.704264 0.031740 -0.023708 0.708832
1778055841.356433 -0.416236 5.196082 0.310149 0.711818 -0.021379 0.039724 -0.700914
1778055841.515046 -0.412070 5.350937 0.307520 0.709837 -0.025277 0.024783 -0.703476
1778055841.640742 -0.400767 5.491230 0.317732 0.707347 -0.022518 0.023830 -0.706106
1778055841.775789 -0.384623 5.625566 0.304574 0.717510 -0.018732 0.031621 -0.695578
1778055841.917289 -0.378432 5.763135 0.301190 0.715505 -0.017712 0.022321 -0.698027
1778055842.054595 -0.367948 5.891222 0.310422 0.710454 -0.014475 0.027518 -0.703056
1778055842.195140 -0.350615 6.005182 0.304976 0.711587 -0.013042 0.036272 -0.701540
1778055842.332527 -0.324787 6.132069 0.313881 -0.704367 0.029598 -0.035055 0.708352
1778055842.477569 -0.313939 6.254746 0.317899 0.707454 -0.029387 0.032723 -0.705389
1778055842.618721 -0.305290 6.380860 0.316090 0.710907 -0.024078 0.040808 -0.701688
1778055842.756788 -0.300422 6.524939 0.305403 0.710576 -0.029698 0.022336 -0.702638
1778055842.896524 -0.285742 6.677364 0.312831 -0.704934 0.021645 -0.030346 0.708293
1778055843.032534 -0.272583 6.792072 0.315110 0.709766 -0.020529 0.036909 -0.703170
1778055843.174128 -0.265670 6.961729 0.309720 0.710856 -0.023645 0.021680 -0.702606
1778055843.318832 -0.251898 7.068264 0.300790 0.717151 -0.019757 0.031387 -0.695930
1778055843.463942 -0.244205 7.219781 0.304366 0.710093 -0.012091 0.039742 -0.702882
1778055843.599752 -0.243152 7.360208 0.298372 0.710554 -0.016037 0.030769 -0.702786
1778055843.735536 -0.232623 7.435923 0.308813 0.712760 -0.017681 0.022481 -0.700825
1778055843.874002 -0.269701 7.530339 0.293031 0.721501 0.049052 -0.020934 -0.690356
1778055844.015193 -0.333437 7.581012 0.300589 0.711611 0.121005 -0.088631 -0.686376
1778055844.153220 -0.411371 7.609829 0.308598 0.684793 0.199645 -0.155371 -0.683418
1778055844.295087 -0.489201 7.633092 0.308216 0.669544 0.252126 -0.206770 -0.667376
1778055844.441550 -0.531797 7.679403 0.307469 0.671623 0.242772 -0.216574 -0.665643
1778055844.579156 -0.570945 7.735271 0.318108 -0.662248 -0.231485 0.226764 0.675589
1778055844.723452 -0.624644 7.798384 0.307956 0.669531 0.243111 -0.223119 -0.665465
1778055844.882205 -0.699865 7.835297 0.311796 0.657649 0.278817 -0.259922 -0.649769
1778055845.001762 -0.770850 7.852250 0.305277 0.636940 0.324847 -0.306159 -0.628529
1778055845.142710 -0.818658 7.876275 0.304394 0.633080 0.340997 -0.308572 -0.622667
1778055845.285914 -0.879393 7.916729 0.304010 0.630216 0.345394 -0.307968 -0.623447
1778055845.423982 -0.951885 7.935154 0.292745 0.624128 0.377239 -0.331852 -0.598355
1778055845.564548 -1.015952 7.956449 0.296011 0.613755 0.383304 -0.352297 -0.593523
1778055845.709272 -1.077227 7.984494 0.300082 0.604041 0.388485 -0.347125 -0.603090
1778055845.847897 -1.141286 8.014150 0.306446 -0.600723 -0.390059 0.345547 0.606287
1778055845.984003 -1.207709 8.047035 0.299811 0.606439 0.388555 -0.350323 -0.598774
1778055846.125508 -1.281352 8.085622 0.303054 0.602583 0.381909 -0.361469 -0.600316
1778055846.267038 -1.348691 8.120739 0.312044 -0.601054 -0.373647 0.369760 0.601996
1778055846.409086 -1.421533 8.145183 0.306306 0.597538 0.390976 -0.371985 -0.593054
1778055846.547074 -1.500676 8.157123 0.316089 -0.580047 -0.406614 0.388650 0.589205
1778055846.685035 -1.570802 8.182842 0.309594 -0.583581 -0.399361 0.396425 0.585484
1778055846.838483 -1.673632 8.223418 0.320660 -0.581181 -0.391388 0.408027 0.585285
1778055846.971316 -1.772347 8.270245 0.309591 0.588071 0.404310 -0.388721 -0.582754
1778055847.106483 -1.867562 8.343395 0.303161 0.607970 0.376430 -0.368048 -0.594318
1778055847.246394 -1.899939 8.436159 0.315161 0.651887 0.295106 -0.295319 -0.633042
1778055847.383474 -1.924092 8.520465 0.305457 0.684261 0.243030 -0.253365 -0.639163
1778055847.525411 -1.974986 8.584196 0.309829 0.674341 0.240670 -0.252938 -0.650665
1778055847.661474 -2.036087 8.657118 0.310135 0.668106 0.241495 -0.255438 -0.655794
1778055847.804420 -2.099726 8.739367 0.300031 0.672343 0.257617 -0.235378 -0.652829
1778055847.944218 -2.154642 8.839161 0.300363 0.681192 0.240681 -0.218391 -0.656015
1778055848.092711 -2.152057 8.938499 0.310254 0.693940 0.170707 -0.153016 -0.682563
1778055848.223072 -2.105332 9.025760 0.317029 0.710585 0.074692 -0.070382 -0.696086
1778055848.364353 -2.090082 9.092010 0.306257 0.721524 0.043612 -0.018620 -0.690764
1778055848.522301 -2.101637 9.194520 0.307193 0.712184 0.036592 -0.026793 -0.700527
1778055848.648597 -2.111282 9.279165 0.298103 -0.705978 -0.029614 0.029839 0.706985
1778055848.781935 -2.115326 9.342141 0.298614 0.714205 0.006961 -0.020855 -0.699591
1778055848.923528 -2.112897 9.389865 0.299281 0.724058 0.006103 -0.010971 -0.689625
1778055849.061446 -2.111445 9.423830 0.296951 0.723442 0.007179 0.001302 -0.690346
1778055849.202482 -2.121188 9.459433 0.299994 0.717169 0.011328 0.007093 -0.696771
1778055849.345166 -2.131327 9.539781 0.307843 0.709756 0.010396 -0.004252 -0.704358
1778055849.481810 -2.129888 9.618217 0.315552 -0.701278 -0.003186 0.005325 0.712860
1778055849.618925 -2.128324 9.693035 0.309964 -0.706235 0.010594 -0.012795 0.707783
1778055849.761198 -2.115879 9.738207 0.313648 -0.702584 0.031795 -0.040761 0.709721
1778055849.904483 -2.117259 9.784575 0.306281 0.708515 -0.036464 0.027636 -0.704211
1778055850.037916 -2.113489 9.838865 0.300633 0.713275 -0.031904 0.028349 -0.699584
1778055850.180949 -2.104085 9.900331 0.301088 0.713182 -0.043865 0.036704 -0.698642
1778055850.325022 -2.063601 9.971085 0.294022 0.717825 -0.074088 0.081588 -0.687446
1778055850.470877 -2.045460 10.049475 0.300145 0.712543 -0.076557 0.080399 -0.692789
1778055850.604080 -2.024117 10.141334 0.305947 0.706527 -0.077945 0.075427 -0.699324
1778055850.747310 -1.994912 10.260230 0.319815 -0.693760 0.078280 -0.078374 0.711637
1778055850.886152 -1.963462 10.381566 0.309580 0.706571 -0.073956 0.086432 -0.698439
1778055851.026151 -1.935140 10.526279 0.303887 0.709468 -0.079709 0.071335 -0.696573
1778055851.159981 -1.898518 10.669958 0.310140 -0.699342 0.075122 -0.073693 0.706999
1778055851.306081 -1.890206 10.776178 0.285342 0.728756 -0.046675 0.051881 -0.681208
1778055851.448165 -1.918327 10.880779 0.279898 0.728655 0.047050 0.046963 -0.681647
1778055851.584807 -1.941964 10.947134 0.283628 0.717301 0.069173 0.033799 -0.692497
1778055851.730733 -1.922035 11.013850 0.281777 0.736117 0.043093 0.020282 -0.675176
1778055851.867590 -1.921751 11.071487 0.284204 0.727811 0.035479 0.009363 -0.684795
1778055852.003828 -1.923404 11.140061 0.301759 0.713841 0.012824 -0.014721 -0.700035
1778055852.149423 -1.923564 11.247077 0.304148 0.714854 0.022946 0.000693 -0.698897
1778055852.291054 -1.929539 11.389853 0.317612 -0.701692 -0.023836 -0.000267 0.712082
1778055852.431634 -1.926835 11.520730 0.307475 0.714012 0.011742 -0.019918 -0.699751
1778055852.576130 -1.929589 11.622750 0.301010 0.716270 0.022661 -0.006335 -0.697427
1778055852.725839 -1.941554 11.760407 0.302926 0.711925 0.025972 -0.012247 -0.701668
1778055852.844911 -1.951249 11.907748 0.297920 0.707149 0.027858 -0.015236 -0.706351
1778055852.989535 -1.958646 12.003136 0.315202 -0.704020 -0.032110 0.008151 0.709407
1778055853.125417 -1.930532 12.117301 0.320774 -0.700663 0.000920 -0.032256 0.712762
1778055853.272697 -1.922171 12.235147 0.326072 -0.702462 0.012803 -0.032615 0.710858
1778055853.413841 -1.924683 12.336292 0.324075 -0.704630 0.012796 -0.029195 0.708858
1778055853.547824 -1.924646 12.454659 0.319606 -0.702906 0.017119 -0.020347 0.710785
1778055853.692640 -1.918172 12.597440 0.314620 0.707825 -0.016592 0.013480 -0.706064
1778055853.830406 -1.903459 12.724061 0.304467 0.717326 -0.013102 0.022029 -0.696266
1778055853.967813 -1.898180 12.895832 0.302429 0.713621 -0.008546 0.016974 -0.700274
1778055854.109073 -1.886141 13.060392 0.318265 -0.701957 0.010842 -0.014857 0.711982
1778055854.259390 -1.873517 13.205929 0.305760 0.713944 -0.007566 0.024300 -0.699740
1778055854.395618 -1.869361 13.334920 0.309234 0.708931 -0.009249 0.011698 -0.705121
1778055854.535422 -1.861569 13.474516 0.304825 0.711128 -0.002584 0.022122 -0.702709
1778055854.665136 -1.856713 13.620498 0.300155 0.710643 -0.001924 0.021488 -0.703222
1778055854.810752 -1.863979 13.720188 0.291867 0.712883 0.005277 0.024660 -0.700829
1778055854.950447 -1.869312 13.832591 0.309109 0.708161 -0.002385 0.012781 -0.705932
1778055855.090108 -1.864639 13.938359 0.305260 0.715599 0.003522 0.013746 -0.698367
1778055855.232689 -1.858284 14.016988 0.313558 0.709275 -0.005552 0.004997 -0.704893
1778055855.372003 -1.856986 14.112013 0.312499 0.707952 0.003516 0.010673 -0.706171
1778055855.512255 -1.859579 14.194040 0.310956 0.710888 0.005328 0.016277 -0.703097
1778055855.652448 -1.860087 14.295917 0.304125 0.711178 0.006530 0.010502 -0.702903
1778055855.804603 -1.855112 14.382623 0.316085 -0.703934 -0.000409 -0.007049 0.710230
1778055855.934326 -1.842511 14.455158 0.310865 0.707385 -0.010726 0.024452 -0.706324
1778055856.075745 -1.842432 14.524908 0.312738 0.710251 -0.009114 0.026348 -0.703396
1778055856.210795 -1.842295 14.602255 0.303786 0.713260 -0.007333 0.023140 -0.700480
1778055856.350882 -1.837340 14.674789 0.311637 0.708002 -0.012748 0.018583 -0.705851
1778055856.489420 -1.806196 14.746198 0.309880 0.708523 -0.039793 0.055601 -0.702368
1778055856.634028 -1.750656 14.790516 0.312145 0.704930 -0.092324 0.120210 -0.692892
1778055856.770286 -1.710282 14.839388 0.301049 0.708607 -0.121613 0.136604 -0.681488
1778055856.910231 -1.689578 14.904733 0.298952 0.705541 -0.121117 0.133004 -0.685458
1778055857.050039 -1.665940 14.970623 0.301734 0.704692 -0.121351 0.134079 -0.686080
1778055857.191921 -1.642148 15.036198 0.310431 0.699281 -0.114426 0.141087 -0.691381
1778055857.332587 -1.615178 15.118346 0.307975 0.702356 -0.112834 0.137574 -0.689230
1778055857.473185 -1.585067 15.196324 0.303831 0.700466 -0.111873 0.132785 -0.692243
1778055857.619249 -1.557932 15.264584 0.312580 -0.694640 0.118371 -0.125337 0.698394
1778055857.754484 -1.529986 15.340424 0.309262 0.699470 -0.111198 0.132326 -0.693446
1778055857.892006 -1.507013 15.418545 0.315585 0.697463 -0.109409 0.130864 -0.696024
1778055858.029014 -1.477787 15.509228 0.306088 0.699423 -0.106511 0.127701 -0.695093
1778055858.168465 -1.433956 15.569871 0.310015 0.697337 -0.128954 0.143553 -0.690279
1778055858.307888 -1.365690 15.616626 0.321027 -0.678819 0.174638 -0.191520 0.687042
1778055858.449103 -1.289627 15.626296 0.313959 0.669459 -0.238847 0.259102 -0.653945
1778055858.587842 -1.201016 15.624818 0.306733 0.639873 -0.306965 0.319583 -0.627855
1778055858.728599 -1.131497 15.613043 0.314775 -0.606313 0.368768 -0.353304 0.609566
1778055858.869347 -1.071835 15.640308 0.306523 0.613002 -0.367599 0.349677 -0.605662
1778055859.015043 -1.006763 15.676517 0.311615 0.610438 -0.365001 0.351764 -0.608606
1778055859.153141 -0.936354 15.715135 0.308684 -0.609936 0.355136 -0.356908 0.611942
1778055859.296587 -0.871816 15.753720 0.311150 0.612919 -0.350295 0.360902 -0.609404
1778055859.435801 -0.799586 15.780600 0.312363 0.608390 -0.356142 0.386794 -0.594487
1778055859.579429 -0.727792 15.768451 0.308813 0.585823 -0.402860 0.420596 -0.563573
1778055859.715947 -0.653542 15.733874 0.307022 0.543848 -0.454067 0.459354 -0.535767
1778055859.850641 -0.586894 15.719926 0.311037 -0.526579 0.471571 -0.469484 0.529075
1778055859.988761 -0.526534 15.720727 0.314329 -0.515085 0.476639 -0.466784 0.538159
1778055860.134352 -0.451634 15.732993 0.309489 -0.523125 0.477687 -0.467926 0.528394
1778055860.269743 -0.380542 15.751064 0.319900 -0.524944 0.460502 -0.482481 0.528756
1778055860.415741 -0.289414 15.768652 0.310145 -0.529511 0.463406 -0.471733 0.531358
1778055860.549365 -0.217445 15.776406 0.316011 -0.526458 0.460530 -0.473165 0.535602
1778055860.686782 -0.136223 15.785402 0.311827 0.531130 -0.458324 0.476953 -0.529486
1778055860.826457 -0.069749 15.779274 0.312478 0.522135 -0.477071 0.488579 -0.510949
1778055860.964307 -0.003350 15.743308 0.306882 0.487738 -0.513830 0.514450 -0.483147
1778055861.106939 0.061509 15.691735 0.307104 0.453925 -0.538649 0.544729 -0.455061
1778055861.246648 0.111652 15.671522 0.310798 -0.444849 0.545697 -0.541685 0.459241
1778055861.399401 0.186863 15.667040 0.316756 0.457651 -0.529915 0.543424 -0.463073
1778055861.536568 0.252423 15.712853 0.323098 0.511723 -0.481119 0.518642 -0.487517
1778055861.675053 0.322166 15.746273 0.321402 0.539422 -0.453803 0.486077 -0.516543
1778055861.814538 0.391176 15.754781 0.321810 0.534757 -0.454250 0.482044 -0.524715
1778055861.947456 0.457654 15.780153 0.307817 0.552078 -0.449342 0.466381 -0.525158
1778055862.089056 0.515782 15.810748 0.316725 0.557364 -0.432093 0.459619 -0.539806
1778055862.229923 0.588160 15.828143 0.305095 0.554687 -0.442887 0.443733 -0.547059
1778055862.364167 0.645917 15.830769 0.315082 -0.545142 0.443693 -0.452514 0.548806
1778055862.506003 0.722026 15.819493 0.313302 0.537878 -0.459704 0.476016 -0.522272
1778055862.652408 0.789759 15.829675 0.313048 0.538543 -0.463950 0.470767 -0.522589
1778055862.788195 0.873864 15.841493 0.307086 0.537351 -0.464479 0.468904 -0.525017
1778055862.929796 0.969422 15.852396 0.319238 -0.524256 0.465492 -0.466003 0.539736
1778055863.065924 1.075775 15.859978 0.309831 0.537501 -0.465936 0.467621 -0.524715
1778055863.209892 1.224651 15.881506 0.311523 0.538185 -0.462863 0.468782 -0.525698
1778055863.354733 1.336189 15.897818 0.314313 0.536507 -0.463835 0.463199 -0.531473
1778055863.489711 1.464916 15.910374 0.303505 0.544621 -0.465810 0.465175 -0.519636
1778055863.630353 1.622851 15.933521 0.306987 0.537827 -0.458869 0.466525 -0.531541
1778055863.768184 1.771465 15.952932 0.320306 -0.534676 0.460839 -0.460247 0.538444
1778055863.910336 1.879653 15.964000 0.307063 0.546445 -0.461790 0.467532 -0.519193
1778055864.052342 2.012249 15.988020 0.307198 0.543518 -0.457936 0.465013 -0.527870
1778055864.192504 2.158132 16.006832 0.305773 0.541671 -0.460925 0.460636 -0.530995
1778055864.330192 2.312659 16.033397 0.305593 0.544279 -0.453397 0.469073 -0.527411
1778055864.470262 2.429021 16.055583 0.301103 0.552561 -0.453859 0.462586 -0.524120
1778055864.610271 2.545987 16.083183 0.310424 -0.537630 0.455387 -0.460966 0.539525
1778055864.752571 2.653447 16.099101 0.306671 0.549222 -0.454718 0.455420 -0.533086
1778055864.904377 2.741838 16.108304 0.314505 -0.541569 0.454994 -0.450625 0.544629
1778055865.043410 2.830133 16.122634 0.312157 0.544194 -0.447729 0.459509 -0.540595
1778055865.169408 2.892680 16.115928 0.314801 0.532206 -0.466568 0.473257 -0.524499
1778055865.321111 2.969763 16.084280 0.310572 0.495956 -0.501590 0.509248 -0.493054
1778055865.449437 3.032216 16.075694 0.297468 0.497888 -0.507616 0.512378 -0.481562
1778055865.594461 3.093558 16.070702 0.303259 -0.486757 0.513603 -0.507420 0.491736
1778055865.729299 3.163588 16.062499 0.306115 0.484834 -0.510586 0.519459 -0.484149
1778055865.867603 3.225396 16.033426 0.306541 0.472491 -0.528681 0.548046 -0.443729
1778055866.004937 3.271806 15.976934 0.308316 0.426241 -0.564647 0.579774 -0.404172
1778055866.144547 3.311130 15.907218 0.307789 0.370952 -0.598436 0.608002 -0.366882
1778055866.291552 3.357889 15.863020 0.312459 0.353593 -0.608679 0.609133 -0.365291
1778055866.426573 3.406774 15.827901 0.317761 0.347394 -0.602692 0.616143 -0.369389
1778055866.567056 3.468652 15.800467 0.317729 0.355992 -0.604609 0.615998 -0.358138
1778055866.715254 3.547842 15.765818 0.316329 0.356852 -0.597901 0.620268 -0.361164
1778055866.845009 3.582782 15.718056 0.316022 0.341173 -0.612414 0.627924 -0.338026
1778055867.001708 3.600410 15.633198 0.325663 0.284958 -0.634860 0.659096 -0.285208
1778055867.127702 3.594977 15.555315 0.321408 0.225816 -0.669384 0.674991 -0.212885
1778055867.270053 3.587931 15.475141 0.305699 -0.168613 0.693698 -0.680885 0.163551
1778055867.412594 3.619769 15.416818 0.292564 -0.170025 0.697613 -0.676265 0.164600
1778055867.545215 3.647700 15.363805 0.299942 -0.167602 0.695343 -0.679465 0.163509
1778055867.683701 3.683189 15.298710 0.305721 0.177465 -0.686600 0.688436 -0.152127
1778055867.824207 3.720211 15.235870 0.308001 0.182036 -0.685708 0.688079 -0.152363
1778055867.967607 3.737521 15.154718 0.303846 0.161870 -0.689283 0.693209 -0.134714
1778055868.106473 3.715801 15.085456 0.318663 0.102499 -0.694755 0.703840 -0.106856
1778055868.243229 3.672168 15.013616 0.317040 0.041626 -0.703074 0.708623 -0.042514
1778055868.384465 3.617039 14.954076 0.316795 0.020005 0.709829 -0.703188 -0.035640
1778055868.529469 3.603112 14.893876 0.308498 0.034888 0.711391 -0.700688 -0.041732
1778055868.668641 3.596035 14.819278 0.305012 0.032482 0.708453 -0.704106 -0.035687
1778055868.811724 3.586738 14.748970 0.309020 -0.032361 -0.705896 0.706551 0.038061
1778055868.945376 3.576709 14.662601 0.312628 0.025296 0.706527 -0.705548 -0.048801
1778055869.086027 3.573440 14.550647 0.319651 -0.020438 -0.700014 0.712260 0.047419
1778055869.224373 3.566570 14.422306 0.315002 -0.029297 -0.705227 0.707774 0.029189
1778055869.365607 3.551091 14.286071 0.309633 0.019889 0.707373 -0.705236 -0.043247
1778055869.502949 3.530934 14.141886 0.311798 0.027445 0.707695 -0.704969 -0.037864
1778055869.645646 3.519954 14.034504 0.313779 0.033505 0.709061 -0.703893 -0.025384
1778055869.780999 3.505759 13.930097 0.303521 0.028353 0.715702 -0.697060 -0.032782
1778055869.922279 3.496486 13.784811 0.303504 0.023221 0.708781 -0.704300 -0.032424
1778055870.067156 3.483564 13.637014 0.325198 -0.019435 -0.701145 0.712149 0.029335
1778055870.206536 3.452165 13.500407 0.300181 0.038314 0.718049 -0.693453 -0.045401
1778055870.348459 3.425721 13.387421 0.298239 0.045214 0.711475 -0.699001 -0.056185
1778055870.488360 3.407281 13.275854 0.312621 0.047655 0.707913 -0.702948 -0.049513
1778055870.631967 3.392662 13.166237 0.310358 0.041965 0.708465 -0.702317 -0.055391
1778055870.768983 3.379751 13.027157 0.309666 0.041996 0.706664 -0.704698 -0.047571
1778055870.905823 3.357765 12.887625 0.328866 -0.040844 -0.696035 0.715227 0.048129
1778055871.044710 3.339194 12.775551 0.314053 0.044254 0.709712 -0.701225 -0.051327
1778055871.184749 3.324535 12.671468 0.302620 0.044338 0.713529 -0.697996 -0.041374
1778055871.322484 3.305976 12.541012 0.301638 0.035258 0.710399 -0.700962 -0.052370
1778055871.467013 3.291819 12.404510 0.307685 -0.029198 -0.704870 0.706413 0.057327
1778055871.602430 3.272291 12.251329 0.313325 -0.035216 -0.706025 0.706120 0.041017
1778055871.743433 3.259804 12.166019 0.305691 0.034151 0.710768 -0.701027 -0.046952
1778055871.887326 3.244422 12.032033 0.305943 0.030968 0.708123 -0.703938 -0.045547
1778055872.024470 3.226326 11.897307 0.309577 -0.033228 -0.704148 0.708470 0.033790
1778055872.170824 3.219550 11.795136 0.302974 0.025267 0.711316 -0.701068 -0.043533
1778055872.314708 3.207199 11.682164 0.312021 0.030955 0.707839 -0.705107 -0.028797
1778055872.456584 3.198359 11.557861 0.300396 0.027591 0.713388 -0.699172 -0.038394
1778055872.595437 3.185428 11.403014 0.305832 -0.020606 -0.705591 0.707270 0.038544
1778055872.732311 3.165963 11.268306 0.317838 -0.020397 -0.699812 0.713308 0.032229
1778055872.872475 3.149974 11.145435 0.308370 0.020599 0.710304 -0.702417 -0.040680
1778055873.006796 3.124938 11.022377 0.309439 -0.026375 -0.703340 0.707986 0.058076
1778055873.147093 3.112628 10.887932 0.314620 0.035074 0.711253 -0.700457 -0.047413
1778055873.291209 3.104625 10.777170 0.319627 0.029904 0.707254 -0.704425 -0.051791
1778055873.425310 3.094286 10.651450 0.308582 0.037814 0.710865 -0.701233 -0.038916
1778055873.570452 3.076774 10.498882 0.315810 -0.033562 -0.704618 0.707604 0.041034
1778055873.708756 3.058764 10.377653 0.309003 0.033141 0.711365 -0.700522 -0.046159
1778055873.847866 3.042434 10.239976 0.300269 0.030062 0.712523 -0.698230 -0.062306
1778055873.986830 2.999270 10.141553 0.285383 0.085575 0.715639 -0.686192 -0.098383
1778055874.140013 2.985692 10.055194 0.308763 0.097049 0.702412 -0.697545 -0.103103
1778055874.273621 2.961142 9.964935 0.317439 -0.101547 -0.697454 0.703749 0.089346
1778055874.416519 2.921202 9.852208 0.329002 -0.101933 -0.681074 0.719225 0.091996
1778055874.553985 2.877647 9.734644 0.305434 0.101164 0.707116 -0.691827 -0.105492
1778055874.690675 2.840361 9.589190 0.305741 0.094260 0.703209 -0.697230 -0.102387
1778055874.832245 2.800413 9.468559 0.295721 -0.100906 -0.694146 0.705019 0.104534
1778055874.966267 2.750313 9.368881 0.317187 -0.130743 -0.693269 0.694564 0.140945
1778055875.109644 2.708048 9.264674 0.305780 0.128276 0.698935 -0.689760 -0.138806
1778055875.249064 2.671851 9.175830 0.313944 -0.135176 -0.693566 0.695931 0.127957
1778055875.391896 2.624874 9.068434 0.309333 0.126811 0.701096 -0.688295 -0.136504
1778055875.532234 2.575329 8.930581 0.317331 -0.121400 -0.692286 0.698519 0.134441
1778055875.668158 2.532513 8.804869 0.314321 0.124884 0.698252 -0.693661 -0.125232
1778055875.808431 2.473902 8.664548 0.307080 0.120801 0.703542 -0.686997 -0.135907
1778055875.963792 2.412672 8.502073 0.307149 -0.119320 -0.695002 0.697007 0.130061
1778055876.090965 2.354302 8.354378 0.317403 -0.122245 -0.692612 0.699597 0.126129
1778055876.229042 2.312080 8.257561 0.307940 0.122147 0.698359 -0.692560 -0.133176
1778055876.377157 2.265291 8.131671 0.308849 0.121724 0.697519 -0.695102 -0.124429
1778055876.511238 2.207608 7.979897 0.311057 -0.115963 -0.693338 0.699540 0.128373
1778055876.653447 2.219349 7.920835 0.283362 0.062459 0.722919 -0.682206 -0.089902
1778055876.794921 2.235794 7.825326 0.276086 -0.018743 0.729116 -0.678436 -0.088107
1778055876.928241 2.226896 7.752462 0.296291 -0.019278 0.717617 -0.693605 -0.059722
1778055877.073884 2.206249 7.715944 0.280133 -0.005512 0.732384 -0.679372 -0.045134
1778055877.212110 2.204382 7.700746 0.286076 -0.003057 0.734197 -0.678129 -0.032977
1778055877.348583 2.213902 7.696387 0.289541 -0.008774 0.729582 -0.683203 -0.029444
1778055877.488431 2.220954 7.696979 0.296544 -0.016500 0.719636 -0.693609 -0.027553
1778055877.633498 2.224776 7.699014 0.301453 -0.019758 0.715985 -0.697581 -0.018877
1778055877.780427 2.195062 7.697915 0.310218 0.021323 0.711193 -0.701401 -0.042272
1778055877.910282 2.152755 7.689406 0.313668 0.060308 0.707943 -0.698024 -0.089115
1778055878.055338 2.140010 7.658673 0.313899 0.062221 0.702983 -0.702284 -0.093497
1778055878.191221 2.115108 7.631710 0.314914 0.087587 0.699504 -0.699174 -0.119076
1778055878.328232 2.086598 7.597628 0.313534 -0.113100 -0.690830 0.702019 0.130892
1778055878.474480 2.063956 7.555175 0.315724 -0.120373 -0.686813 0.706856 0.118964
1778055878.611845 2.039907 7.511676 0.320586 -0.128001 -0.675564 0.716969 0.114823
1778055878.751144 2.018730 7.443037 0.313193 -0.121618 -0.690170 0.701510 0.129456
1778055878.890307 2.004658 7.369992 0.315762 -0.106645 -0.688533 0.705239 0.131099
1778055879.027130 2.018356 7.294269 0.303447 0.060907 0.707354 -0.699691 -0.079834
1778055879.170827 2.041364 7.241152 0.297751 0.026165 0.716170 -0.695890 -0.046398
1778055879.310315 2.036575 7.190193 0.298423 0.030108 0.714170 -0.697770 -0.046594
1778055879.462300 2.034871 7.136515 0.305018 0.024083 0.711305 -0.700730 -0.049426
1778055879.597250 2.028491 7.056877 0.312046 -0.027750 -0.702874 0.709563 0.041463
1778055879.745741 1.984758 6.973177 0.315868 -0.063575 -0.702415 0.704801 0.076341
1778055879.876867 1.962742 6.884623 0.315036 -0.059462 -0.700503 0.706125 0.084542
1778055880.012547 1.942272 6.785868 0.317580 -0.063399 -0.702944 0.703615 0.082318
1778055880.148501 1.924898 6.658557 0.312414 0.061747 0.704381 -0.703169 -0.074756
1778055880.293811 1.892331 6.517613 0.319283 -0.066482 -0.699676 0.708138 0.067633
1778055880.428820 1.871249 6.401448 0.301167 0.040951 0.721957 -0.689069 -0.047798
1778055880.571344 1.855488 6.282689 0.295574 0.037332 0.715415 -0.696559 -0.039916
1778055880.710180 1.840075 6.164774 0.309662 0.034391 0.708031 -0.704300 -0.038350
1778055880.852462 1.829285 6.043869 0.305808 0.027044 0.713032 -0.698767 -0.050784
1778055880.991043 1.820053 5.893108 0.303419 0.028432 0.713696 -0.698747 -0.039791
1778055881.137211 1.794569 5.729333 0.312325 -0.033639 -0.704928 0.707435 0.038488
1778055881.266729 1.750354 5.696302 0.288469 0.084772 0.714112 -0.690414 -0.078658
1778055881.414675 1.719815 5.595221 0.291193 0.087948 0.712323 -0.691999 -0.077454
1778055881.554301 1.692144 5.492809 0.307025 0.080851 0.709495 -0.695526 -0.079521
1778055881.695073 1.664712 5.379356 0.311935 0.068135 0.704410 -0.700504 -0.091964
1778055881.829573 1.641278 5.244568 0.308512 0.068947 0.704803 -0.701558 -0.079476
1778055881.972408 1.605786 5.097070 0.317308 -0.071531 -0.700980 0.705662 0.074506
1778055882.106753 1.573600 4.978625 0.311524 0.068064 0.708976 -0.697194 -0.081490
1778055882.250886 1.543896 4.829788 0.302188 0.066385 0.711046 -0.695018 -0.083405
1778055882.390417 1.519626 4.738338 0.293410 0.098485 0.708514 -0.692619 -0.092667
1778055882.527661 1.499272 4.635779 0.315136 -0.092310 -0.699500 0.700971 0.104017
1778055882.668582 1.472554 4.536553 0.319321 -0.099998 -0.697350 0.704325 0.087354
1778055882.810147 1.495321 4.440333 0.319920 -0.030662 -0.697364 0.714354 0.049415
1778055882.949617 1.500808 4.379639 0.323820 0.012435 0.710280 -0.702795 -0.037782
1778055883.087950 1.435086 4.304108 0.316263 0.081603 0.705390 -0.696840 -0.100897
1778055883.230982 1.333903 4.273575 0.325185 0.181906 0.684144 -0.681625 -0.185054
1778055883.372594 1.250992 4.233177 0.308942 0.241971 0.677389 -0.655821 -0.229111
1778055883.518011 1.185196 4.162451 0.306182 0.245592 0.669274 -0.661919 -0.231560
1778055883.650022 1.124817 4.085132 0.315607 0.236627 0.666771 -0.666312 -0.235485
1778055883.791790 1.056768 3.988604 0.309498 0.217511 0.681385 -0.657258 -0.237521
1778055883.934006 1.074464 3.882294 0.285460 0.149777 0.714865 -0.659375 -0.178212
1778055884.071060 1.060158 3.801701 0.298557 0.114251 0.712901 -0.666873 -0.184388
1778055884.212292 1.022793 3.719176 0.298571 0.124666 0.711480 -0.668860 -0.175730
1778055884.354781 1.001872 3.621231 0.284558 0.108256 0.715716 -0.676540 -0.135367
1778055884.490007 0.989438 3.554993 0.312306 0.091040 0.702211 -0.697479 -0.110156
1778055884.634579 0.955229 3.466887 0.315831 0.095084 0.700302 -0.698289 -0.113706
1778055884.771602 0.923216 3.366623 0.320153 0.091977 0.699634 -0.698801 -0.117174
1778055884.907941 0.890233 3.241077 0.310313 0.097743 0.703755 -0.696063 -0.103308
1778055885.056749 0.843341 3.100290 0.318956 -0.093527 -0.696338 0.702996 0.110283
1778055885.202234 0.790239 2.952989 0.309733 0.098773 0.704640 -0.694284 -0.108146
1778055885.337157 0.758399 2.828358 0.309118 0.101679 0.702938 -0.697026 -0.098461
1778055885.485024 0.716394 2.708066 0.303795 0.099884 0.703679 -0.696306 -0.100084
1778055885.610718 0.680135 2.584915 0.303030 0.094211 0.701997 -0.697967 -0.105670
1778055885.748763 0.643774 2.448813 0.309884 -0.099283 -0.699806 0.701469 0.091409
1778055885.891001 0.603587 2.336000 0.287489 0.092573 0.708718 -0.691436 -0.105192
1778055886.031994 0.581557 2.220672 0.289654 0.077590 0.702583 -0.698133 -0.113874
1778055886.172197 0.545875 2.085978 0.295588 0.080734 0.704143 -0.698561 -0.098372
1778055886.310240 0.489297 1.986933 0.295706 0.103502 0.708843 -0.687930 -0.116541
1778055886.447403 0.415466 1.921841 0.306779 0.161309 0.693730 -0.679088 -0.177646
1778055886.593640 0.333189 1.887833 0.320903 0.230490 0.667327 -0.667012 -0.238000
1778055886.725746 0.266058 1.889016 0.323326 0.283702 0.645770 -0.637418 -0.310149
1778055886.883983 0.180871 1.882651 0.302568 0.338965 0.633932 -0.606861 -0.339047
1778055887.006837 0.135902 1.857711 0.299994 0.340772 0.628216 -0.615264 -0.332669
1778055887.149761 0.077103 1.823723 0.307296 0.335909 0.623677 -0.618412 -0.340233
1778055887.290311 0.017282 1.784252 0.309967 0.331207 0.624929 -0.614922 -0.348764
1778055887.430946 -0.045766 1.734419 0.312108 0.324073 0.624639 -0.619149 -0.348507
1778055887.572932 -0.120514 1.700717 0.306154 0.329680 0.622004 -0.609260 -0.364999
1778055887.708014 -0.184396 1.690768 0.316604 -0.360766 -0.601613 0.603989 0.378294
1778055887.850327 -0.258011 1.653579 0.316107 -0.358286 -0.601858 0.604640 0.379221
1778055887.990091 -0.333593 1.610489 0.320458 0.357238 0.606790 -0.601847 -0.376784
1778055888.132949 -0.425269 1.559189 0.308722 0.355055 0.611785 -0.599074 -0.375187
1778055888.273663 -0.511354 1.543422 0.306364 0.376824 0.605412 -0.576549 -0.398837
1778055888.406389 -0.583102 1.551121 0.315827 0.410284 0.573573 -0.550193 -0.447177
1778055888.549641 -0.644243 1.543952 0.307690 0.431922 0.566843 -0.540217 -0.447546
1778055888.688021 -0.717815 1.530557 0.304489 0.433647 0.561605 -0.540090 -0.452607
1778055888.825467 -0.778979 1.544690 0.307037 0.463792 0.543052 -0.516139 -0.472855
1778055888.976528 -0.856086 1.561673 0.306629 0.483164 0.525671 -0.498893 -0.491251
1778055889.115445 -0.923701 1.560182 0.301767 0.488660 0.525303 -0.500752 -0.484267
1778055889.255679 -0.992650 1.576332 0.305953 0.500074 0.505036 -0.492260 -0.502538
1778055889.396494 -1.058436 1.585540 0.306408 -0.506706 -0.499121 0.479796 0.513734
1778055889.544795 -1.137011 1.584102 0.315788 -0.494842 -0.501014 0.478656 0.524409
1778055889.671808 -1.215307 1.585424 0.315648 -0.495834 -0.500343 0.481265 0.521717
1778055889.815659 -1.291114 1.624177 0.308333 -0.520345 -0.475213 0.454076 0.545187
1778055889.950871 -1.349159 1.677270 0.323086 -0.556264 -0.425956 0.441829 0.560285
1778055890.090961 -1.427301 1.699381 0.318401 0.564661 0.428579 -0.441364 -0.550160
1778055890.234133 -1.537145 1.725015 0.318914 -0.555318 -0.428786 0.440268 0.560293
1778055890.372939 -1.654051 1.752889 0.318615 0.558729 0.435252 -0.438716 -0.553088
1778055890.513354 -1.761232 1.783765 0.304980 0.561955 0.443228 -0.427282 -0.552436
1778055890.663165 -1.919830 1.817419 0.302614 0.556178 0.448453 -0.425984 -0.555062
1778055890.799438 -2.026554 1.848935 0.285781 -0.558859 -0.443243 0.416669 0.563560
1778055890.937469 -2.123980 1.883148 0.310313 0.575463 0.414055 -0.409318 -0.574335
1778055891.079767 -2.235127 1.912745 0.308781 -0.569473 -0.424684 0.404315 0.576084
1778055891.212538 -2.326828 1.946391 0.318605 -0.571484 -0.410444 0.419597 0.573480
1778055891.353218 -2.427635 1.996970 0.313500 0.585494 0.396473 -0.396953 -0.585179
1778055891.492060 -2.485018 2.069685 0.311226 0.616411 0.356324 -0.351744 -0.607739
1778055891.636416 -2.507723 2.156579 0.311342 -0.643106 -0.290702 0.296657 0.643352
1778055891.771281 -2.498274 2.242965 0.320621 0.671133 0.213948 -0.241059 -0.667606
1778055891.915956 -2.499727 2.316681 0.314308 0.689579 0.170207 -0.194059 -0.676647
1778055892.056781 -2.532437 2.375343 0.315240 0.687630 0.173003 -0.190377 -0.678963
1778055892.193373 -2.566852 2.439912 0.311601 -0.682707 -0.180511 0.177989 0.685308
1778055892.333674 -2.577249 2.509489 0.307653 0.695692 0.161489 -0.132444 -0.687308
1778055892.484096 -2.553344 2.582457 0.311489 0.703207 0.103228 -0.067666 -0.700189
1778055892.618440 -2.502480 2.652172 0.309809 0.708464 0.028730 -0.014328 -0.705017
1778055892.752575 -2.491102 2.715961 0.302225 0.708085 0.012186 -0.010145 -0.705949
1778055892.895073 -2.491100 2.776045 0.307474 0.710011 -0.003212 -0.021688 -0.703849
1778055893.037093 -2.481099 2.854762 0.306480 0.709503 -0.008971 -0.003726 -0.704635
1778055893.178787 -2.472102 2.917048 0.306630 0.710928 -0.013880 0.018857 -0.702875
1778055893.314349 -2.475466 2.991447 0.310516 -0.704801 0.007099 -0.020865 0.709063
1778055893.451134 -2.466571 3.074126 0.301920 0.712283 -0.009409 0.027667 -0.701283
1778055893.596413 -2.452205 3.158644 0.315082 -0.700866 0.022591 -0.033201 0.712162
1778055893.742717 -2.444831 3.249271 0.307686 0.709105 -0.018671 0.037595 -0.703852
1778055893.874646 -2.444148 3.378361 0.316181 -0.703816 0.017151 -0.033839 0.709369
1778055894.012419 -2.439270 3.510142 0.311628 0.709328 -0.027242 0.012489 -0.704241
1778055894.158233 -2.416178 3.629372 0.304631 0.708808 -0.041809 0.046793 -0.702605
1778055894.293672 -2.384946 3.713382 0.316343 0.709606 -0.073748 0.075897 -0.696606
1778055894.437180 -2.367186 3.806618 0.306035 0.711476 -0.071168 0.073765 -0.695195
1778055894.576081 -2.345143 3.906225 0.318608 -0.701534 0.077243 -0.069384 0.705032
1778055894.713773 -2.315736 4.018968 0.304178 0.715571 -0.072210 0.077880 -0.690419
1778055894.854732 -2.290625 4.165008 0.314204 -0.702996 0.067593 -0.076323 0.703849
1778055894.997116 -2.263474 4.308119 0.316424 0.705425 -0.071596 0.066795 -0.701988
1778055895.132644 -2.243663 4.387880 0.304751 0.714008 -0.067305 0.075907 -0.692749
1778055895.275536 -2.216071 4.538520 0.303799 0.708192 -0.064628 0.069880 -0.699574
1778055895.414368 -2.185888 4.677983 0.320155 -0.701700 0.061321 -0.070558 0.706313
1778055895.556291 -2.161623 4.788472 0.314178 0.708388 -0.063050 0.074318 -0.699062
1778055895.696562 -2.137679 4.923581 0.305573 0.711045 -0.063039 0.066582 -0.697142
1778055895.832088 -2.128583 5.027470 0.300207 -0.704043 0.069897 -0.060211 0.704140
1778055895.973521 -2.116842 5.054947 0.298762 0.713993 -0.062861 0.060796 -0.694670
1778055896.123973 -2.119038 5.074986 0.300872 0.718379 -0.050710 0.056493 -0.691498
1778055896.261214 -2.124752 5.074273 0.309099 0.711674 -0.044544 0.058154 -0.698680
1778055896.396005 -2.128433 5.074648 0.309243 0.711590 -0.042767 0.055091 -0.699125
1778055896.539467 -2.128124 5.075646 0.309034 0.711814 -0.041944 0.055154 -0.698942
1778055896.673476 -2.128253 5.075709 0.309023 0.711793 -0.041823 0.055251 -0.698963
1778055896.818422 -2.128338 5.075791 0.308973 0.711850 -0.041684 0.055252 -0.698913
1778055896.954747 -2.128257 5.075941 0.308940 0.711895 -0.041743 0.055207 -0.698867
1778055897.096406 -2.128344 5.076022 0.308872 0.711947 -0.041648 0.055307 -0.698812
1778055897.239690 -2.128426 5.076091 0.308781 0.712034 -0.041555 0.055315 -0.698728
1778055897.409254 -2.128363 5.076144 0.308710 0.712085 -0.041613 0.055364 -0.698669
1778055897.524080 -2.128474 5.076177 0.308692 0.712104 -0.041491 0.055435 -0.698651
1778055897.649985 -2.128497 5.076208 0.308677 0.712143 -0.041466 0.055369 -0.698618
1778055897.803628 -2.128451 5.076301 0.308613 0.712210 -0.041507 0.055454 -0.698541
1778055897.929386 -2.128484 5.076344 0.308541 0.712272 -0.041461 0.055520 -0.698475
1778055898.075052 -2.128431 5.076350 0.308535 0.712261 -0.041512 0.055547 -0.698481
1778055898.213249 -2.128408 5.076421 0.308446 0.712332 -0.041529 0.055637 -0.698400
1778055898.353404 -2.128473 5.076403 0.308450 0.712339 -0.041468 0.055620 -0.698398
1778055898.492165 -2.128491 5.076459 0.308373 0.712411 -0.041434 0.055608 -0.698328
