# raw base_link odometry (TUM format), robot's own estimator
1778055838.626120 -0.478537 4.544100 0.309582 -0.018011 0.013683 0.674868 0.737592
1778055838.671299 -0.478530 4.544096 0.309581 -0.018005 0.013698 0.674864 0.737596
1778055838.724346 -0.478515 4.544100 0.309578 -0.017982 0.013738 0.674917 0.737547
1778055838.781653 -0.478504 4.544126 0.309565 -0.018004 0.013782 0.674870 0.737589
1778055838.831208 -0.478488 4.544095 0.309572 -0.017967 0.013754 0.674899 0.737563
1778055838.882766 -0.478528 4.544084 0.309577 -0.017974 0.013735 0.674949 0.737517
1778055838.934834 -0.478563 4.544118 0.309566 -0.018044 0.013746 0.674924 0.737539
1778055838.987616 -0.478512 4.544148 0.309553 -0.018032 0.013811 0.674911 0.737549
1778055839.044283 -0.478520 4.544149 0.309551 -0.018042 0.013816 0.674935 0.737528
1778055839.090824 -0.478493 4.544124 0.309563 -0.017976 0.013818 0.674907 0.737554
1778055839.146738 -0.478504 4.544118 0.309548 -0.017993 0.013838 0.674934 0.737529
1778055839.198348 -0.478512 4.544152 0.309535 -0.018042 0.013863 0.674915 0.737544
1778055839.251032 -0.478489 4.544169 0.309543 -0.018049 0.013886 0.674881 0.737575
1778055839.301114 -0.478514 4.544154 0.309543 -0.018058 0.013873 0.674929 0.737531
1778055839.354365 -0.478567 4.544138 0.309526 -0.018106 0.013820 0.674960 0.737503
1778055839.409343 -0.478571 4.544186 0.309522 -0.018160 0.013858 0.674967 0.737494
1778055839.466718 -0.478569 4.544208 0.309518 -0.018167 0.013862 0.674933 0.737525
1778055839.528122 -0.478565 4.544200 0.309520 -0.018152 0.013877 0.674965 0.737496
1778055839.571418 -0.478608 4.544195 0.309509 -0.018195 0.013850 0.675014 0.737451
1778055839.624738 -0.478598 4.544207 0.309513 -0.018208 0.013887 0.675011 0.737452
1778055839.683787 -0.478579 4.544273 0.309502 -0.018252 0.013959 0.675004 0.737456
1778055839.731876 -0.478599 4.544297 0.309477 -0.018295 0.013969 0.675052 0.737412
1778055839.784815 -0.478659 4.544275 0.309466 -0.018336 0.013904 0.675078 0.737387
1778055839.838028 -0.478632 4.544252 0.309465 -0.018282 0.013895 0.675056 0.737409
1778055839.891631 -0.478620 4.544249 0.309484 -0.018266 0.013891 0.675038 0.737426
1778055839.944965 -0.478615 4.544277 0.309477 -0.018273 0.013911 0.675004 0.737457
1778055840.000445 -0.478647 4.544253 0.309492 -0.018299 0.013878 0.675034 0.737429
1778055840.056400 -0.478662 4.544234 0.309494 -0.018287 0.013847 0.675026 0.737437
1778055840.105222 -0.478654 4.544250 0.309496 -0.018296 0.013849 0.674998 0.737463
1778055840.158949 -0.478653 4.544316 0.309491 -0.018340 0.013904 0.674986 0.737472
1778055840.211685 -0.478671 4.544286 0.309481 -0.018355 0.013876 0.674997 0.737462
1778055840.264782 -0.478677 4.544279 0.309483 -0.018360 0.013883 0.675006 0.737453
1778055840.319265 -0.478653 4.544306 0.309478 -0.018366 0.013948 0.675003 0.737454
1778055840.371950 -0.478629 4.544349 0.309467 -0.018397 0.013999 0.674968 0.737485
1778055840.425325 -0.478641 4.544392 0.309473 -0.018454 0.014050 0.674997 0.737456
1778055840.478043 -0.478679 4.544376 0.309459 -0.018477 0.014016 0.675047 0.737410
1778055840.531220 -0.478699 4.544380 0.309462 -0.018507 0.013999 0.675051 0.737406
1778055840.587934 -0.478671 4.544418 0.309463 -0.018498 0.014054 0.675054 0.737402
1778055840.637149 -0.478678 4.544404 0.309462 -0.018491 0.014037 0.675047 0.737410
1778055840.695766 -0.478190 4.547888 0.310171 -0.017024 0.011925 0.674715 0.737786
1778055840.746925 -0.478087 4.554884 0.310933 -0.017528 0.010762 0.674122 0.738334
1778055840.804151 -0.477389 4.567225 0.310023 -0.019582 0.010982 0.674229 0.738181
1778055840.857559 -0.475230 4.582427 0.309782 -0.024134 0.010661 0.674052 0.738213
1778055840.907310 -0.473156 4.600636 0.309574 -0.028514 0.017456 0.674997 0.737062
1778055840.965232 -0.468436 4.628205 0.307801 -0.023810 0.023591 0.676477 0.735701
1778055841.015752 -0.468403 4.657657 0.304450 -0.023110 0.009998 0.676407 0.736098
1778055841.074218 -0.462367 4.686550 0.304200 -0.006651 0.022464 0.679588 0.733219
1778055841.120835 -0.460217 4.717927 0.308148 0.001140 0.021519 0.679420 0.733433
1778055841.174158 -0.456746 4.755062 0.310726 0.003264 0.008185 0.678523 0.734526
1778055841.226950 -0.448805 4.801478 0.312135 0.007197 -0.000174 0.678906 0.734190
1778055841.282998 -0.446028 4.837395 0.309044 -0.011771 0.007198 0.676195 0.736594
1778055841.336694 -0.442944 4.880150 0.313747 -0.014041 0.000987 0.675440 0.737280
1778055841.392451 -0.440823 4.928417 0.315688 -0.015687 -0.012309 0.676457 0.736212
1778055841.440534 -0.438050 4.982936 0.315039 -0.006273 -0.020357 0.678416 0.734369
1778055841.508016 -0.433623 5.042863 0.309781 -0.001993 0.002123 0.681058 0.732224
1778055841.548941 -0.431709 5.094313 0.312366 -0.007470 0.009719 0.684335 0.729065
1778055841.601356 -0.425716 5.147810 0.316627 -0.001994 0.008863 0.683811 0.729603
1778055841.657122 -0.418219 5.210200 0.318910 -0.000978 -0.003737 0.683429 0.730007
1778055841.711937 -0.413374 5.253682 0.311336 -0.012593 0.008003 0.682179 0.731033
1778055841.764326 -0.406796 5.315072 0.313350 -0.017784 0.006584 0.681137 0.731910
1778055841.815527 -0.403481 5.365984 0.314809 -0.016113 -0.002630 0.682144 0.731036
1778055841.880141 -0.399760 5.446924 0.305359 -0.013432 -0.002115 0.682964 0.730326
1778055841.920637 -0.395043 5.465220 0.308834 -0.010828 0.007205 0.687086 0.726459
1778055841.972763 -0.391327 5.521334 0.315313 -0.005181 0.007104 0.686800 0.726794
1778055842.028317 -0.384894 5.585141 0.319798 -0.003973 -0.007991 0.685942 0.727602
1778055842.078459 -0.386593 5.597786 0.307580 -0.015894 0.001872 0.685554 0.727846
1778055842.152830 -0.379164 5.644231 0.309915 -0.018841 0.002795 0.683935 0.729295
1778055842.189144 -0.372484 5.700003 0.309861 -0.017134 -0.007677 0.682718 0.730441
1778055842.246148 -0.363993 5.756468 0.300646 -0.012424 0.002645 0.674934 0.737769
1778055842.294520 -0.359257 5.801507 0.302371 -0.013822 -0.019022 0.671778 0.740379
1778055842.346363 -0.349606 5.844911 0.315623 0.004028 0.000486 0.674790 0.737999
1778055842.418152 -0.347125 5.892496 0.320509 0.003958 -0.000720 0.674596 0.738176
1778055842.455595 -0.340827 5.939734 0.320355 0.005971 -0.003409 0.675772 0.737079
1778055842.518948 -0.339212 5.986354 0.315618 -0.019028 0.004587 0.674452 0.738059
1778055842.560336 -0.334420 6.032180 0.318199 -0.016177 0.010330 0.672859 0.739522
1778055842.619155 -0.332821 6.082519 0.319682 -0.012951 -0.003860 0.673862 0.738734
1778055842.672068 -0.330149 6.138222 0.318099 -0.002009 -0.014368 0.676443 0.736352
1778055842.727756 -0.323882 6.202745 0.307735 0.002061 0.007444 0.679620 0.733524
1778055842.791201 -0.320785 6.253063 0.310244 -0.003072 0.007894 0.681735 0.731551
1778055842.831348 -0.314744 6.312626 0.315242 0.002357 0.003669 0.681001 0.732270
1778055842.885096 -0.307905 6.375885 0.311178 0.000515 -0.009281 0.681124 0.732109
1778055842.941596 -0.307262 6.387222 0.311638 -0.015236 0.006793 0.678483 0.734427
1778055842.992071 -0.300355 6.446019 0.316612 -0.015194 0.001136 0.676329 0.736442
1778055843.054476 -0.295122 6.518591 0.318172 -0.009479 -0.008161 0.678504 0.734490
1778055843.105319 -0.293712 6.582773 0.311928 -0.014374 -0.005218 0.679045 0.733937
1778055843.156717 -0.286042 6.643792 0.311746 -0.004212 0.007858 0.684196 0.729244
1778055843.213696 -0.282255 6.704572 0.316652 -0.000710 -0.001143 0.683757 0.729709
1778055843.263734 -0.272853 6.768923 0.297787 -0.001140 -0.010569 0.683397 0.729970
1778055843.319882 -0.273669 6.769189 0.309832 -0.016716 0.005088 0.680919 0.732150
1778055843.369873 -0.267646 6.832243 0.314420 -0.017395 -0.001634 0.678144 0.734721
1778055843.432958 -0.265610 6.901479 0.309589 -0.016620 -0.011477 0.679318 0.733566
1778055843.481120 -0.266584 6.931204 0.305553 -0.017881 -0.009523 0.681264 0.731758
1778055843.534387 -0.259877 6.996653 0.313868 -0.011291 0.003155 0.685262 0.728203
1778055843.589926 -0.263403 7.052601 0.302909 -0.010978 -0.004813 0.683194 0.730139
1778055843.642328 -0.261422 7.096769 0.295174 -0.012430 0.002285 0.683573 0.729773
1778055843.691435 -0.252482 7.095319 0.304043 -0.007557 -0.001908 0.682826 0.730539
1778055843.745402 -0.249043 7.145651 0.316003 -0.008549 0.004792 0.687575 0.726047
1778055843.798890 -0.245840 7.185820 0.302670 -0.020406 0.019117 0.706856 0.706804
1778055843.847527 -0.241030 7.219807 0.306647 -0.028573 0.009187 0.729381 0.683449
1778055843.900132 -0.239621 7.244231 0.306977 -0.030666 -0.006061 0.752057 0.658356
1778055843.954912 -0.237512 7.267199 0.311783 -0.028628 0.001391 0.775982 0.630103
1778055844.007700 -0.244347 7.290585 0.313348 -0.028938 -0.002978 0.800226 0.598993
1778055844.059814 -0.254185 7.317030 0.312382 -0.027990 -0.007087 0.824557 0.565043
1778055844.116068 -0.257824 7.333049 0.309227 -0.023091 -0.018507 0.847315 0.530266
1778055844.170179 -0.269249 7.354302 0.316001 -0.022697 -0.022788 0.867920 0.495662
1778055844.231954 -0.282572 7.370930 0.317741 -0.026527 -0.023572 0.887927 0.458614
1778055844.279070 -0.300134 7.391104 0.316994 -0.025660 -0.023363 0.897592 0.439459
1778055844.333828 -0.317379 7.408761 0.311305 -0.019169 -0.017313 0.898645 0.437917
1778055844.383774 -0.332557 7.422664 0.306890 -0.014639 -0.010971 0.897811 0.440002
1778055844.443385 -0.348041 7.443350 0.313687 -0.016135 -0.010082 0.898322 0.438927
1778055844.495323 -0.361612 7.462961 0.316160 -0.007083 -0.007158 0.898523 0.438812
1778055844.547516 -0.378178 7.485195 0.315209 0.000606 -0.009149 0.898134 0.439626
1778055844.607210 -0.394837 7.509961 0.311801 0.007594 -0.008927 0.897952 0.439938
1778055844.653251 -0.418122 7.534583 0.308403 -0.005509 -0.017641 0.897288 0.441060
1778055844.704473 -0.432781 7.557563 0.311243 -0.011787 -0.008935 0.898583 0.438555
1778055844.761553 -0.448309 7.575718 0.314663 -0.012514 -0.006013 0.904627 0.425979
1778055844.812784 -0.466524 7.597641 0.318030 -0.013318 -0.006057 0.912613 0.408562
1778055844.880075 -0.487534 7.621343 0.318288 -0.013339 -0.005401 0.922516 0.385690
1778055844.920621 -0.507885 7.641235 0.311661 -0.014253 -0.007432 0.932875 0.359840
1778055844.972449 -0.525291 7.663659 0.310759 -0.012969 -0.009846 0.944543 0.327985
1778055845.026783 -0.536507 7.678605 0.313075 -0.014044 -0.001120 0.951277 0.308014
1778055845.079135 -0.554043 7.691144 0.314435 -0.019336 -0.001167 0.953041 0.302222
1778055845.147159 -0.575451 7.703711 0.314650 -0.021565 -0.011694 0.952628 0.303149
1778055845.185999 -0.599419 7.722688 0.312176 -0.020578 -0.008892 0.952504 0.303701
1778055845.251616 -0.619158 7.734219 0.311058 -0.019246 -0.018240 0.952066 0.304742
1778055845.292219 -0.636421 7.746754 0.314413 -0.022622 -0.014793 0.953775 0.299305
1778055845.349972 -0.658154 7.763266 0.314944 -0.027959 -0.015037 0.957275 0.287432
1778055845.396581 -0.679123 7.778610 0.313954 -0.033741 -0.009194 0.962383 0.269438
1778055845.450063 -0.704609 7.793417 0.309852 -0.037324 -0.010389 0.968869 0.244526
1778055845.512488 -0.729170 7.808474 0.309316 -0.028417 -0.015230 0.971537 0.234685
1778055845.557981 -0.747321 7.817677 0.310052 -0.026071 -0.005691 0.971422 0.235853
1778055845.610928 -0.766644 7.827570 0.311094 -0.022428 -0.003242 0.971553 0.235735
1778055845.667359 -0.788904 7.836572 0.311199 -0.021190 -0.013808 0.971382 0.236174
1778055845.716887 -0.814832 7.848695 0.309255 -0.021149 -0.021366 0.971365 0.235685
1778055845.781114 -0.842188 7.862257 0.309790 -0.012171 -0.020650 0.971520 0.235744
1778055845.824352 -0.864688 7.870939 0.314028 -0.018785 -0.026934 0.971188 0.236041
1778055845.877058 -0.887428 7.883375 0.314535 -0.020328 -0.022690 0.971450 0.235280
1778055845.942942 -0.912544 7.896008 0.313097 -0.023398 -0.019160 0.971721 0.234189
1778055845.984959 -0.941300 7.911180 0.311010 -0.022938 -0.015193 0.972053 0.233144
1778055846.037593 -0.969710 7.926316 0.307899 -0.022613 -0.008023 0.972558 0.231422
1778055846.089900 -0.999270 7.942495 0.305010 -0.014345 -0.016016 0.972748 0.230867
1778055846.146505 -1.021260 7.956661 0.310447 -0.009589 -0.005000 0.973342 0.229102
1778055846.200867 -1.046753 7.969013 0.313322 -0.005071 0.000425 0.973249 0.229695
1778055846.255801 -1.073509 7.982880 0.313061 -0.002176 -0.002135 0.973203 0.229929
1778055846.307921 -1.105392 7.999837 0.310788 0.001085 -0.003433 0.973319 0.229430
1778055846.358741 -1.133831 8.011135 0.309145 -0.011715 -0.011148 0.974526 0.223691
1778055846.434216 -1.156640 8.024158 0.313806 -0.011748 -0.005310 0.977857 0.208877
1778055846.469423 -1.177902 8.030837 0.317501 -0.010789 -0.011273 0.980848 0.194151
1778055846.516459 -1.205731 8.040922 0.317666 -0.006981 -0.013446 0.982235 0.187042
1778055846.567012 -1.232046 8.050762 0.316835 -0.002725 -0.013636 0.982269 0.186962
1778055846.620917 -1.261659 8.060577 0.313796 0.000497 -0.012081 0.982260 0.187135
1778055846.690158 -1.294104 8.073805 0.309294 -0.000597 -0.001647 0.982435 0.186599
1778055846.726475 -1.326703 8.085718 0.311363 -0.005157 -0.001467 0.983137 0.182791
1778055846.781155 -1.355883 8.098867 0.313649 0.003230 0.004079 0.983340 0.181701
1778055846.835360 -1.391665 8.114142 0.315123 0.010032 0.006754 0.982940 0.183528
1778055846.891900 -1.432242 8.132242 0.317117 0.016183 -0.002065 0.982889 0.183477
1778055846.942373 -1.470903 8.147516 0.312924 -0.006932 -0.011165 0.982341 0.186640
1778055846.993233 -1.511177 8.167561 0.316867 -0.013119 -0.000570 0.981580 0.190598
1778055847.045672 -1.554502 8.182105 0.317889 -0.012864 -0.005840 0.980607 0.195475
1778055847.103678 -1.597732 8.209570 0.309990 -0.010982 0.003582 0.973946 0.226486
1778055847.154796 -1.622171 8.212396 0.309398 -0.011609 -0.013674 0.962611 0.270294
1778055847.208115 -1.650518 8.229195 0.316491 -0.005765 0.009438 0.950115 0.311705
1778055847.259696 -1.679925 8.244895 0.324437 -0.010547 0.009558 0.933040 0.359491
1778055847.315679 -1.703771 8.266958 0.325862 -0.018424 0.011417 0.914821 0.403277
1778055847.366297 -1.722049 8.291618 0.322982 -0.013884 0.033070 0.909788 0.413521
1778055847.420482 -1.737255 8.302278 0.319324 -0.024913 0.016179 0.910046 0.413443
1778055847.485994 -1.754779 8.327333 0.319916 -0.014324 0.018239 0.909419 0.415234
1778055847.526980 -1.779641 8.358658 0.317324 -0.005361 0.017961 0.909301 0.415717
1778055847.596592 -1.801564 8.386923 0.310928 -0.002593 0.010150 0.909492 0.415590
1778055847.633635 -1.824250 8.415506 0.312141 -0.000336 0.017488 0.910208 0.413781
1778055847.690145 -1.853518 8.447457 0.313775 0.002002 0.008636 0.910612 0.413168
1778055847.747540 -1.885385 8.486669 0.313675 0.002370 -0.003158 0.911033 0.412315
1778055847.794559 -1.899311 8.506681 0.310416 -0.020211 -0.000700 0.909350 0.415540
1778055847.849164 -1.924531 8.538321 0.314082 -0.023897 -0.004372 0.907860 0.418570
1778055847.902660 -1.952249 8.576401 0.313758 -0.022843 -0.005379 0.904611 0.425592
1778055847.958307 -1.976885 8.611449 0.313457 -0.024034 0.003757 0.895890 0.443609
1778055848.009696 -1.996731 8.633617 0.307854 -0.024510 -0.020317 0.877987 0.477625
1778055848.074346 -2.012129 8.660282 0.313064 -0.013611 -0.004509 0.859673 0.510644
1778055848.118737 -2.027373 8.683715 0.321781 -0.015835 -0.001239 0.836068 0.548396
1778055848.173453 -2.040017 8.709867 0.324119 -0.018754 0.000186 0.805957 0.591677
1778055848.226580 -2.044420 8.733712 0.323280 -0.008742 0.005441 0.773670 0.633505
1778055848.281205 -2.059529 8.753886 0.319886 -0.013367 -0.000188 0.746272 0.665507
1778055848.332290 -2.062434 8.776757 0.320578 -0.030705 0.001481 0.738571 0.673474
1778055848.386770 -2.065003 8.805130 0.319181 -0.025898 0.003865 0.736336 0.676109
1778055848.440784 -2.068084 8.839838 0.316646 -0.018534 0.005104 0.737344 0.675244
1778055848.500095 -2.075103 8.878495 0.312917 -0.016761 -0.003615 0.737488 0.675142
1778055848.547338 -2.074476 8.915238 0.311646 -0.003925 0.006052 0.738627 0.674076
1778055848.599954 -2.077436 8.950645 0.314053 0.006986 0.006922 0.738422 0.674267
1778055848.655027 -2.087223 8.984136 0.295507 -0.000226 -0.001357 0.735910 0.677079
1778055848.709989 -2.094322 9.011807 0.297752 -0.008504 0.010182 0.730955 0.682297
1778055848.767622 -2.102801 9.036223 0.302081 0.001772 0.012455 0.722681 0.691067
1778055848.815969 -2.105050 9.057212 0.310915 -0.005431 0.018530 0.716304 0.697521
1778055848.868794 -2.105099 9.076242 0.312716 -0.010404 0.022056 0.715625 0.698059
1778055848.925153 -2.105621 9.090726 0.313893 -0.014913 0.019579 0.715371 0.698312
1778055848.977325 -2.106058 9.103817 0.313300 -0.018857 0.020532 0.712887 0.700725
1778055849.035288 -2.107126 9.117171 0.312058 -0.020160 0.015758 0.710120 0.703616
1778055849.085493 -2.110794 9.130602 0.310034 -0.021366 0.009136 0.709561 0.704261
1778055849.149170 -2.114971 9.141313 0.309273 -0.022410 0.004326 0.708436 0.705406
1778055849.197421 -2.119227 9.156912 0.308721 -0.020377 0.001912 0.708903 0.705009
1778055849.246634 -2.121927 9.182693 0.308218 -0.010963 -0.007070 0.710641 0.703434
1778055849.296448 -2.122738 9.210837 0.308424 -0.001075 -0.004421 0.712182 0.701980
1778055849.353205 -2.125517 9.244643 0.310447 -0.006546 0.000295 0.714740 0.699359
1778055849.420717 -2.124286 9.273872 0.311584 0.003440 0.000017 0.713616 0.700529
1778055849.462414 -2.125691 9.304994 0.311357 0.007737 -0.002560 0.712152 0.701978
1778055849.513888 -2.127267 9.340249 0.309436 0.005411 -0.008296 0.709947 0.704186
1778055849.569962 -2.130301 9.374946 0.305268 0.005011 -0.001653 0.704712 0.709474
1778055849.622799 -2.138873 9.394644 0.309610 -0.000749 -0.001892 0.694565 0.719427
1778055849.677997 -2.142047 9.411596 0.311881 -0.001501 0.000686 0.683530 0.729921
1778055849.728616 -2.145295 9.429447 0.311703 -0.000710 -0.002204 0.672242 0.740328
1778055849.783000 -2.147475 9.446731 0.309576 -0.001051 -0.011964 0.668273 0.743819
1778055849.836838 -2.146763 9.463581 0.309327 0.002836 -0.001769 0.671314 0.741165
1778055849.884661 -2.145206 9.479609 0.308538 0.002799 0.004600 0.673994 0.738717
1778055849.945107 -2.142791 9.498530 0.307736 0.001159 0.010596 0.674958 0.737779
1778055849.991966 -2.140117 9.520115 0.306765 -0.003474 0.013456 0.675798 0.736956
1778055850.046041 -2.138818 9.543528 0.306453 -0.005350 0.007768 0.676390 0.736483
1778055850.098940 -2.141173 9.564101 0.305131 -0.005047 0.003520 0.676077 0.736805
1778055850.152708 -2.138576 9.587684 0.306389 -0.001907 0.011258 0.673509 0.739091
1778055850.206836 -2.137814 9.615777 0.308364 -0.005323 0.010476 0.658334 0.752634
1778055850.260420 -2.136064 9.644833 0.310368 -0.025589 0.003397 0.636393 0.770933
1778055850.330777 -2.128697 9.681643 0.306133 -0.018347 0.012156 0.623754 0.781311
1778055850.370570 -2.126016 9.701236 0.305972 -0.022785 0.012140 0.623981 0.781013
1778055850.419866 -2.119259 9.727350 0.308316 -0.017352 0.012568 0.623244 0.781734
1778055850.474926 -2.111052 9.759335 0.308290 -0.011357 0.007590 0.624262 0.781095
1778055850.529121 -2.098701 9.799160 0.308444 -0.003306 0.005591 0.625749 0.779998
1778055850.585780 -2.093037 9.834299 0.308021 -0.005833 0.004358 0.626404 0.779465
1778055850.630869 -2.082591 9.869057 0.310682 0.002767 0.005595 0.625985 0.779810
1778055850.685988 -2.073153 9.914764 0.311243 0.010989 0.001168 0.624405 0.781023
1778055850.739787 -2.062420 9.961141 0.312578 0.011522 -0.009320 0.624292 0.781050
1778055850.795264 -2.051656 10.009424 0.310329 -0.007879 -0.006851 0.624769 0.780740
1778055850.853236 -2.039090 10.051720 0.311329 -0.009935 0.003835 0.621807 0.783098
1778055850.897384 -2.028369 10.102129 0.312776 -0.010430 -0.004222 0.622478 0.782557
1778055850.955051 -2.015753 10.159021 0.313430 -0.003374 -0.010459 0.624774 0.780729
1778055851.004917 -2.003119 10.213528 0.309483 -0.002792 0.006955 0.626152 0.779665
1778055851.059219 -1.992124 10.263768 0.310052 -0.001432 0.016365 0.629573 0.776768
1778055851.113276 -1.977410 10.319913 0.315056 0.002777 0.009412 0.629109 0.777255
1778055851.165240 -1.959493 10.383005 0.306063 0.004742 -0.004524 0.628717 0.777606
1778055851.215599 -1.960258 10.400537 0.309057 -0.011604 0.009523 0.626245 0.779482
1778055851.271167 -1.941446 10.450557 0.314936 -0.024355 0.013339 0.637039 0.770331
1778055851.323950 -1.927118 10.494721 0.300368 -0.027404 0.025174 0.665087 0.745838
1778055851.380084 -1.926605 10.533696 0.304113 -0.050738 -0.000056 0.692387 0.719740
1778055851.429043 -1.916971 10.573002 0.307110 -0.059906 -0.017325 0.704135 0.707322
1778055851.489182 -1.925290 10.599546 0.284086 -0.093219 -0.036740 0.707093 0.699986
1778055851.535015 -1.927312 10.619573 0.288708 -0.073528 -0.037459 0.717276 0.691886
1778055851.589790 -1.927815 10.650508 0.295862 -0.062923 -0.039247 0.723112 0.686739
1778055851.650315 -1.920249 10.676254 0.307409 -0.065870 -0.019817 0.718628 0.691985
1778055851.696061 -1.915786 10.699688 0.309305 -0.060514 -0.002672 0.717317 0.694109
1778055851.748728 -1.912368 10.723130 0.307341 -0.063011 -0.000462 0.716913 0.694309
1778055851.805955 -1.910255 10.746099 0.307391 -0.050792 0.000539 0.718796 0.693363
1778055851.858752 -1.910933 10.768306 0.302943 -0.045474 -0.001422 0.719225 0.693286
1778055851.920817 -1.913247 10.795975 0.301828 -0.034618 0.002153 0.720140 0.692961
1778055851.976740 -1.911177 10.822124 0.304467 -0.016702 0.013190 0.720358 0.693276
1778055852.020979 -1.912051 10.851883 0.309583 0.000851 0.004471 0.720881 0.693044
1778055852.075554 -1.906095 10.900192 0.315342 0.018094 -0.008305 0.722643 0.690935
1778055852.123115 -1.916786 10.926039 0.308989 -0.021941 -0.010098 0.718949 0.694643
1778055852.182658 -1.911022 10.974163 0.313708 -0.017089 0.004064 0.716758 0.697101
1778055852.229450 -1.914072 11.029895 0.316691 -0.013248 -0.009350 0.717540 0.696329
1778055852.298489 -1.920118 11.097313 0.312975 -0.006085 -0.018200 0.718803 0.694949
1778055852.335438 -1.909598 11.109620 0.308507 -0.007901 0.013387 0.722335 0.691369
1778055852.397643 -1.912604 11.169108 0.310320 -0.004373 0.022868 0.723082 0.690369
1778055852.442064 -1.913608 11.237041 0.314405 -0.002634 0.007644 0.722579 0.691242
1778055852.500627 -1.912484 11.278559 0.304460 -0.006064 0.009447 0.722707 0.691064
1778055852.558216 -1.916753 11.297610 0.307932 -0.020182 0.005835 0.720897 0.692724
1778055852.604019 -1.918367 11.362805 0.311030 -0.013541 -0.005867 0.722006 0.691730
1778055852.654171 -1.923239 11.433495 0.297633 -0.009839 -0.010373 0.723408 0.690273
1778055852.724242 -1.925391 11.457834 0.307166 -0.012324 -0.002141 0.725789 0.687804
1778055852.758917 -1.925327 11.523886 0.312977 -0.005105 0.006687 0.728285 0.685223
1778055852.813451 -1.928376 11.586957 0.295498 -0.000962 -0.005352 0.728363 0.685170
1778055852.866524 -1.936139 11.622972 0.300430 -0.010659 -0.006297 0.728238 0.685213
1778055852.927514 -1.936717 11.620246 0.306402 -0.019868 0.000422 0.725771 0.687649
1778055852.969600 -1.942512 11.677763 0.312865 -0.013757 -0.010857 0.727009 0.686405
1778055853.021899 -1.939949 11.745626 0.313763 -0.002027 -0.020866 0.726523 0.686822
1778055853.078012 -1.941082 11.788383 0.311293 0.000207 -0.014208 0.709353 0.704711
1778055853.128757 -1.944726 11.819739 0.315617 -0.010311 -0.022246 0.688747 0.724587
1778055853.195995 -1.943115 11.865871 0.319970 -0.005542 -0.013235 0.681645 0.731543
1778055853.235037 -1.942723 11.907139 0.322784 -0.005839 -0.015386 0.681849 0.731308
1778055853.295484 -1.940565 11.953121 0.321915 -0.005629 -0.013328 0.685220 0.728193
1778055853.347184 -1.944566 11.986777 0.320952 -0.009571 -0.012221 0.685577 0.727835
1778055853.399336 -1.942621 12.025672 0.322182 -0.006343 -0.008409 0.685712 0.727797
1778055853.454576 -1.942038 12.068151 0.321777 -0.005363 -0.015662 0.685840 0.727564
1778055853.504289 -1.941575 12.116413 0.319926 -0.000332 -0.020434 0.686716 0.726638
1778055853.566776 -1.940072 12.171939 0.314619 0.003482 0.000925 0.688671 0.725065
1778055853.608882 -1.938095 12.217273 0.311859 -0.003645 0.011956 0.691944 0.721843
1778055853.662423 -1.933570 12.269912 0.314355 0.000071 0.009384 0.691964 0.721871
1778055853.724153 -1.928169 12.326705 0.316479 0.001306 -0.004810 0.691815 0.722058
1778055853.772767 -1.924340 12.371572 0.311189 -0.011256 0.004421 0.690125 0.723590
1778055853.837305 -1.917704 12.430907 0.313557 -0.015441 0.006264 0.689123 0.724453
1778055853.875038 -1.914191 12.487638 0.314505 -0.011188 -0.000507 0.690846 0.722915
1778055853.925125 -1.911326 12.551839 0.306845 -0.006594 -0.000975 0.692881 0.721021
1778055853.985309 -1.908101 12.614213 0.308510 -0.012647 0.003868 0.694716 0.719162
1778055854.037058 -1.901713 12.672020 0.313294 0.004239 0.007813 0.695391 0.718577
1778055854.089159 -1.898208 12.734459 0.318229 0.006379 -0.006174 0.694043 0.719879
1778055854.141100 -1.895135 12.802693 0.307151 -0.002420 -0.008381 0.694227 0.719703
1778055854.194607 -1.889584 12.828756 0.311703 -0.020269 0.005176 0.690909 0.722639
1778055854.249497 -1.887523 12.892768 0.314575 -0.016686 -0.000548 0.690436 0.723201
1778055854.302838 -1.885256 12.965704 0.298663 -0.010124 -0.004415 0.692969 0.720883
1778055854.366656 -1.882074 12.988609 0.306043 -0.010707 -0.002475 0.695423 0.718517
1778055854.404847 -1.877031 13.049856 0.312362 -0.000715 0.001686 0.696902 0.717164
1778055854.462519 -1.873507 13.115221 0.316832 0.003773 -0.008248 0.696054 0.717932
1778055854.521601 -1.873340 13.168429 0.306396 -0.009488 -0.009935 0.695506 0.718389
1778055854.564847 -1.869452 13.188116 0.312200 -0.023536 0.003758 0.692470 0.721053
1778055854.622824 -1.868045 13.256392 0.315668 -0.017191 -0.003909 0.693403 0.720335
1778055854.673045 -1.866433 13.332695 0.300828 -0.012801 -0.006476 0.695565 0.718320
1778055854.745313 -1.865584 13.331067 0.305062 -0.010884 -0.004358 0.698404 0.715608
1778055854.778430 -1.866343 13.386858 0.305459 -0.011193 -0.004555 0.698399 0.715607
1778055854.831770 -1.876187 13.442119 0.291178 -0.027368 -0.011793 0.696318 0.717115
1778055854.898258 -1.870674 13.488284 0.297778 -0.003717 0.001908 0.699149 0.714964
1778055854.941440 -1.876205 13.526413 0.309338 -0.005888 -0.004590 0.699323 0.714767
1778055854.997329 -1.873400 13.565184 0.313493 -0.008522 -0.001448 0.700187 0.713907
1778055855.045364 -1.869776 13.606177 0.314747 -0.010767 0.004070 0.701355 0.712719
1778055855.099955 -1.868909 13.645588 0.312026 -0.018677 -0.000918 0.701979 0.711952
1778055855.152762 -1.863039 13.677218 0.309527 -0.008634 -0.000994 0.701643 0.712476
1778055855.204062 -1.862577 13.704196 0.314573 -0.002931 0.002748 0.701772 0.712390
1778055855.270094 -1.862997 13.733792 0.316524 -0.000584 0.002104 0.701856 0.712316
1778055855.309552 -1.862227 13.768358 0.315780 -0.001070 -0.003484 0.702573 0.711603
1778055855.360810 -1.859151 13.805443 0.313673 -0.005786 -0.005928 0.704078 0.710075
1778055855.415562 -1.863449 13.837663 0.311479 -0.016543 -0.007276 0.701133 0.712801
1778055855.468452 -1.863743 13.869258 0.314427 -0.014228 -0.005670 0.700637 0.713353
1778055855.531092 -1.864502 13.904775 0.314089 -0.014900 -0.007438 0.701896 0.712085
1778055855.579387 -1.864816 13.943084 0.311640 -0.012963 -0.007564 0.703406 0.710630
1778055855.628963 -1.863539 13.978423 0.309106 -0.011789 -0.001044 0.704777 0.709331
1778055855.679230 -1.859847 14.015921 0.305916 -0.013640 -0.008181 0.705362 0.708669
1778055855.734364 -1.857957 14.045403 0.311746 -0.003931 -0.006977 0.706699 0.707469
1778055855.793397 -1.857985 14.075191 0.313600 0.000556 -0.005707 0.705471 0.708715
1778055855.841500 -1.857686 14.107203 0.312737 -0.004325 -0.010731 0.698092 0.715915
1778055855.902965 -1.856611 14.139518 0.309998 -0.004124 -0.005822 0.690454 0.723341
1778055855.956858 -1.858027 14.167033 0.312013 -0.009742 -0.006699 0.688406 0.725229
1778055856.001699 -1.858672 14.189564 0.315370 -0.009820 -0.005767 0.688932 0.724737
1778055856.055340 -1.857600 14.214321 0.315838 -0.011610 -0.004740 0.688993 0.724660
1778055856.109891 -1.857349 14.243670 0.314831 -0.012771 -0.005943 0.689260 0.724377
1778055856.170352 -1.855207 14.275568 0.312131 -0.011048 -0.000669 0.690411 0.723333
1778055856.214466 -1.855286 14.305034 0.308783 -0.014588 -0.001590 0.691744 0.721994
1778055856.268659 -1.852478 14.335539 0.307439 -0.008115 -0.003628 0.692280 0.721574
1778055856.327255 -1.850920 14.362926 0.311603 -0.003916 -0.002421 0.693828 0.720126
1778055856.378376 -1.850298 14.389234 0.313533 -0.004083 -0.001168 0.688263 0.725449
1778055856.435518 -1.849564 14.418682 0.313274 -0.015388 -0.007181 0.675899 0.736799
1778055856.485595 -1.846691 14.447117 0.311893 -0.010901 -0.004446 0.659332 0.751760
1778055856.538344 -1.845472 14.472248 0.313815 -0.012003 -0.009691 0.637229 0.770520
1778055856.592658 -1.844585 14.489936 0.315946 -0.018979 -0.007665 0.612759 0.790004
1778055856.647375 -1.838365 14.508684 0.315244 -0.020276 -0.008007 0.586073 0.809965
1778055856.704038 -1.830884 14.530334 0.314208 -0.022767 -0.005414 0.568397 0.822422
1778055856.749021 -1.820830 14.552921 0.312269 -0.021054 0.003999 0.565729 0.824313
1778055856.809625 -1.813015 14.571987 0.309215 -0.021056 0.009884 0.566322 0.823856
1778055856.857802 -1.803788 14.603280 0.304947 -0.024375 -0.004673 0.567021 0.823329
1778055856.911603 -1.795482 14.624775 0.306465 -0.015765 0.004327 0.568475 0.822538
1778055856.961355 -1.787040 14.646831 0.307965 -0.008115 0.010130 0.568370 0.822671
1778055857.014703 -1.778640 14.672081 0.308813 -0.012311 0.006093 0.567577 0.823206
1778055857.073269 -1.768604 14.702278 0.308335 -0.017879 0.000871 0.567726 0.823023
1778055857.124722 -1.755328 14.727789 0.307787 -0.006785 -0.002080 0.569260 0.822127
1778055857.193114 -1.748695 14.756300 0.311752 -0.017467 -0.009510 0.567544 0.823103
1778055857.234906 -1.739302 14.781982 0.314315 -0.017774 -0.007086 0.568393 0.822535
1778055857.283303 -1.729729 14.808462 0.313435 -0.019895 -0.006494 0.569120 0.821988
1778055857.339135 -1.718498 14.841028 0.311352 -0.018805 -0.005715 0.570784 0.820865
1778055857.394714 -1.705482 14.870755 0.309364 -0.015817 0.000658 0.572755 0.819574
1778055857.441758 -1.694080 14.903836 0.303844 -0.021027 -0.008478 0.572931 0.819290
1778055857.497476 -1.682130 14.922391 0.307191 -0.009575 -0.004695 0.574852 0.818188
1778055857.548192 -1.672772 14.947830 0.310592 -0.003755 -0.004074 0.575025 0.818117
1778055857.607020 -1.662669 14.975153 0.310742 -0.002221 -0.004850 0.574602 0.818416
1778055857.654598 -1.651398 15.003373 0.309808 0.000173 -0.006835 0.574838 0.818239
1778055857.730995 -1.638543 15.042048 0.308024 -0.010932 -0.009533 0.575207 0.817879
1778055857.773043 -1.626447 15.071008 0.311983 -0.015665 -0.005987 0.574288 0.818482
1778055857.824703 -1.619323 15.097352 0.315470 -0.013023 -0.006991 0.575434 0.817715
1778055857.880868 -1.609673 15.128324 0.315166 -0.011957 -0.009388 0.576305 0.817093
1778055857.934976 -1.598959 15.164960 0.312611 -0.009481 -0.012399 0.577767 0.816053
1778055857.992807 -1.587104 15.199168 0.310257 -0.007404 -0.008704 0.579462 0.814919
1778055858.037486 -1.573153 15.231896 0.305510 -0.014013 -0.008366 0.580311 0.814231
1778055858.091098 -1.562004 15.255532 0.308862 -0.010723 -0.004813 0.577208 0.816513
1778055858.145553 -1.551576 15.280432 0.311257 -0.006363 -0.003000 0.565987 0.824384
1778055858.198304 -1.542025 15.307444 0.312414 -0.016642 -0.004774 0.546469 0.837301
1778055858.259240 -1.529881 15.333320 0.312385 -0.012925 -0.005106 0.524791 0.851118
1778055858.306331 -1.515887 15.356278 0.315725 -0.003872 -0.012526 0.500771 0.865480
1778055858.357388 -1.509249 15.375608 0.318270 -0.018859 -0.013388 0.470252 0.882229
1778055858.415045 -1.497735 15.390444 0.318289 -0.019458 -0.005728 0.435076 0.900165
1778055858.468409 -1.481569 15.406598 0.316414 -0.016988 -0.000467 0.399943 0.916383
1778055858.532767 -1.461765 15.422637 0.313568 -0.009215 0.007832 0.364675 0.931057
1778055858.583122 -1.440176 15.441935 0.308907 -0.013832 -0.000945 0.323149 0.946247
1778055858.639905 -1.430229 15.450294 0.309208 0.004390 0.006816 0.292148 0.956339
1778055858.686882 -1.413463 15.461491 0.315352 0.007551 0.007199 0.259382 0.965718
1778055858.737771 -1.390816 15.471215 0.317287 0.009756 0.005865 0.244154 0.969670
1778055858.791452 -1.367541 15.481272 0.315627 0.014228 0.003888 0.246855 0.968940
1778055858.846932 -1.343640 15.490483 0.312932 0.004919 0.010070 0.250258 0.968114
1778055858.905341 -1.318600 15.501391 0.313274 0.005889 0.016743 0.251391 0.967723
1778055858.953995 -1.298776 15.512898 0.314320 0.008209 0.012386 0.250990 0.967876
1778055859.006891 -1.273569 15.527943 0.315491 0.005949 0.008077 0.250791 0.967989
1778055859.058539 -1.243905 15.545050 0.313214 0.004387 0.004642 0.252999 0.967446
1778055859.111064 -1.214509 15.559700 0.305573 -0.005253 -0.004065 0.253713 0.967257
1778055859.168104 -1.191264 15.569919 0.308281 0.002027 -0.001115 0.255344 0.966848
1778055859.218612 -1.167998 15.583290 0.310506 0.006024 -0.000227 0.256742 0.966461
1778055859.282542 -1.139182 15.601178 0.310466 -0.004582 -0.003319 0.255925 0.966680
1778055859.337437 -1.113538 15.617929 0.309330 -0.014269 -0.004206 0.254501 0.966958
1778055859.384473 -1.085631 15.632620 0.308204 -0.010698 -0.009127 0.245986 0.969172
1778055859.438620 -1.066833 15.646992 0.310677 -0.022913 -0.008333 0.229088 0.973100
1778055859.490313 -1.047787 15.658178 0.312290 -0.023990 -0.001462 0.210570 0.977283
1778055859.538823 -1.032046 15.664928 0.312620 -0.023348 0.000249 0.188883 0.981722
1778055859.590923 -1.006138 15.674031 0.311958 -0.019041 0.002826 0.155614 0.987630
1778055859.645385 -0.980863 15.679745 0.311037 -0.010964 0.003524 0.124262 0.992183
1778055859.704060 -0.954973 15.684156 0.308661 -0.005668 0.002733 0.088711 0.996038
1778055859.763774 -0.926966 15.684351 0.306299 -0.010772 -0.003978 0.060482 0.998103
1778055859.806355 -0.904046 15.683529 0.309504 -0.001012 -0.001486 0.061030 0.998134
1778055859.857382 -0.882014 15.685919 0.311039 0.002794 -0.000009 0.056732 0.998386
1778055859.912027 -0.860107 15.685511 0.310919 0.006785 0.000921 0.054870 0.998470
1778055859.967677 -0.835096 15.687392 0.310118 0.015251 -0.003276 0.054849 0.998373
1778055860.020915 -0.808844 15.688677 0.309385 0.018314 -0.011694 0.055003 0.998250
1778055860.072969 -0.779471 15.695090 0.309153 0.005322 -0.008905 0.053012 0.998540
1778055860.132162 -0.751019 15.700977 0.310475 0.007745 0.002510 0.052911 0.998566
1778055860.183410 -0.725978 15.707528 0.313307 0.002376 -0.003663 0.053898 0.998537
1778055860.241800 -0.697065 15.713508 0.313717 -0.005635 -0.008894 0.055074 0.998427
1778055860.291554 -0.664193 15.721210 0.311510 -0.011775 -0.016019 0.055580 0.998256
1778055860.348279 -0.630617 15.727798 0.309150 -0.012233 -0.018482 0.057464 0.998102
1778055860.398069 -0.595669 15.729592 0.306781 -0.000056 -0.005625 0.062041 0.998058
1778055860.454940 -0.567857 15.734116 0.308198 -0.010303 -0.003893 0.064692 0.997845
1778055860.505937 -0.538474 15.735376 0.310048 -0.003437 -0.009735 0.065411 0.997805
1778055860.557293 -0.510599 15.738440 0.309469 -0.001436 -0.011100 0.063958 0.997890
1778055860.611718 -0.482565 15.741295 0.308542 -0.001914 -0.013544 0.063674 0.997877
1778055860.661473 -0.447826 15.746328 0.307582 -0.007555 -0.012011 0.063913 0.997855
1778055860.715349 -0.418018 15.749516 0.306606 -0.013050 -0.004520 0.061264 0.998026
1778055860.767478 -0.393842 15.755318 0.311212 -0.012770 -0.002345 0.050709 0.998629
1778055860.823045 -0.370819 15.758872 0.312693 -0.011431 -0.000254 0.035062 0.999320
1778055860.874533 -0.344372 15.761638 0.311453 -0.010154 0.001157 0.014756 0.999839
1778055860.926972 -0.316815 15.761872 0.309620 -0.005364 0.002557 -0.012665 0.999902
1778055860.990441 -0.293081 15.759578 0.306913 -0.000674 0.001585 -0.039917 0.999202
1778055861.034611 -0.268851 15.755497 0.305268 -0.007107 0.000107 -0.071460 0.997418
1778055861.086919 -0.242109 15.747494 0.303524 -0.004693 -0.002974 -0.087882 0.996115
1778055861.137600 -0.221383 15.738262 0.306799 0.000930 -0.004579 -0.086144 0.996272
1778055861.190687 -0.201074 15.732410 0.308318 0.004514 -0.002841 -0.090767 0.995858
1778055861.253358 -0.181161 15.725572 0.308189 0.009764 -0.005472 -0.091751 0.995719
1778055861.298020 -0.158290 15.719107 0.307640 0.014727 -0.011435 -0.092138 0.995572
1778055861.350578 -0.134520 15.711315 0.306141 0.019045 -0.022742 -0.090151 0.995486
1778055861.407032 -0.105693 15.712877 0.311654 -0.007653 -0.007389 -0.074137 0.997191
1778055861.459425 -0.083912 15.710094 0.314326 -0.007672 -0.004676 -0.044907 0.998951
1778055861.515939 -0.059537 15.711676 0.318025 -0.025378 -0.005847 -0.015158 0.999546
1778055861.564515 -0.031313 15.714525 0.320556 -0.038284 -0.007755 0.019920 0.999038
1778055861.618242 0.002286 15.707323 0.317639 -0.024952 -0.004498 0.052088 0.998321
1778055861.678516 0.025537 15.711694 0.319666 -0.027737 -0.004710 0.058405 0.997896
1778055861.726591 0.050569 15.712435 0.319965 -0.022097 -0.002724 0.061259 0.997874
1778055861.783335 0.075875 15.715651 0.319091 -0.020425 -0.006605 0.061540 0.997874
1778055861.835839 0.105530 15.719276 0.315901 -0.017889 -0.010426 0.061623 0.997885
1778055861.900093 0.135031 15.726031 0.310913 -0.024799 -0.005063 0.067776 0.997380
1778055861.948542 0.162191 15.732070 0.311857 -0.021915 0.005170 0.081054 0.996455
1778055862.003596 0.180267 15.736720 0.314994 -0.019110 0.003772 0.097482 0.995047
1778055862.053765 0.205690 15.744762 0.315742 -0.021717 -0.000934 0.103108 0.994433
1778055862.109219 0.231520 15.752027 0.314797 -0.023013 -0.007298 0.102512 0.994439
1778055862.166847 0.258196 15.759976 0.311534 -0.019642 -0.009531 0.101360 0.994610
1778055862.215766 0.288935 15.763023 0.307746 -0.003784 0.003869 0.106669 0.994280
1778055862.267615 0.311546 15.766562 0.306448 -0.005442 0.002119 0.109944 0.993921
1778055862.324959 0.334602 15.769272 0.309936 -0.003577 -0.002332 0.111212 0.993788
1778055862.375066 0.356587 15.772412 0.311945 -0.002301 -0.007330 0.095437 0.995406
1778055862.446262 0.383262 15.777787 0.314411 -0.012577 -0.006919 0.069372 0.997488
1778055862.482280 0.412065 15.780437 0.313331 -0.014871 -0.001545 0.061268 0.998009
1778055862.534156 0.438926 15.784373 0.314108 -0.017250 0.001062 0.063340 0.997842
1778055862.586344 0.459955 15.787765 0.317589 -0.013160 0.002484 0.062523 0.997954
1778055862.642791 0.486729 15.791127 0.316645 -0.011397 0.004472 0.063153 0.997929
1778055862.701662 0.520027 15.795618 0.314015 -0.011326 0.005061 0.063485 0.997906
1778055862.750789 0.555522 15.798998 0.310981 -0.005441 0.007427 0.064096 0.997901
1778055862.814632 0.591103 15.805657 0.308928 -0.010456 0.001500 0.064772 0.997844
1778055862.859631 0.621577 15.806556 0.311934 0.002832 -0.000593 0.066582 0.997777
1778055862.913984 0.657853 15.811567 0.313734 0.008502 -0.005875 0.066195 0.997753
1778055862.962548 0.701590 15.815268 0.315025 0.005377 -0.012388 0.066359 0.997704
1778055863.018190 0.750856 15.821011 0.313601 -0.008310 -0.006965 0.066226 0.997746
1778055863.081867 0.787435 15.821644 0.313378 -0.006876 0.009731 0.063694 0.997898
1778055863.122107 0.836720 15.827197 0.316117 -0.010449 0.008171 0.062999 0.997925
1778055863.177513 0.891943 15.835598 0.316719 -0.011739 0.002724 0.065290 0.997794
1778055863.235473 0.955198 15.846952 0.311591 -0.007199 0.003726 0.066774 0.997735
1778055863.286560 0.974476 15.848080 0.311768 -0.003442 0.009498 0.071003 0.997425
1778055863.342971 1.025211 15.854180 0.315699 -0.001025 0.005493 0.070834 0.997473
1778055863.392901 1.084486 15.860393 0.317414 -0.006009 -0.005792 0.069297 0.997561
1778055863.451321 1.135577 15.869277 0.309660 -0.016476 0.005503 0.068296 0.997514
1778055863.499228 1.175637 15.870904 0.312155 -0.011109 0.014622 0.066224 0.997636
1778055863.554298 1.235982 15.880394 0.313755 -0.012896 0.002794 0.067141 0.997656
1778055863.606477 1.304021 15.890877 0.305943 -0.011987 -0.009994 0.070167 0.997413
1778055863.657261 1.350686 15.889946 0.307932 -0.001319 0.009806 0.074028 0.997207
1778055863.713618 1.410700 15.900871 0.313804 0.004723 0.008851 0.076155 0.997046
1778055863.767474 1.474064 15.907391 0.319454 0.002212 -0.001520 0.076018 0.997103
1778055863.821563 1.540302 15.912364 0.304376 -0.000232 -0.006693 0.075958 0.997089
1778055863.872801 1.532226 15.915696 0.311040 -0.016236 0.016487 0.069731 0.997298
1778055863.922429 1.598710 15.925769 0.315184 -0.016581 0.008909 0.067651 0.997532
1778055863.989904 1.672034 15.937447 0.301843 -0.016432 0.000247 0.069799 0.997426
1778055864.034999 1.693560 15.940579 0.308134 -0.014479 0.004331 0.073751 0.997162
1778055864.086283 1.758628 15.949641 0.314445 -0.005263 0.004197 0.075134 0.997151
1778055864.140738 1.820198 15.956674 0.319588 -0.009363 -0.002361 0.074303 0.997189
1778055864.195199 1.863729 15.961908 0.308752 -0.004976 0.005891 0.075617 0.997107
1778055864.250750 1.908585 15.970750 0.310800 -0.009634 0.012998 0.071606 0.997302
1778055864.300767 1.972270 15.981938 0.313117 -0.016569 0.002047 0.073965 0.997121
1778055864.352332 2.048901 15.993906 0.301833 -0.016049 -0.000496 0.075094 0.997047
1778055864.407961 2.070698 15.992105 0.309165 -0.015084 0.005848 0.080411 0.996631
1778055864.460105 2.122917 16.005146 0.310614 -0.017149 0.008778 0.080262 0.996588
1778055864.515880 2.177905 16.019650 0.295657 -0.025030 0.014703 0.079468 0.996415
1778055864.567153 2.219128 16.024290 0.299153 0.006409 -0.001362 0.082201 0.996594
1778055864.621735 2.258049 16.037968 0.310705 -0.004036 -0.004368 0.079922 0.996783
1778055864.676259 2.299463 16.041582 0.312238 -0.007125 -0.000224 0.083464 0.996485
1778055864.728909 2.342988 16.045147 0.312997 -0.004623 0.008985 0.085632 0.996276
1778055864.784659 2.378190 16.051125 0.309984 -0.013567 0.005997 0.086697 0.996124
1778055864.832631 2.408363 16.049572 0.310835 -0.003631 0.003794 0.089180 0.996002
1778055864.889997 2.437869 16.053003 0.314522 0.003508 0.001344 0.090299 0.995908
1778055864.941074 2.469341 16.057789 0.315135 0.004242 -0.001104 0.090264 0.995908
1778055864.995346 2.505549 16.061831 0.313935 0.004778 -0.007545 0.090363 0.995869
1778055865.053087 2.540775 16.071119 0.309354 -0.010199 -0.003395 0.088454 0.996022
1778055865.106390 2.571210 16.074381 0.313127 -0.005060 0.004014 0.074441 0.997205
1778055865.169690 2.594835 16.080957 0.315368 -0.007208 0.000493 0.058368 0.998269
1778055865.218783 2.623776 16.086443 0.313831 -0.008261 -0.001490 0.034528 0.999369
1778055865.269939 2.649619 16.089779 0.311265 -0.006241 -0.001760 0.008150 0.999946
1778055865.335829 2.675653 16.091120 0.308491 -0.005003 -0.002555 -0.016397 0.999850
1778055865.379205 2.700460 16.090014 0.304363 -0.002334 0.002108 -0.022076 0.999751
1778055865.432211 2.725088 16.088411 0.300565 -0.011698 0.006445 -0.020968 0.999691
1778055865.492069 2.750785 16.086601 0.301408 -0.007686 0.004141 -0.018550 0.999790
1778055865.548023 2.772416 16.084351 0.303404 -0.000317 0.001727 -0.020134 0.999796
1778055865.597735 2.795339 16.083393 0.303711 0.005997 0.000522 -0.021345 0.999754
1778055865.651112 2.820943 16.082428 0.303910 0.000733 -0.001718 -0.022616 0.999743
1778055865.699627 2.847661 16.081257 0.303890 -0.002159 -0.005189 -0.025379 0.999662
1778055865.750775 2.876097 16.080463 0.303342 -0.006676 -0.003302 -0.034259 0.999385
1778055865.809228 2.902247 16.081507 0.305156 -0.019104 -0.001695 -0.055481 0.998276
1778055865.858285 2.926610 16.081684 0.308005 -0.024201 0.004201 -0.077579 0.996684
1778055865.920821 2.944484 16.080286 0.309253 -0.023275 0.007538 -0.095517 0.995127
1778055865.960702 2.967954 16.075682 0.309009 -0.023597 0.006385 -0.131318 0.991039
1778055866.010364 2.988891 16.069292 0.308573 -0.017984 0.003113 -0.160148 0.986924
1778055866.070263 3.013720 16.058704 0.307496 -0.010282 -0.000885 -0.195385 0.980673
1778055866.123311 3.037307 16.046524 0.304076 -0.009714 -0.002661 -0.229596 0.973234
1778055866.185754 3.057201 16.038721 0.307463 -0.001198 -0.002915 -0.243412 0.969918
1778055866.227983 3.075474 16.023989 0.309629 0.003375 -0.004303 -0.245514 0.969378
1778055866.279685 3.092072 16.010679 0.310038 0.005114 -0.005017 -0.249048 0.968465
1778055866.334176 3.106666 15.998293 0.308810 0.007446 -0.009879 -0.250956 0.967920
1778055866.386764 3.126209 15.983533 0.307063 0.012334 -0.021136 -0.250105 0.967910
1778055866.440863 3.151434 15.970189 0.308490 0.001378 -0.016497 -0.251352 0.967754
1778055866.496181 3.175195 15.961437 0.312059 0.004780 -0.003739 -0.253343 0.967358
1778055866.548435 3.197735 15.951058 0.312888 -0.001315 -0.005449 -0.253535 0.967310
1778055866.603837 3.225768 15.940274 0.313515 -0.011153 -0.009371 -0.252644 0.967450
1778055866.650139 3.255371 15.929227 0.310629 -0.020176 -0.015632 -0.251155 0.967611
1778055866.710221 3.283141 15.912302 0.307359 -0.009413 -0.014567 -0.249516 0.968216
1778055866.759866 3.306133 15.899497 0.306055 -0.005607 -0.002456 -0.255026 0.966915
1778055866.820919 3.321635 15.886933 0.309164 -0.010871 -0.003829 -0.268485 0.963215
1778055866.865673 3.337243 15.873291 0.312374 -0.008005 -0.008199 -0.290899 0.956685
1778055866.928315 3.355413 15.857918 0.315838 -0.008375 -0.011073 -0.322065 0.946616
1778055866.992013 3.374320 15.839718 0.316223 -0.010619 -0.012502 -0.352654 0.935610
1778055867.027539 3.391766 15.824243 0.316184 -0.015648 -0.011547 -0.386336 0.922153
1778055867.081181 3.407050 15.809522 0.320758 -0.012785 -0.003031 -0.420295 0.907293
1778055867.133646 3.419423 15.796041 0.320860 -0.008819 0.004517 -0.456951 0.889437
1778055867.187523 3.432186 15.777441 0.317233 -0.007760 0.003723 -0.490407 0.871451
1778055867.242835 3.444263 15.755055 0.314323 -0.001968 0.003729 -0.517753 0.855520
1778055867.290207 3.455945 15.732320 0.309387 0.008202 0.012793 -0.523743 0.851741
1778055867.355415 3.467374 15.713161 0.304052 0.002438 0.017707 -0.522522 0.852438
1778055867.393129 3.478265 15.690426 0.301255 0.004710 0.015174 -0.519499 0.854324
1778055867.446301 3.488148 15.670384 0.303038 0.013592 0.010291 -0.519830 0.854100
1778055867.503204 3.499557 15.650432 0.305574 0.012884 0.009298 -0.521064 0.853370
1778055867.553032 3.513313 15.627193 0.307144 0.004592 0.010113 -0.521992 0.852879
1778055867.609464 3.527562 15.599874 0.306842 -0.001895 0.013585 -0.521430 0.853184
1778055867.660103 3.541083 15.576997 0.305689 -0.012552 0.011818 -0.523024 0.852143
1778055867.714166 3.555130 15.552077 0.309766 -0.014923 0.011663 -0.522331 0.852533
1778055867.770940 3.567389 15.529440 0.310977 -0.013574 0.012038 -0.520689 0.853553
1778055867.824834 3.582548 15.502002 0.309989 -0.016050 0.013670 -0.519682 0.854099
1778055867.880340 3.595753 15.473877 0.308428 -0.012161 0.010130 -0.521787 0.852929
1778055867.929788 3.608301 15.444949 0.305979 -0.006874 0.013018 -0.531479 0.846944
1778055867.983962 3.617155 15.421135 0.304052 -0.019288 0.011008 -0.547873 0.836267
1778055868.038575 3.621088 15.402223 0.309578 -0.007080 0.001858 -0.563985 0.825753
1778055868.090048 3.626744 15.380252 0.314209 -0.002801 -0.004922 -0.586280 0.810089
1778055868.144975 3.630851 15.353603 0.315442 -0.001339 -0.010935 -0.613911 0.789298
1778055868.196945 3.634727 15.330218 0.314358 -0.005420 -0.005801 -0.641982 0.766679
1778055868.257240 3.637082 15.305812 0.314761 -0.001395 -0.002437 -0.670267 0.742115
1778055868.303298 3.639725 15.283023 0.318994 -0.004800 0.006313 -0.697125 0.716906
1778055868.357283 3.640711 15.263992 0.320460 -0.002369 0.010515 -0.725383 0.688261
1778055868.411933 3.640605 15.242162 0.318227 -0.006647 0.011766 -0.743241 0.668887
1778055868.466780 3.638684 15.214081 0.316097 -0.000630 0.010507 -0.746258 0.665573
1778055868.537273 3.635207 15.189342 0.312474 0.002248 0.008558 -0.744111 0.667997
1778055868.571240 3.632686 15.162842 0.308105 -0.003214 0.013368 -0.743049 0.669096
1778055868.621931 3.627249 15.133593 0.304977 -0.001202 0.006269 -0.741266 0.671181
1778055868.681924 3.624266 15.113409 0.307304 0.001075 0.003067 -0.740106 0.672483
1778055868.733634 3.621329 15.088805 0.308183 0.004701 -0.001055 -0.740862 0.671640
1778055868.798749 3.617827 15.058762 0.308642 -0.001591 0.002502 -0.741526 0.670917
1778055868.835830 3.614254 15.026525 0.308585 -0.006125 0.002559 -0.741259 0.671186
1778055868.890590 3.609664 14.995084 0.308379 -0.007798 0.011386 -0.742504 0.669699
1778055868.946089 3.608085 14.960509 0.312574 -0.011308 0.012253 -0.743094 0.668980
1778055868.999013 3.605499 14.925310 0.314837 -0.011249 0.014483 -0.741640 0.670548
1778055869.050775 3.603799 14.882928 0.314335 -0.016129 0.012739 -0.740772 0.671443
1778055869.103338 3.601252 14.832668 0.313706 -0.021324 0.004730 -0.739707 0.672574
1778055869.158319 3.597646 14.781895 0.310132 0.001361 0.002232 -0.737390 0.675462
1778055869.210411 3.593118 14.734986 0.313023 -0.001161 0.000930 -0.735572 0.677445
1778055869.264007 3.586378 14.682363 0.316482 -0.001386 -0.007735 -0.736211 0.676707
1778055869.316528 3.579418 14.629126 0.318866 -0.012995 -0.007885 -0.737124 0.675586
1778055869.368203 3.577779 14.582534 0.309633 -0.010484 0.013839 -0.737903 0.674684
1778055869.426998 3.565702 14.534745 0.312614 0.004822 0.008729 -0.740313 0.672189
1778055869.477072 3.561327 14.475880 0.315571 -0.002989 0.009712 -0.739965 0.672569
1778055869.526051 3.556204 14.409113 0.310231 -0.004612 0.003771 -0.738105 0.674660
1778055869.583786 3.553136 14.403993 0.309568 0.005102 0.007672 -0.735983 0.676938
1778055869.636114 3.546131 14.345115 0.315472 0.008595 -0.001107 -0.735820 0.677122
1778055869.686532 3.539640 14.283446 0.318864 -0.001723 -0.003060 -0.736326 0.676618
1778055869.740682 3.530654 14.223702 0.308600 0.000849 0.000808 -0.735271 0.677772
1778055869.793251 3.532011 14.230443 0.312173 0.009008 0.014795 -0.737435 0.675196
1778055869.850405 3.526428 14.167459 0.314374 -0.001341 0.013916 -0.737388 0.675324
1778055869.899451 3.521596 14.094508 0.302822 -0.005658 0.006916 -0.735766 0.677178
1778055869.956607 3.517820 14.067889 0.308900 0.002596 0.006730 -0.732234 0.681015
1778055870.009741 3.511042 14.002580 0.315769 0.002413 0.001667 -0.730133 0.683298
1778055870.066537 3.504229 13.936867 0.320508 -0.010502 -0.000731 -0.731024 0.682271
1778055870.119273 3.502564 13.885488 0.310255 -0.006260 0.014552 -0.731682 0.681462
1778055870.169380 3.491192 13.836015 0.310293 0.011013 0.012025 -0.739520 0.672938
1778055870.223508 3.486056 13.780816 0.310475 0.007723 0.017584 -0.751262 0.659725
1778055870.279556 3.478033 13.747855 0.297961 0.005899 0.023564 -0.756704 0.653306
1778055870.333798 3.472585 13.695984 0.300755 -0.003696 0.016277 -0.756726 0.653520
1778055870.382962 3.459451 13.656767 0.308898 0.011217 0.001003 -0.753957 0.656828
1778055870.435529 3.455456 13.618620 0.313602 0.008736 0.002936 -0.754752 0.655946
1778055870.490783 3.448087 13.570923 0.314717 0.001224 0.003433 -0.753980 0.656888
1778055870.544679 3.442016 13.535811 0.309684 0.007771 0.008395 -0.753880 0.656912
1778055870.596337 3.438633 13.494984 0.311350 0.004316 0.009882 -0.754879 0.655775
1778055870.648512 3.431689 13.448707 0.313134 -0.007333 0.009743 -0.753676 0.657133
1778055870.700539 3.425225 13.395506 0.313554 -0.014825 0.003116 -0.752064 0.658916
1778055870.754026 3.419153 13.338166 0.309608 -0.003162 0.004143 -0.751146 0.660116
1778055870.805526 3.414075 13.291968 0.312159 0.001513 0.002861 -0.748792 0.662798
1778055870.861936 3.405446 13.238150 0.317410 -0.002610 -0.003588 -0.749756 0.661699
1778055870.912531 3.393855 13.177036 0.321025 -0.014863 -0.006315 -0.750165 0.661053
1778055870.966326 3.396523 13.161217 0.310745 -0.002350 0.014517 -0.751233 0.659873
1778055871.017699 3.382719 13.101795 0.316157 0.007056 0.008706 -0.753613 0.657223
1778055871.073581 3.376411 13.041785 0.318817 -0.006079 0.006790 -0.752846 0.658134
1778055871.135804 3.369055 12.968857 0.307962 -0.006737 0.002796 -0.751491 0.659703
1778055871.181931 3.361239 12.972563 0.309051 0.009309 0.006275 -0.748603 0.662923
1778055871.233047 3.353587 12.911409 0.313085 0.008209 0.006449 -0.748887 0.662616
1778055871.287835 3.342278 12.845969 0.315168 -0.006197 0.005031 -0.749393 0.662078
1778055871.339213 3.343537 12.835163 0.300363 -0.002698 0.017254 -0.749524 0.661747
1778055871.393698 3.338389 12.797292 0.306048 -0.000177 0.021216 -0.750568 0.660453
1778055871.445827 3.331585 12.727759 0.311455 -0.012859 0.015169 -0.749393 0.661827
1778055871.498463 3.323771 12.664416 0.298652 -0.017771 0.010507 -0.748168 0.663189
1778055871.554176 3.311773 12.605043 0.307769 -0.004453 0.011146 -0.745097 0.666848
1778055871.606603 3.303965 12.544790 0.313618 -0.002818 0.002136 -0.744109 0.668050
1778055871.662209 3.295158 12.481124 0.298610 -0.013160 0.000546 -0.744069 0.667973
1778055871.712244 3.297834 12.485608 0.305757 -0.001094 0.008448 -0.744793 0.667242
1778055871.765587 3.291604 12.448681 0.312168 -0.001840 0.013277 -0.747619 0.663993
1778055871.826502 3.284802 12.373098 0.316781 -0.011509 0.006934 -0.745542 0.666323
1778055871.876777 3.278538 12.334603 0.306107 -0.008495 0.011201 -0.745077 0.666831
1778055871.930212 3.270006 12.312661 0.312559 0.008210 0.001987 -0.740960 0.671497
1778055871.982090 3.262615 12.247364 0.318770 0.002741 -0.002272 -0.740311 0.672256
1778055872.040148 3.251808 12.176935 0.303651 -0.004360 -0.001735 -0.739631 0.672997
1778055872.095681 3.259569 12.197532 0.310354 0.005501 0.017570 -0.741673 0.670509
1778055872.143427 3.252077 12.132704 0.314512 -0.000863 0.017016 -0.741681 0.670536
1778055872.200703 3.245138 12.051130 0.298681 -0.007440 0.011249 -0.739387 0.673146
1778055872.252416 3.241229 12.048990 0.306304 -0.003249 0.011777 -0.736544 0.676280
1778055872.313211 3.232737 11.983214 0.313561 0.002793 0.000280 -0.736323 0.676624
1778055872.360596 3.226008 11.916018 0.302693 -0.008212 0.000505 -0.737091 0.675744
1778055872.412200 3.230741 11.898625 0.302981 -0.005463 0.011334 -0.736992 0.675785
1778055872.467717 3.225270 11.845926 0.307015 0.003505 0.012804 -0.739837 0.672655
1778055872.520259 3.220687 11.777086 0.310851 -0.010810 0.007639 -0.738495 0.674129
1778055872.573353 3.214196 11.701479 0.301011 -0.013723 0.007997 -0.738045 0.674564
1778055872.625512 3.205443 11.702623 0.309964 -0.004478 0.008309 -0.733198 0.679950
1778055872.688927 3.199408 11.636754 0.317505 -0.003617 0.004954 -0.732685 0.680540
1778055872.734268 3.187721 11.564293 0.311678 -0.013072 -0.001093 -0.732880 0.680232
1778055872.789357 3.191392 11.559454 0.308458 -0.000682 0.013658 -0.734415 0.678564
1778055872.837715 3.180175 11.483789 0.311691 0.000006 0.016841 -0.737097 0.675577
1778055872.892313 3.173605 11.421747 0.311146 -0.009580 0.012354 -0.736929 0.675789
1778055872.945835 3.167996 11.366950 0.302449 -0.013061 0.017681 -0.744751 0.666981
1778055872.997749 3.161726 11.327912 0.304979 -0.019597 0.013748 -0.747906 0.663373
1778055873.056080 3.154792 11.278388 0.315875 -0.010420 0.012326 -0.747767 0.663765
1778055873.102051 3.153361 11.228469 0.318783 -0.009456 0.016523 -0.748257 0.663135
1778055873.156157 3.146443 11.177281 0.318908 0.000976 0.010570 -0.746856 0.664901
1778055873.217520 3.145364 11.139994 0.317031 -0.005966 0.011781 -0.747005 0.664687
1778055873.262429 3.141882 11.101348 0.320349 -0.006065 0.013089 -0.746991 0.664677
1778055873.315227 3.137039 11.053316 0.320239 -0.012420 0.011748 -0.746426 0.665249
1778055873.370714 3.131933 10.999509 0.318772 -0.018374 0.005489 -0.745901 0.665781
1778055873.425823 3.126746 10.949187 0.312579 0.004478 0.005366 -0.744397 0.667700
1778055873.484538 3.123271 10.897676 0.314208 0.009473 0.003882 -0.742629 0.669624
1778055873.528304 3.116034 10.843750 0.317413 0.003949 0.001705 -0.743267 0.668981
1778055873.585945 3.105555 10.780102 0.313262 -0.008602 0.002441 -0.743446 0.668737
1778055873.640837 3.103904 10.755483 0.310911 0.004546 0.011251 -0.744893 0.667074
1778055873.690193 3.094752 10.696856 0.312837 0.001428 0.013259 -0.746135 0.665661
1778055873.740337 3.088385 10.639794 0.314049 -0.005368 0.009670 -0.744657 0.667356
1778055873.795326 3.087551 10.575612 0.303209 -0.008419 0.018434 -0.746366 0.665227
1778055873.853760 3.081004 10.533064 0.305673 -0.009038 0.023811 -0.752139 0.658512
1778055873.901567 3.079354 10.487657 0.310575 -0.008118 0.035536 -0.767314 0.640235
1778055873.958118 3.076494 10.453680 0.293426 0.002238 0.035658 -0.787858 0.614820
1778055874.006677 3.076921 10.415561 0.299573 0.012522 0.011080 -0.796232 0.604760
1778055874.061825 3.078228 10.389972 0.306569 0.010456 0.010343 -0.801055 0.598410
1778055874.122833 3.073077 10.356791 0.310606 0.003548 0.008633 -0.800672 0.599030
1778055874.167341 3.064489 10.321500 0.310185 -0.007181 0.000413 -0.799025 0.601255
1778055874.222215 3.053777 10.284636 0.312726 0.007648 -0.005867 -0.796238 0.604907
1778055874.276415 3.040737 10.252326 0.315642 0.002698 -0.009432 -0.796037 0.605168
1778055874.328873 3.027262 10.212499 0.315155 -0.000668 -0.024834 -0.796261 0.604443
1778055874.384104 3.013954 10.173361 0.314530 -0.009784 -0.027985 -0.796829 0.603478
1778055874.438584 2.995180 10.118114 0.312888 -0.017049 -0.021361 -0.797293 0.602974
1778055874.492005 2.983588 10.076926 0.311693 0.003576 0.008104 -0.801175 0.598364
1778055874.548289 2.966068 10.028101 0.311381 0.006366 0.010025 -0.802951 0.595927
1778055874.597922 2.951511 9.972867 0.313133 -0.001345 0.008135 -0.801607 0.597795
1778055874.655385 2.932922 9.904900 0.303887 -0.002441 0.004248 -0.800456 0.599372
1778055874.701912 2.919832 9.868878 0.309011 -0.000639 0.007946 -0.797930 0.602697
1778055874.757833 2.902190 9.813570 0.313652 0.001325 -0.003710 -0.797586 0.603192
1778055874.819900 2.891158 9.770314 0.286534 -0.009368 -0.003469 -0.800089 0.599798
1778055874.863918 2.875030 9.718782 0.302221 -0.001818 -0.004017 -0.807917 0.589280
1778055874.918376 2.876023 9.680930 0.309310 -0.007650 0.002357 -0.824067 0.566437
1778055874.970022 2.862439 9.644055 0.316326 -0.005600 0.004618 -0.830203 0.557414
1778055875.029106 2.844308 9.602134 0.314367 0.001748 0.004054 -0.829254 0.558855
1778055875.079114 2.827971 9.561013 0.312499 0.003785 0.011363 -0.828124 0.560417
1778055875.132509 2.812886 9.529944 0.305958 -0.004020 0.008721 -0.827700 0.561089
1778055875.187183 2.798590 9.496649 0.309842 0.008341 -0.002395 -0.826254 0.563231
1778055875.240874 2.784402 9.461368 0.313291 0.003646 -0.004096 -0.826465 0.562961
1778055875.293080 2.766182 9.421139 0.314801 -0.004124 -0.008534 -0.825481 0.564351
1778055875.343891 2.748424 9.381942 0.312277 0.000685 0.010216 -0.825726 0.563978
1778055875.400057 2.732326 9.341743 0.314179 0.001701 0.011422 -0.826459 0.562878
1778055875.460310 2.713305 9.293434 0.316659 -0.008435 0.011369 -0.825661 0.563989
1778055875.505293 2.694909 9.241920 0.317200 -0.017049 0.005872 -0.824111 0.566141
1778055875.558816 2.669366 9.180360 0.310305 -0.002324 0.000969 -0.822493 0.568769
1778055875.614314 2.655855 9.131558 0.312949 0.005929 0.008551 -0.820543 0.571490
1778055875.669903 2.636343 9.084622 0.316318 0.001998 0.002272 -0.821029 0.570879
1778055875.721560 2.612500 9.026796 0.319615 -0.012118 0.002114 -0.821679 0.569818
1778055875.768205 2.597927 8.981498 0.311846 -0.006932 0.014954 -0.821926 0.569356
1778055875.824250 2.574435 8.930224 0.313200 0.003728 0.016167 -0.824276 0.565945
1778055875.878322 2.553611 8.872523 0.315039 -0.008421 0.011726 -0.823768 0.566744
1778055875.942493 2.530028 8.807390 0.304165 -0.017188 0.004224 -0.821641 0.569731
1778055875.982809 2.505004 8.762008 0.306707 0.003284 0.004496 -0.819767 0.572670
1778055876.036587 2.482924 8.697963 0.310439 0.007873 0.000850 -0.818923 0.573849
1778055876.089000 2.459097 8.638131 0.314700 -0.005315 -0.001554 -0.820292 0.571918
1778055876.140527 2.431120 8.578506 0.301512 -0.008437 -0.001455 -0.820272 0.571910
1778055876.196110 2.433022 8.576143 0.306925 0.002861 0.009483 -0.822771 0.568287
1778055876.247617 2.410527 8.516476 0.310976 -0.005704 0.007811 -0.823307 0.567514
1778055876.299879 2.386425 8.449088 0.315356 -0.014047 0.002129 -0.821617 0.569864
1778055876.351666 2.378153 8.439364 0.307072 -0.003394 0.005468 -0.820278 0.571929
1778055876.408505 2.355810 8.381676 0.312841 0.003853 -0.001014 -0.818268 0.574823
1778055876.462215 2.332894 8.321062 0.316468 -0.006556 -0.000588 -0.818701 0.574182
1778055876.515604 2.307617 8.256713 0.306762 -0.009551 0.003433 -0.818598 0.574278
1778055876.570292 2.308589 8.270047 0.311461 0.003396 0.018926 -0.813834 0.580779
1778055876.622335 2.287762 8.232448 0.296462 0.010728 0.023248 -0.793934 0.607465
1778055876.675460 2.281184 8.199878 0.301256 0.003736 0.041726 -0.767654 0.639494
1778055876.736602 2.272178 8.166406 0.305689 -0.028635 0.055034 -0.748773 0.659917
1778055876.786490 2.268361 8.127693 0.294178 -0.026775 0.079852 -0.739642 0.667710
1778055876.839580 2.257954 8.098845 0.301010 -0.035021 0.072999 -0.732110 0.676357
1778055876.892107 2.250114 8.067912 0.301999 -0.035692 0.046257 -0.724606 0.686683
1778055876.945177 2.241997 8.044246 0.307139 -0.023650 0.053965 -0.726383 0.684760
1778055877.001090 2.233988 8.030262 0.300573 -0.009284 0.059413 -0.728482 0.682421
1778055877.049842 2.225653 8.018144 0.301459 -0.001790 0.052841 -0.726734 0.684881
1778055877.102828 2.221648 8.010399 0.302615 0.004763 0.050610 -0.724419 0.687483
1778055877.154888 2.218130 8.001558 0.306332 0.008931 0.046720 -0.722351 0.689889
1778055877.228121 2.217535 7.998968 0.310398 0.010321 0.045864 -0.720778 0.691570
1778055877.278213 2.218988 7.996726 0.310479 0.010803 0.044449 -0.718781 0.693730
1778055877.318835 2.221594 7.995809 0.310028 0.008120 0.042726 -0.717293 0.695413
1778055877.374892 2.224609 7.995441 0.308016 0.000507 0.041919 -0.716217 0.696618
1778055877.425345 2.226288 7.996080 0.305023 -0.009682 0.039197 -0.714757 0.698206
1778055877.493434 2.225960 7.996791 0.307624 -0.008960 0.034710 -0.711941 0.701324
1778055877.539026 2.225771 7.997641 0.309209 -0.010747 0.031893 -0.708256 0.705153
1778055877.588070 2.225303 7.998340 0.309277 -0.010453 0.029698 -0.707063 0.706450
1778055877.648044 2.224396 7.999096 0.309265 -0.010008 0.028142 -0.706111 0.707471
1778055877.700200 2.222718 7.997947 0.310936 -0.010685 0.026645 -0.711222 0.702381
1778055877.752920 2.222665 7.997890 0.312732 -0.005705 0.017232 -0.728272 0.685048
1778055877.802201 2.221607 7.995710 0.314946 -0.005478 0.013894 -0.745760 0.666048
1778055877.856793 2.219028 7.989251 0.316720 -0.007777 0.015724 -0.764001 0.644977
1778055877.914567 2.215612 7.982152 0.316548 -0.009577 0.019654 -0.778776 0.626921
1778055877.969620 2.211420 7.970498 0.316006 -0.012222 0.017514 -0.779189 0.626426
1778055878.021466 2.207248 7.958539 0.314102 -0.013626 0.016624 -0.778955 0.626712
1778055878.072428 2.204865 7.947795 0.312042 -0.016127 0.015666 -0.781265 0.623794
1778055878.124651 2.201851 7.934115 0.311862 -0.018568 0.014914 -0.788096 0.615091
1778055878.178191 2.201936 7.921674 0.313215 -0.014724 0.016007 -0.799186 0.600690
1778055878.232150 2.201487 7.910176 0.312740 -0.018262 0.015600 -0.813432 0.581164
1778055878.286957 2.197497 7.893652 0.307852 -0.028191 0.010657 -0.820998 0.570136
1778055878.337753 2.186414 7.876520 0.307488 -0.011330 0.001605 -0.817795 0.575397
1778055878.396914 2.177729 7.862027 0.305397 -0.012512 0.001021 -0.816996 0.576508
1778055878.444679 2.168830 7.846578 0.307472 -0.009032 -0.005873 -0.816264 0.577579
1778055878.498070 2.160233 7.830977 0.307425 -0.009542 -0.014567 -0.816679 0.576829
1778055878.554295 2.151973 7.814048 0.306469 -0.011834 -0.019930 -0.817351 0.575673
1778055878.609397 2.141740 7.794593 0.304272 -0.014018 -0.028131 -0.817531 0.575027
1778055878.671860 2.135947 7.766013 0.303677 -0.016451 -0.006720 -0.821104 0.570502
1778055878.710899 2.127324 7.741224 0.305853 -0.008312 -0.001240 -0.822202 0.569134
1778055878.765476 2.122175 7.717984 0.308585 -0.010044 -0.001933 -0.821082 0.570719
1778055878.818796 2.114636 7.692085 0.308393 -0.016390 0.002227 -0.819787 0.572430
1778055878.870070 2.106956 7.663519 0.306780 -0.022550 0.002790 -0.819094 0.573209
1778055878.929413 2.098121 7.632529 0.307521 -0.016771 0.005968 -0.809220 0.587236
1778055878.978057 2.086854 7.606480 0.305125 -0.005622 0.014115 -0.791576 0.610881
1778055879.031407 2.077020 7.586725 0.305948 -0.005633 0.013223 -0.772322 0.635068
1778055879.087784 2.072650 7.567152 0.306848 -0.004360 0.012082 -0.750435 0.660819
1778055879.141784 2.072426 7.549112 0.306422 -0.000177 0.014806 -0.742574 0.669600
1778055879.202447 2.072008 7.528929 0.305336 0.000243 0.026190 -0.742001 0.669887
1778055879.247699 2.071206 7.510220 0.303976 0.003153 0.018306 -0.743271 0.668733
1778055879.300886 2.069256 7.491136 0.304634 0.000647 0.016031 -0.744167 0.667801
1778055879.363963 2.068516 7.472478 0.307015 -0.003970 0.018785 -0.745190 0.666576
1778055879.406525 2.067031 7.454022 0.308976 -0.004184 0.017948 -0.743536 0.668442
1778055879.469055 2.065976 7.432539 0.308934 -0.007772 0.017960 -0.742678 0.669362
1778055879.518642 2.064600 7.401947 0.308490 -0.012290 0.012976 -0.741306 0.670929
1778055879.581071 2.062063 7.368950 0.308397 -0.017715 0.004521 -0.740733 0.671551
1778055879.623249 2.050927 7.333692 0.309780 0.001876 0.001890 -0.740884 0.671628
1778055879.676767 2.051817 7.307432 0.310422 -0.007366 0.016131 -0.758768 0.651119
1778055879.729584 2.045793 7.277878 0.313678 -0.006291 0.005515 -0.772446 0.635025
1778055879.781303 2.039465 7.244025 0.315749 -0.010404 0.004474 -0.776016 0.630612
1778055879.841017 2.028829 7.206540 0.314587 -0.014688 -0.001137 -0.775792 0.630817
1778055879.891239 2.021319 7.167108 0.310375 -0.015617 0.014085 -0.775099 0.631489
1778055879.957127 2.012578 7.136967 0.313041 -0.000512 0.007884 -0.776778 0.629725
1778055880.001664 2.005115 7.088813 0.316522 -0.008685 0.009257 -0.776452 0.630049
1778055880.054747 1.998486 7.043379 0.316266 -0.014100 0.008610 -0.774910 0.631856
1778055880.109921 1.990317 6.990134 0.315117 -0.019815 0.003074 -0.773693 0.633243
1778055880.164992 1.979220 6.937080 0.311229 0.000051 0.008835 -0.771263 0.636456
1778055880.221032 1.967789 6.886784 0.316255 0.004670 -0.003712 -0.770263 0.637698
1778055880.274104 1.956021 6.833324 0.319641 -0.001934 -0.003617 -0.771361 0.636385
1778055880.328111 1.936701 6.775421 0.308739 -0.009807 -0.003724 -0.770259 0.637645
1778055880.383029 1.919681 6.740778 0.312435 0.007759 0.019275 -0.759105 0.650637
1778055880.432402 1.908040 6.695475 0.315100 0.013432 0.019914 -0.749160 0.661954
1778055880.484438 1.899193 6.645461 0.310142 0.017064 0.023328 -0.745151 0.666270
1778055880.544273 1.892404 6.597434 0.302877 0.004907 0.017305 -0.744743 0.667109
1778055880.594974 1.884575 6.566265 0.304045 0.010953 0.004971 -0.744463 0.667555
1778055880.652906 1.879023 6.519610 0.308114 0.010322 0.002312 -0.744274 0.667791
1778055880.710608 1.870839 6.462761 0.311179 -0.000192 0.003857 -0.742523 0.669810
1778055880.761899 1.870839 6.423112 0.308148 0.004030 0.018922 -0.743914 0.667996
1778055880.817591 1.865007 6.371541 0.310777 0.000916 0.021570 -0.745352 0.666321
1778055880.882497 1.860060 6.316540 0.311742 -0.009606 0.016791 -0.744325 0.667537
1778055880.930763 1.854976 6.249160 0.306195 -0.012436 0.012548 -0.743282 0.668745
1778055880.981060 1.850415 6.202920 0.308583 0.001235 0.015287 -0.740377 0.672017
1778055881.030720 1.843435 6.146833 0.313248 0.004021 0.004676 -0.740120 0.672447
1778055881.084369 1.835153 6.088590 0.317173 -0.004656 0.000567 -0.741006 0.671483
1778055881.139826 1.824630 6.024761 0.310860 -0.003630 0.001201 -0.742306 0.670050
1778055881.192252 1.824665 6.024186 0.314362 0.012273 0.006993 -0.764147 0.644887
1778055881.245001 1.823823 6.001442 0.301297 0.010537 0.009208 -0.782369 0.622659
1778055881.299589 1.812142 5.967975 0.294909 0.021512 0.008162 -0.786373 0.617324
1778055881.352434 1.800830 5.920199 0.298695 0.017104 0.014381 -0.785978 0.617850
1778055881.408276 1.790932 5.891813 0.299033 0.014881 0.004816 -0.785096 0.619176
1778055881.457828 1.779334 5.853690 0.308660 0.018971 0.005585 -0.783269 0.621368
1778055881.523586 1.770931 5.820255 0.312625 0.010562 0.006301 -0.783682 0.621040
1778055881.570579 1.753804 5.766370 0.313163 0.006106 0.006329 -0.782171 0.623002
1778055881.623089 1.746209 5.732798 0.309326 0.007538 0.015856 -0.784426 0.619974
1778055881.681642 1.735115 5.685589 0.312347 -0.006881 0.016392 -0.782986 0.621785
1778055881.728006 1.725113 5.637513 0.312657 -0.017514 0.007677 -0.781278 0.623890
1778055881.780628 1.714711 5.579493 0.309856 -0.020086 0.001594 -0.779810 0.625693
1778055881.843225 1.700897 5.526371 0.309289 0.000945 0.008363 -0.776674 0.629847
1778055881.896884 1.686052 5.464355 0.314766 0.005526 -0.003972 -0.775842 0.630891
1778055881.952075 1.671730 5.409713 0.318364 -0.004646 -0.005949 -0.776241 0.630391
1778055882.000619 1.661411 5.364239 0.310814 -0.002694 0.006216 -0.776442 0.630153
1778055882.055327 1.649494 5.329270 0.313106 0.010939 0.010770 -0.778259 0.627756
1778055882.111034 1.635675 5.267095 0.316124 -0.001801 0.012756 -0.777824 0.628350
1778055882.168023 1.619572 5.195041 0.305730 -0.000386 0.008545 -0.776712 0.629798
1778055882.220562 1.611877 5.152924 0.309502 -0.001361 0.011519 -0.774889 0.631991
1778055882.272054 1.603871 5.102077 0.307263 0.000107 0.020017 -0.780025 0.625428
1778055882.328725 1.610515 5.073052 0.293444 -0.005978 0.047124 -0.790956 0.610026
1778055882.371859 1.600604 5.039890 0.298365 0.013243 0.008597 -0.794789 0.606680
1778055882.426791 1.598659 5.002624 0.304464 0.006179 -0.001935 -0.798743 0.601638
1778055882.476279 1.592751 4.964329 0.312607 0.001912 0.007164 -0.799671 0.600394
1778055882.529815 1.581291 4.922534 0.313880 -0.006945 0.005032 -0.798344 0.602141
1778055882.581599 1.571978 4.883183 0.311351 0.004592 0.006252 -0.796614 0.604439
1778055882.635607 1.558057 4.845369 0.315197 0.005834 -0.003824 -0.794916 0.606680
1778055882.694846 1.546030 4.810587 0.318613 0.000445 -0.014576 -0.794167 0.607525
1778055882.742408 1.536156 4.774390 0.321474 -0.010382 -0.013813 -0.777568 0.628561
1778055882.794719 1.527278 4.735329 0.309146 -0.019934 -0.005705 -0.750587 0.660446
1778055882.847649 1.533663 4.745601 0.319879 -0.012851 0.016891 -0.734193 0.678609
1778055882.900240 1.527616 4.709733 0.326888 -0.005033 0.018200 -0.730046 0.683138
1778055882.957203 1.521314 4.674124 0.326569 -0.009530 0.016142 -0.731890 0.681165
1778055883.007068 1.519375 4.638970 0.324565 -0.005664 0.014324 -0.751848 0.659157
1778055883.061338 1.516489 4.606665 0.320712 -0.004896 0.016782 -0.778592 0.627288
1778055883.113724 1.507470 4.581919 0.316954 -0.005831 0.011145 -0.805326 0.592699
1778055883.168081 1.497492 4.561449 0.322286 0.000357 0.005289 -0.832032 0.554703
1778055883.221304 1.487332 4.538013 0.325839 0.000133 0.001636 -0.860512 0.509428
1778055883.273321 1.470825 4.512011 0.326010 -0.002271 0.008066 -0.890570 0.454770
1778055883.327009 1.453512 4.483191 0.319560 0.011063 -0.006903 -0.901324 0.432950
1778055883.380843 1.436757 4.463435 0.319354 0.018327 0.006391 -0.902279 0.430715
1778055883.435036 1.413456 4.438315 0.318390 0.018441 0.001625 -0.903906 0.427330
1778055883.492588 1.390536 4.408041 0.316037 0.015511 0.000410 -0.904401 0.426402
1778055883.540095 1.362849 4.382052 0.306864 0.006509 -0.006594 -0.903946 0.427546
1778055883.599769 1.341109 4.352610 0.312182 0.008432 -0.006149 -0.903098 0.429309
1778055883.646538 1.315903 4.320950 0.315755 0.001334 -0.001042 -0.902665 0.430341
1778055883.697804 1.282385 4.281432 0.318657 -0.006512 0.009267 -0.901594 0.432435
1778055883.754622 1.259770 4.252009 0.312380 0.000817 0.014744 -0.902494 0.430448
1778055883.804779 1.232619 4.217333 0.317880 0.002492 0.024627 -0.894814 0.445752
1778055883.864817 1.206860 4.192266 0.294147 0.015258 0.021963 -0.874700 0.483927
1778055883.917252 1.206237 4.154608 0.305884 0.017156 0.039541 -0.853992 0.518498
1778055883.981211 1.221205 4.133572 0.304566 0.003299 0.048773 -0.842784 0.536028
1778055884.025741 1.200084 4.103183 0.313708 0.005570 0.049160 -0.839582 0.540975
1778055884.073585 1.183888 4.072701 0.311193 -0.013037 0.058579 -0.839176 0.540539
1778055884.127418 1.168384 4.045054 0.308419 -0.002985 0.042182 -0.839124 0.542294
1778055884.182936 1.155306 4.008256 0.309329 -0.003039 0.049516 -0.840294 0.539857
1778055884.232676 1.142657 3.979967 0.313207 -0.005044 0.044986 -0.840415 0.540049
1778055884.292022 1.125948 3.945346 0.307690 -0.003194 0.034738 -0.833879 0.550843
1778055884.333497 1.109641 3.911446 0.297602 0.010961 0.032504 -0.823166 0.566763
1778055884.399820 1.091897 3.885020 0.301770 -0.004400 0.034485 -0.806587 0.590093
1778055884.444931 1.080698 3.863361 0.309874 -0.005329 0.016904 -0.800277 0.599368
1778055884.501590 1.072214 3.837569 0.313978 -0.007670 0.010644 -0.800482 0.599213
1778055884.549545 1.061133 3.808197 0.315261 -0.010931 0.001369 -0.801495 0.597899
1778055884.600874 1.050590 3.771914 0.314563 -0.016312 0.007068 -0.801996 0.597065
1778055884.658957 1.037241 3.740713 0.316193 -0.002513 0.012667 -0.804875 0.593304
1778055884.708308 1.027580 3.706282 0.318719 -0.005234 0.015854 -0.805137 0.592854
1778055884.761641 1.013539 3.662508 0.319145 -0.011249 0.014318 -0.803977 0.594381
1778055884.815079 0.999745 3.614182 0.317945 -0.016255 0.007326 -0.802962 0.595763
1778055884.866924 0.984027 3.558236 0.313701 -0.005634 0.007676 -0.802537 0.596527
1778055884.925968 0.970567 3.516054 0.312991 0.004007 0.006168 -0.799496 0.600627
1778055884.979548 0.954889 3.467685 0.316677 0.000542 -0.002776 -0.799982 0.600017
1778055885.030064 0.935476 3.415010 0.318864 -0.012985 -0.006074 -0.801006 0.598484
1778055885.079093 0.923332 3.365044 0.312015 -0.010636 0.014363 -0.801968 0.597100
1778055885.130429 0.900787 3.317662 0.312863 0.008400 0.013974 -0.803773 0.594712
1778055885.185072 0.883304 3.260073 0.314832 0.001659 0.011306 -0.803375 0.595365
1778055885.239414 0.863681 3.196866 0.310605 -0.002038 0.006740 -0.801930 0.597376
1778055885.310391 0.857351 3.155891 0.308957 0.001008 0.011895 -0.801073 0.598448
1778055885.345076 0.838042 3.104626 0.312634 0.005617 -0.001774 -0.799731 0.600330
1778055885.395080 0.823840 3.056345 0.315543 -0.002778 -0.004573 -0.800075 0.599877
1778055885.464247 0.797037 2.986735 0.306138 -0.004818 -0.003801 -0.798918 0.601409
1778055885.501522 0.803034 3.003452 0.307468 0.010259 0.009810 -0.800742 0.598841
1778055885.558701 0.782907 2.939626 0.311172 0.000035 0.012137 -0.801224 0.598242
1778055885.608516 0.764440 2.874655 0.304014 -0.004045 0.007879 -0.800018 0.599911
1778055885.674381 0.754174 2.822895 0.304654 0.005847 0.003857 -0.797109 0.603795
1778055885.739916 0.728062 2.750621 0.312999 0.006195 -0.004354 -0.795560 0.605828
1778055885.790669 0.704423 2.677660 0.293702 -0.011528 -0.006734 -0.797881 0.602667
1778055885.850629 0.704862 2.659271 0.294639 -0.010047 0.015065 -0.797331 0.603271
1778055885.897000 0.684028 2.618962 0.293905 0.004171 0.014934 -0.799191 0.600878
1778055885.967076 0.669132 2.559944 0.274603 0.002778 0.017375 -0.798206 0.602127
1778055886.004018 0.677055 2.540930 0.280413 -0.031558 0.036848 -0.799546 0.598642
1778055886.058168 0.648035 2.480422 0.297884 -0.001277 0.004937 -0.792450 0.609916
1778055886.113972 0.636079 2.417381 0.311036 -0.009850 0.012657 -0.791682 0.610723
1778055886.167865 0.622059 2.378288 0.296253 -0.006998 0.012483 -0.790889 0.611793
1778055886.218136 0.612954 2.355742 0.304790 0.004256 0.002347 -0.790992 0.611807
1778055886.270093 0.591501 2.303071 0.306934 0.007046 0.006051 -0.796838 0.604121
1778055886.322715 0.578502 2.262707 0.302575 0.002970 0.020369 -0.811919 0.583407
1778055886.390581 0.570140 2.236416 0.305503 -0.006813 0.014343 -0.829654 0.558052
1778055886.429975 0.558188 2.196350 0.307783 -0.002270 0.012294 -0.850263 0.526210
1778055886.488688 0.547902 2.165895 0.319120 0.002522 0.023051 -0.868763 0.494685
1778055886.543315 0.531203 2.141643 0.322042 0.003370 0.009657 -0.886572 0.462478
1778055886.598541 0.519707 2.120074 0.319772 -0.004276 0.003353 -0.902804 0.430019
1778055886.653377 0.511689 2.101686 0.323954 -0.004187 0.015690 -0.920109 0.391325
1778055886.709261 0.500596 2.089082 0.323308 -0.006912 0.018203 -0.933309 0.358547
1778055886.761899 0.481869 2.070292 0.318587 -0.013725 0.015623 -0.949207 0.313963
1778055886.813298 0.460442 2.057028 0.316094 -0.009264 0.011891 -0.959445 0.281493
1778055886.870466 0.438388 2.047423 0.314125 0.014671 0.011231 -0.959585 0.280813
1778055886.922085 0.418779 2.036340 0.308409 0.010178 0.020189 -0.958852 0.283006
1778055886.973132 0.398686 2.027665 0.305273 0.010169 0.007438 -0.958438 0.285023
1778055887.026076 0.380477 2.018143 0.307142 0.010732 -0.000437 -0.958463 0.285014
1778055887.079520 0.362204 2.007606 0.308359 0.008579 -0.002388 -0.958930 0.283503
1778055887.129159 0.339213 1.993308 0.308677 0.001772 0.002419 -0.959180 0.282782
1778055887.186491 0.310956 1.974540 0.307853 -0.001850 0.009030 -0.958984 0.283310
1778055887.246003 0.288196 1.959436 0.307421 -0.003613 0.017386 -0.959820 0.280055
1778055887.293931 0.268788 1.944376 0.310327 -0.003788 0.013488 -0.959918 0.279930
1778055887.350516 0.245691 1.928218 0.311148 -0.004809 0.015364 -0.959148 0.282448
1778055887.399523 0.220952 1.909885 0.310140 -0.007589 0.016964 -0.958544 0.284337
1778055887.451883 0.194769 1.891249 0.308618 -0.010726 0.013628 -0.957939 0.286447
1778055887.506968 0.163432 1.874798 0.306494 -0.006376 0.009412 -0.958407 0.285180
1778055887.562722 0.140179 1.857614 0.302563 -0.011551 0.026415 -0.962078 0.271246
1778055887.616374 0.119378 1.848580 0.307493 -0.010163 0.013884 -0.966609 0.255679
1778055887.673338 0.100153 1.836060 0.311011 -0.008955 0.008557 -0.971591 0.236343
1778055887.721609 0.076129 1.823313 0.312190 -0.010343 0.007192 -0.972619 0.232066
1778055887.780195 0.050241 1.811152 0.311459 -0.014084 0.001740 -0.972293 0.233336
1778055887.830204 0.021116 1.795787 0.309021 -0.015951 0.006531 -0.971855 0.234948
1778055887.879522 -0.008795 1.782590 0.312568 -0.005921 0.012769 -0.972176 0.233830
1778055887.947607 -0.037747 1.763327 0.315787 -0.005470 0.014720 -0.971604 0.236091
1778055887.991024 -0.068065 1.748527 0.317993 -0.007342 0.012190 -0.971324 0.237334
1778055888.037624 -0.100370 1.729458 0.317179 -0.010179 0.012125 -0.970767 0.239500
1778055888.092758 -0.142128 1.708827 0.311972 -0.006654 0.009194 -0.970248 0.241848
1778055888.155151 -0.169758 1.693826 0.307249 -0.002084 0.020414 -0.970692 0.239451
1778055888.202671 -0.195869 1.685416 0.308074 -0.001001 0.014549 -0.972684 0.231673
1778055888.250982 -0.223783 1.669324 0.311258 0.001717 0.020124 -0.976722 0.213558
1778055888.307832 -0.254714 1.652664 0.311804 0.005998 0.033436 -0.981693 0.187415
1778055888.359155 -0.281551 1.642364 0.314629 -0.005353 0.025029 -0.987164 0.157649
1778055888.418842 -0.296988 1.627227 0.314110 -0.007126 0.031480 -0.991419 0.126679
1778055888.467818 -0.314041 1.620789 0.315324 -0.002310 0.029872 -0.992974 0.114475
1778055888.521237 -0.337771 1.614800 0.313736 0.003625 0.024019 -0.993324 0.112776
1778055888.573832 -0.364176 1.609060 0.311283 0.007099 0.018660 -0.993204 0.114663
1778055888.626200 -0.390406 1.602650 0.308012 0.009498 0.018045 -0.993017 0.116192
1778055888.679463 -0.421998 1.595429 0.306129 0.000743 0.021652 -0.993746 0.109540
1778055888.736834 -0.440635 1.591109 0.309013 0.004325 0.012167 -0.995168 0.097333
1778055888.784181 -0.460640 1.586340 0.312488 0.006168 0.008739 -0.996710 0.080347
1778055888.840304 -0.488697 1.579462 0.313241 0.009915 0.021310 -0.998242 0.054410
1778055888.892232 -0.515231 1.577392 0.312734 0.009862 0.019578 -0.999323 0.029540
1778055888.949214 -0.543941 1.576687 0.310805 0.005045 0.018451 -0.999515 0.024571
1778055888.996479 -0.565701 1.576557 0.313731 0.012487 0.016689 -0.999459 0.025442
1778055889.050889 -0.590021 1.576309 0.314067 0.015183 0.013809 -0.999454 0.025909
1778055889.105476 -0.618541 1.576297 0.311235 0.015432 0.009033 -0.999476 0.026990
1778055889.156400 -0.647707 1.574907 0.308023 0.010526 0.014377 -0.999533 0.024814
1778055889.216693 -0.676814 1.575361 0.305964 0.004025 0.015960 -0.999791 0.012124
1778055889.263340 -0.695786 1.574586 0.309638 0.005378 0.005981 -0.999952 -0.005563
1778055889.318510 -0.719057 1.572684 0.312141 0.006000 0.005764 -0.999801 -0.018163
1778055889.370520 -0.744915 1.572787 0.311278 0.005781 0.012028 -0.999679 -0.021530
1778055889.423759 -0.773205 1.573303 0.308517 0.006533 0.014382 -0.999676 -0.019955
1778055889.475272 -0.802505 1.574635 0.307778 -0.005210 0.014004 -0.999712 -0.018794
1778055889.531131 -0.831730 1.572561 0.312856 -0.004629 0.026112 -0.999440 -0.020394
1778055889.582234 -0.852390 1.571548 0.314584 -0.000798 0.025553 -0.999509 -0.018139
1778055889.636410 -0.893490 1.574361 0.314068 -0.001572 0.023783 -0.999571 -0.017002
1778055889.689360 -0.926425 1.574855 0.313016 -0.004310 0.021834 -0.999582 -0.018452
1778055889.751270 -0.963583 1.582217 0.310881 0.000350 0.008921 -0.999466 -0.031437
1778055889.796041 -0.986097 1.580539 0.304144 -0.001183 0.031239 -0.997781 -0.058787
1778055889.856441 -1.010123 1.589458 0.310736 -0.003243 0.005831 -0.996143 -0.087491
1778055889.906645 -1.034547 1.594556 0.316489 -0.004932 -0.000401 -0.993178 -0.116500
1778055889.958102 -1.062418 1.604602 0.317789 -0.010767 -0.006829 -0.991990 -0.125670
1778055890.012941 -1.096587 1.614409 0.319463 -0.004979 -0.001381 -0.992351 -0.123345
1778055890.064065 -1.120977 1.622627 0.319850 0.000641 -0.014914 -0.992519 -0.121173
1778055890.119767 -1.152703 1.630616 0.319984 0.001091 -0.012281 -0.992231 -0.123795
1778055890.169796 -1.193242 1.639685 0.321057 -0.006527 -0.008200 -0.992152 -0.124597
1778055890.225356 -1.238972 1.649681 0.313882 -0.010716 -0.002754 -0.992227 -0.123950
1778055890.280155 -1.284754 1.661657 0.316214 0.004816 -0.005873 -0.992776 -0.119742
1778055890.329756 -1.330136 1.673750 0.318170 0.003688 -0.009637 -0.992973 -0.117891
1778055890.390215 -1.375501 1.685363 0.320155 0.000048 -0.002518 -0.992851 -0.119337
1778055890.433283 -1.434025 1.703599 0.313702 0.000512 0.004265 -0.992957 -0.118398
1778055890.486017 -1.443762 1.703679 0.311588 0.013057 -0.001147 -0.992489 -0.121631
1778055890.541263 -1.497296 1.718734 0.313082 0.012402 0.007666 -0.992392 -0.122254
1778055890.596644 -1.558332 1.734260 0.313701 0.003370 0.006558 -0.992856 -0.119094
1778055890.659705 -1.624851 1.745289 0.308943 0.011928 0.012146 -0.992783 -0.118711
1778055890.704282 -1.669596 1.764896 0.308141 0.010182 -0.006776 -0.993325 -0.114703
1778055890.762573 -1.709943 1.773859 0.311733 0.005938 -0.004676 -0.992910 -0.118630
1778055890.810217 -1.744862 1.769875 0.285007 0.012397 0.021576 -0.990543 -0.134930
1778055890.864335 -1.785262 1.779094 0.298309 0.001756 -0.004235 -0.988240 -0.152841
1778055890.917001 -1.823697 1.781486 0.310029 0.001804 0.001224 -0.986517 -0.163642
1778055890.968812 -1.864883 1.794256 0.314694 0.004661 0.002694 -0.986685 -0.162554
1778055891.034352 -1.904409 1.808583 0.313945 0.004360 0.000890 -0.987301 -0.158802
1778055891.078472 -1.949423 1.818560 0.311537 0.006944 0.013788 -0.987268 -0.158315
1778055891.136130 -1.983432 1.835047 0.313215 0.004053 0.000525 -0.987639 -0.156690
1778055891.184461 -2.019519 1.846141 0.315422 -0.002271 -0.005499 -0.987546 -0.157221
1778055891.237136 -2.061175 1.859164 0.315831 -0.008469 -0.001896 -0.987454 -0.157671
1778055891.297175 -2.111946 1.874993 0.307638 -0.004780 0.007992 -0.986530 -0.163314
1778055891.344256 -2.143929 1.884383 0.312753 -0.000254 -0.000928 -0.982877 -0.184258
1778055891.395057 -2.172573 1.892571 0.316964 0.000718 0.002079 -0.977923 -0.208954
1778055891.457095 -2.202528 1.907073 0.317111 0.003469 0.000842 -0.971918 -0.235294
1778055891.506194 -2.234077 1.925389 0.314685 0.007901 -0.003213 -0.963605 -0.267195
1778055891.564976 -2.257544 1.942309 0.308931 0.003979 0.008740 -0.953392 -0.301582
1778055891.616882 -2.276294 1.955238 0.307564 -0.001927 0.000164 -0.941735 -0.336352
1778055891.669695 -2.289125 1.968318 0.314685 -0.005098 -0.007997 -0.928239 -0.371864
1778055891.725698 -2.303958 1.986578 0.317910 -0.009525 -0.012957 -0.912444 -0.408885
1778055891.775574 -2.316592 2.006821 0.318377 -0.012005 -0.015541 -0.895344 -0.444942
1778055891.834139 -2.332019 2.026964 0.316451 -0.002774 -0.012591 -0.874312 -0.485193
1778055891.883789 -2.344025 2.046869 0.316387 -0.006023 -0.018530 -0.865552 -0.500440
1778055891.943171 -2.355671 2.064719 0.317523 -0.004983 -0.018276 -0.864987 -0.501436
1778055891.992460 -2.368311 2.087063 0.318574 -0.002573 -0.017559 -0.864495 -0.502328
1778055892.047702 -2.380645 2.109838 0.317655 -0.004069 -0.012960 -0.864867 -0.501817
1778055892.095394 -2.395191 2.136845 0.313687 -0.005564 -0.013278 -0.865495 -0.500711
1778055892.149243 -2.410714 2.164586 0.308576 -0.004506 0.005280 -0.865033 -0.501667
1778055892.203128 -2.421711 2.181540 0.311298 0.000948 0.001960 -0.862860 -0.505438
1778055892.268857 -2.435355 2.202265 0.313737 0.007012 0.003159 -0.856090 -0.516770
1778055892.310163 -2.451589 2.225032 0.313869 0.023285 0.013068 -0.844205 -0.535354
1778055892.360326 -2.459655 2.247215 0.313493 0.013530 0.007225 -0.831814 -0.554843
1778055892.412158 -2.470875 2.268602 0.314427 0.009463 0.015142 -0.814821 -0.579437
1778055892.470630 -2.480199 2.285938 0.314891 0.019491 0.016329 -0.792611 -0.609197
1778055892.521111 -2.484801 2.305742 0.313738 0.018731 0.016108 -0.771800 -0.635386
1778055892.572670 -2.487883 2.329975 0.312175 0.013707 0.011607 -0.748655 -0.662717
1778055892.628682 -2.483420 2.357824 0.311296 0.007853 0.004105 -0.723609 -0.690154
1778055892.681846 -2.483633 2.385934 0.307060 0.012106 0.012494 -0.714008 -0.699921
1778055892.737313 -2.481293 2.408728 0.301839 0.003140 0.003449 -0.718272 -0.695747
1778055892.786173 -2.482374 2.432368 0.306019 -0.000226 -0.007744 -0.717952 -0.696050
1778055892.844644 -2.482847 2.451829 0.308308 -0.006000 -0.012112 -0.716493 -0.697463
1778055892.897069 -2.483232 2.477122 0.310015 -0.009502 -0.015666 -0.716155 -0.697701
1778055892.946463 -2.483099 2.504472 0.310689 -0.011831 -0.013020 -0.715487 -0.698404
1778055892.999530 -2.483440 2.535138 0.309591 -0.013204 -0.009767 -0.711826 -0.702164
1778055893.052453 -2.483251 2.562808 0.308145 -0.000116 -0.008379 -0.701389 -0.712730
1778055893.108656 -2.485476 2.589360 0.310080 0.004089 -0.004063 -0.689759 -0.724016
1778055893.168123 -2.486036 2.612635 0.309919 0.006141 -0.001989 -0.690380 -0.723419
1778055893.221734 -2.485851 2.636536 0.310309 0.008023 0.000278 -0.691146 -0.722670
1778055893.276050 -2.486799 2.662921 0.309453 0.008314 0.005478 -0.691969 -0.721858
1778055893.327046 -2.487479 2.701224 0.308307 0.003571 0.010187 -0.693271 -0.720596
1778055893.387479 -2.485671 2.733898 0.308304 -0.000150 0.005303 -0.694594 -0.719382
1778055893.434005 -2.482625 2.765811 0.306225 0.015969 0.002829 -0.690503 -0.723148
1778055893.486033 -2.481801 2.792428 0.306701 0.011899 0.005259 -0.683620 -0.729722
1778055893.539805 -2.477620 2.825575 0.309885 0.001870 0.005397 -0.680337 -0.732877
1778055893.592898 -2.475955 2.858449 0.310135 -0.000204 0.010845 -0.678607 -0.734422
1778055893.707819 -2.471535 2.896611 0.309521 -0.004763 0.014369 -0.678959 -0.734020
1778055893.709018 -2.469560 2.931845 0.308156 0.010814 0.010713 -0.679230 -0.733768
1778055893.782131 -2.467718 2.971730 0.311274 0.013580 0.002300 -0.677296 -0.735582
1778055893.812286 -2.466434 3.017027 0.314007 0.015025 0.005398 -0.677993 -0.734895
1778055893.860464 -2.465764 3.063573 0.313564 0.007746 0.010262 -0.680524 -0.732613
1778055893.912475 -2.465669 3.120701 0.313590 -0.000243 0.013410 -0.682605 -0.730664
1778055893.964866 -2.460134 3.170607 0.310239 0.005341 -0.006618 -0.685780 -0.727760
1778055894.022836 -2.455212 3.219390 0.314776 -0.007062 -0.010643 -0.687158 -0.726396
1778055894.074013 -2.453887 3.263904 0.317420 -0.005864 -0.003935 -0.683100 -0.730291
1778055894.125935 -2.452579 3.312347 0.302273 0.009229 0.000076 -0.672370 -0.740158
1778055894.181865 -2.454527 3.345928 0.310675 0.002933 -0.001112 -0.653286 -0.757105
1778055894.231843 -2.454604 3.381473 0.320892 0.004068 -0.000702 -0.632965 -0.774169
1778055894.287350 -2.448969 3.416155 0.321947 0.007540 -0.004875 -0.628137 -0.778051
1778055894.343763 -2.441076 3.451814 0.320016 0.007849 -0.009792 -0.629435 -0.776952
1778055894.409902 -2.431728 3.490978 0.315845 0.007562 -0.014918 -0.631024 -0.775583
1778055894.450426 -2.426726 3.523692 0.311311 0.010350 -0.002920 -0.630778 -0.775889
1778055894.502679 -2.418403 3.560655 0.315732 0.000510 -0.010376 -0.631013 -0.775703
1778055894.560061 -2.410619 3.598724 0.317544 -0.004682 -0.004888 -0.629879 -0.776664
1778055894.609030 -2.399626 3.641380 0.317341 -0.007727 0.003388 -0.630140 -0.776436
1778055894.670370 -2.390795 3.685285 0.312661 0.016076 0.002180 -0.629471 -0.776855
1778055894.716902 -2.378242 3.728845 0.314667 0.015363 -0.010601 -0.627837 -0.778121
1778055894.767592 -2.369428 3.775257 0.317014 0.014204 -0.000961 -0.628300 -0.777841
1778055894.820267 -2.359183 3.830094 0.317096 0.007198 0.009307 -0.630116 -0.776412
1778055894.873771 -2.347043 3.893942 0.311463 0.002138 0.002297 -0.632200 -0.774799
1778055894.930491 -2.338338 3.942637 0.313348 0.006586 -0.009666 -0.635059 -0.772375
1778055894.980937 -2.326717 3.994562 0.317334 -0.000334 -0.008406 -0.634633 -0.772768
1778055895.031839 -2.311563 4.055301 0.319663 -0.001429 0.005081 -0.634212 -0.773142
1778055895.087404 -2.311759 4.064754 0.308492 0.011941 -0.004133 -0.633589 -0.773567
1778055895.138819 -2.303120 4.098184 0.314017 0.015339 -0.006628 -0.631524 -0.775177
1778055895.198199 -2.290938 4.158980 0.316493 0.009483 0.002920 -0.633326 -0.773822
1778055895.245811 -2.277015 4.233958 0.303808 0.005906 0.004392 -0.634763 -0.772672
1778055895.299124 -2.269620 4.251914 0.309939 0.007751 -0.006504 -0.638090 -0.769896
1778055895.358506 -2.257209 4.309878 0.315802 0.001022 -0.005983 -0.639216 -0.769003
1778055895.406214 -2.242330 4.377796 0.319604 0.000275 0.007549 -0.638141 -0.769883
1778055895.461292 -2.237273 4.414347 0.307693 0.014036 0.003336 -0.637588 -0.770243
1778055895.509168 -2.227746 4.445182 0.313370 0.011715 -0.010818 -0.634654 -0.772632
1778055895.570813 -2.217163 4.509253 0.318971 0.009860 0.004604 -0.635142 -0.772319
1778055895.618378 -2.206253 4.573795 0.297256 0.004976 0.011861 -0.637058 -0.770709
1778055895.669370 -2.196476 4.602358 0.310200 0.010770 -0.002394 -0.638720 -0.769360
1778055895.723494 -2.188468 4.654748 0.312407 0.006696 -0.007939 -0.639834 -0.768443
1778055895.778321 -2.194038 4.697262 0.295714 0.027395 -0.002807 -0.637570 -0.769900
1778055895.832834 -2.183402 4.733038 0.300611 -0.005340 -0.004822 -0.639053 -0.769129
1778055895.884117 -2.171925 4.738698 0.301843 -0.017846 -0.000402 -0.642409 -0.766154
1778055895.935938 -2.171415 4.755180 0.303558 0.005787 -0.009261 -0.640395 -0.767968
1778055895.990842 -2.168014 4.761705 0.308593 0.009938 -0.011354 -0.643471 -0.765322
1778055896.046690 -2.164943 4.772789 0.313158 0.014581 -0.012966 -0.647000 -0.762241
1778055896.097123 -2.163757 4.778306 0.309339 0.015892 -0.012278 -0.650402 -0.759325
1778055896.150661 -2.165094 4.778992 0.314757 0.016769 -0.008831 -0.652263 -0.757755
1778055896.211435 -2.166856 4.778558 0.316428 0.016335 -0.003784 -0.653053 -0.757127
1778055896.258249 -2.168127 4.777505 0.314165 0.013323 0.000318 -0.653689 -0.756646
1778055896.309023 -2.170355 4.777201 0.314379 0.012965 0.000143 -0.656075 -0.754584
1778055896.365930 -2.170345 4.777236 0.314198 0.012387 -0.000027 -0.656689 -0.754060
1778055896.416954 -2.169579 4.777798 0.314129 0.012400 -0.000102 -0.656247 -0.754444
1778055896.488040 -2.169176 4.778293 0.314120 0.012782 0.000048 -0.656501 -0.754217
1778055896.524688 -2.169207 4.778521 0.314106 0.012997 0.000114 -0.656826 -0.753930
1778055896.582800 -2.169455 4.778535 0.314070 0.013171 0.000330 -0.656836 -0.753919
1778055896.634304 -2.169497 4.778559 0.314055 0.013210 0.000369 -0.656855 -0.753902
1778055896.686832 -2.169353 4.778595 0.314064 0.013101 0.000275 -0.656836 -0.753920
1778055896.755761 -2.169299 4.778594 0.314074 0.013108 0.000272 -0.656872 -0.753888
1778055896.792258 -2.169385 4.778628 0.314058 0.013204 0.000290 -0.656953 -0.753816
1778055896.845685 -2.169450 4.778694 0.314048 0.013303 0.000343 -0.656873 -0.753884
1778055896.900974 -2.169390 4.778782 0.314059 0.013280 0.000270 -0.656883 -0.753875
1778055896.950689 -2.169339 4.778811 0.314062 0.013242 0.000216 -0.656907 -0.753855
1778055897.010684 -2.169379 4.778823 0.314069 0.013302 0.000248 -0.656892 -0.753867
1778055897.056806 -2.169452 4.778846 0.314047 0.013377 0.000298 -0.656922 -0.753840
1778055897.110199 -2.169425 4.778911 0.314029 0.013404 0.000249 -0.656895 -0.753863
1778055897.168718 -2.169391 4.778930 0.314014 0.013414 0.000191 -0.656914 -0.753846
1778055897.221558 -2.169464 4.778945 0.314012 0.013506 0.000226 -0.656956 -0.753808
1778055897.279101 -2.169511 4.778989 0.314015 0.013593 0.000230 -0.656925 -0.753834
1778055897.396132 -2.169466 4.779019 0.313995 0.013562 0.000200 -0.656881 -0.753872
1778055897.398696 -2.169442 4.779020 0.313986 0.013562 0.000153 -0.656882 -0.753872
1778055897.442257 -2.169523 4.779018 0.313995 0.013654 0.000213 -0.656910 -0.753846
1778055897.486905 -2.169565 4.779032 0.313983 0.013696 0.000262 -0.656925 -0.753832
1778055897.569033 -2.169536 4.779070 0.313977 0.013702 0.000225 -0.656903 -0.753850
1778055897.600660 -2.169510 4.779094 0.313978 0.013701 0.000166 -0.656894 -0.753858
1778055897.650465 -2.169537 4.779076 0.313997 0.013714 0.000190 -0.656964 -0.753798
1778055897.694903 -2.169591 4.779106 0.313989 0.013787 0.000232 -0.656946 -0.753812
1778055897.749572 -2.169569 4.779150 0.313975 0.013807 0.000191 -0.656890 -0.753860
1778055897.805407 -2.169544 4.779178 0.313993 0.013808 0.000137 -0.656895 -0.753856
1778055897.858824 -2.169555 4.779188 0.313979 0.013860 0.000133 -0.656855 -0.753890
1778055897.911799 -2.169592 4.779203 0.313978 0.013919 0.000141 -0.656909 -0.753841
1778055897.965222 -2.169578 4.779264 0.313958 0.013947 0.000109 -0.656829 -0.753911
1778055898.015525 -2.169583 4.779276 0.313951 0.013957 0.000116 -0.656806 -0.753930
1778055898.072782 -2.169565 4.779233 0.313959 0.013906 0.000126 -0.656843 -0.753900
1778055898.121528 -2.169600 4.779236 0.313951 0.013947 0.000156 -0.656813 -0.753924
1778055898.174140 -2.169611 4.779290 0.313931 0.014001 0.000127 -0.656823 -0.753915
1778055898.228211 -2.169581 4.779320 0.313931 0.014027 0.000073 -0.656768 -0.753962
1778055898.283674 -2.169600 4.779305 0.313937 0.014042 0.000071 -0.656838 -0.753902
1778055898.335018 -2.169610 4.779276 0.313944 0.014022 0.000096 -0.656837 -0.753903
1778055898.388871 -2.169645 4.779313 0.313927 0.014093 0.000123 -0.656802 -0.753932
1778055898.442430 -2.169646 4.779365 0.313923 0.014145 0.000078 -0.656837 -0.753900
1778055898.497005 -2.169619 4.779342 0.313920 0.014127 0.000042 -0.656850 -0.753890
