# camera_optical trajectory from onboard odometry (NOT ground truth)
1778753752.474293 2.021649 -12.976224 0.321650 0.101549 0.702019 -0.696438 -0.108767
1778753752.612108 2.023778 -12.971856 0.322635 0.100564 0.701362 -0.697295 -0.108433
1778753752.750673 2.023757 -12.971554 0.322863 0.100671 0.701145 -0.697461 -0.108668
1778753752.894127 2.023453 -12.972503 0.322745 0.100710 0.701339 -0.697266 -0.108639
1778753753.030620 2.023472 -12.972251 0.322812 0.100747 0.701242 -0.697365 -0.108589
1778753753.174474 2.023386 -12.972304 0.322819 0.100840 0.701235 -0.697345 -0.108678
1778753753.312927 2.023523 -12.972261 0.322847 0.100699 0.701209 -0.697394 -0.108660
1778753753.453430 2.023397 -12.972212 0.322882 0.100841 0.701142 -0.697444 -0.108641
1778753753.595178 2.023419 -12.972206 0.322885 0.100820 0.701149 -0.697443 -0.108626
1778753753.732851 2.023485 -12.972188 0.322912 0.100738 0.701124 -0.697487 -0.108571
1778753753.871157 2.024349 -12.970861 0.322033 0.097152 0.700615 -0.698209 -0.110474
1778753754.021715 2.035102 -12.967333 0.312998 0.085453 0.704892 -0.696074 -0.106329
1778753754.156778 2.038894 -12.970017 0.308075 0.078855 0.707441 -0.694550 -0.104446
1778753754.295312 2.039951 -12.975888 0.308941 0.074781 0.709033 -0.693582 -0.103074
1778753754.440841 2.039895 -12.978869 0.308937 0.073647 0.709420 -0.693423 -0.102292
1778753754.573803 2.040032 -12.980331 0.308952 0.073294 0.709354 -0.693660 -0.101399
1778753754.717685 2.040064 -12.981538 0.308805 0.072841 0.709350 -0.693816 -0.100679
1778753754.854892 2.040005 -12.982506 0.308648 0.072538 0.709432 -0.693805 -0.100400
1778753754.995761 2.039951 -12.983069 0.308446 0.072413 0.709571 -0.693688 -0.100311
1778753755.140316 2.040165 -12.983574 0.308354 0.072100 0.709645 -0.693671 -0.100130
1778753755.275277 2.040147 -12.984096 0.308342 0.071961 0.709668 -0.693667 -0.100093
1778753755.413906 2.040215 -12.984549 0.308202 0.071834 0.709756 -0.693623 -0.099866
1778753755.556911 2.040313 -12.984936 0.308050 0.071682 0.709847 -0.693580 -0.099627
1778753755.696064 2.040497 -12.985187 0.307939 0.071474 0.709974 -0.693484 -0.099537
1778753755.836110 2.040755 -12.985445 0.307802 0.071249 0.710099 -0.693402 -0.099378
1778753755.974619 2.040777 -12.985515 0.307764 0.071211 0.710110 -0.693403 -0.099320
1778753756.116697 2.041034 -12.985661 0.307813 0.070987 0.710126 -0.693434 -0.099152
1778753756.255803 2.041252 -12.985941 0.307817 0.070787 0.710144 -0.693467 -0.098934
1778753756.394328 2.041173 -12.986128 0.307933 0.070811 0.710051 -0.693561 -0.098923
1778753756.539191 2.041236 -12.986335 0.307887 0.070745 0.710105 -0.693528 -0.098812
1778753756.675268 2.041231 -12.986394 0.307782 0.070731 0.710134 -0.693504 -0.098792
1778753756.814738 2.041227 -12.986396 0.307771 0.070739 0.710130 -0.693503 -0.098816
1778753756.956398 2.041346 -12.986484 0.307797 0.070635 0.710130 -0.693531 -0.098691
1778753757.094255 2.041337 -12.986503 0.307827 0.070623 0.710115 -0.693548 -0.098691
1778753757.235742 2.041467 -12.986548 0.307859 0.070509 0.710109 -0.693571 -0.098656
1778753757.374269 2.041484 -12.986693 0.307766 0.070487 0.710154 -0.693544 -0.098543
1778753757.518602 2.041492 -12.986680 0.307854 0.070476 0.710121 -0.693578 -0.098542
1778753757.658894 2.041656 -12.986809 0.307794 0.070333 0.710192 -0.693534 -0.098443
1778753757.793206 2.041603 -12.986798 0.307806 0.070362 0.710198 -0.693520 -0.098481
1778753757.933898 2.041733 -12.986876 0.307833 0.070253 0.710200 -0.693530 -0.098467
1778753758.080321 2.041771 -12.986943 0.307756 0.070182 0.710233 -0.693502 -0.098475
1778753758.215672 2.041763 -12.986973 0.307730 0.070180 0.710270 -0.693471 -0.098434
1778753758.355114 2.041910 -12.986991 0.307810 0.070052 0.710236 -0.693520 -0.098425
1778753758.496900 2.041881 -12.986962 0.307824 0.070071 0.710214 -0.693542 -0.098414
1778753758.640640 2.041917 -12.986968 0.307843 0.070035 0.710190 -0.693563 -0.098468
1778753758.776136 2.042074 -12.987055 0.307837 0.069892 0.710223 -0.693556 -0.098380
1778753758.916751 2.042069 -12.987139 0.307856 0.069877 0.710250 -0.693530 -0.098380
1778753759.053646 2.042175 -12.987224 0.307815 0.069771 0.710302 -0.693487 -0.098376
1778753759.200212 2.042160 -12.987241 0.307754 0.069769 0.710324 -0.693465 -0.098377
1778753759.334902 2.042185 -12.987285 0.307805 0.069744 0.710334 -0.693460 -0.098363
1778753759.477599 2.042313 -12.987361 0.307753 0.069634 0.710367 -0.693451 -0.098267
1778753759.616313 2.042238 -12.987329 0.307738 0.069697 0.710338 -0.693475 -0.098257
1778753759.758822 2.042313 -12.987349 0.307814 0.069633 0.710323 -0.693497 -0.098254
1778753759.900632 2.042409 -12.987386 0.307839 0.069545 0.710324 -0.693512 -0.098206
1778753760.035404 2.042363 -12.987411 0.307831 0.069579 0.710317 -0.693519 -0.098181
1778753760.176654 2.042497 -12.987482 0.307838 0.069459 0.710359 -0.693494 -0.098142
1778753760.318434 2.042473 -12.987528 0.307825 0.069464 0.710353 -0.693501 -0.098135
1778753760.457842 2.042529 -12.987466 0.307910 0.069415 0.710282 -0.693574 -0.098168
1778753760.598048 2.044848 -12.988188 0.307612 0.066954 0.710352 -0.694029 -0.096131
1778753760.743960 2.061532 -12.993348 0.305659 0.046212 0.713286 -0.695284 -0.075291
1778753760.884274 2.098606 -12.999196 0.308209 -0.003478 0.716740 -0.696666 -0.030457
1778753761.019777 2.147170 -13.000529 0.309277 -0.061237 0.714751 -0.696040 0.030145
1778753761.159526 2.193510 -12.995064 0.309725 -0.107973 0.706680 -0.691238 0.105527
1778753761.301826 2.238809 -12.989230 0.297411 -0.158532 0.707609 -0.672201 0.149342
1778753761.439668 2.277935 -12.999111 0.280005 -0.192773 0.709263 -0.655671 0.172860
1778753761.582067 2.322188 -13.021197 0.284894 -0.223561 0.698082 -0.650654 0.198370
1778753761.719446 2.384873 -13.047778 0.287830 -0.264693 0.677377 -0.641797 0.243300
1778753761.865957 2.442688 -13.069961 0.296471 -0.290854 0.659211 -0.632939 0.283254
1778753761.999933 2.508080 -13.106127 0.302655 -0.312790 0.641297 -0.635848 0.294277
1778753762.141607 2.593553 -13.148439 0.312615 0.332320 -0.627639 0.636499 -0.300835
1778753762.281256 2.706173 -13.204471 0.305143 0.339013 -0.624997 0.625565 -0.321119
1778753762.419978 2.819858 -13.273441 0.307887 -0.341586 0.624070 -0.620490 0.329921
1778753762.562916 2.911890 -13.334217 0.306046 -0.347699 0.627131 -0.617862 0.322582
1778753762.700316 3.010139 -13.443928 0.307669 -0.295066 0.643807 -0.634955 0.308676
1778753762.840384 3.051500 -13.595085 0.319152 -0.214556 0.680814 -0.663929 0.222838
1778753762.986081 3.023362 -13.750248 0.311520 0.091341 -0.699598 0.704324 -0.078409
1778753763.123006 2.931531 -13.817923 0.304958 0.063421 0.720273 -0.690753 0.006654
1778753763.259347 2.838571 -13.900376 0.297654 0.150266 0.707330 -0.685342 -0.086088
1778753763.400622 2.717492 -14.014560 0.306252 0.234667 0.678690 -0.673495 -0.175259
1778753763.540568 2.559474 -14.065123 0.287648 0.323019 0.653191 -0.630869 -0.266467
1778753763.682045 2.416953 -14.100495 0.276659 0.374050 0.619980 -0.603495 -0.333924
1778753763.821693 2.293740 -14.141201 0.299753 -0.405415 -0.590423 0.599173 0.357814
1778753763.967412 2.209722 -14.199339 0.297229 0.383440 0.608756 -0.598684 -0.352089
1778753764.101297 2.109984 -14.309633 0.307683 0.319505 0.635800 -0.618082 -0.334141
1778753764.249533 2.020462 -14.411168 0.298601 0.282020 0.648790 -0.635450 -0.309418
1778753764.383222 1.947217 -14.504986 0.306415 0.261611 0.665829 -0.633001 -0.295874
1778753764.521819 1.851333 -14.622291 0.300582 0.258592 0.668155 -0.644775 -0.266392
1778753764.668910 1.768844 -14.715790 0.299592 0.251264 0.671357 -0.647476 -0.258689
1778753764.805716 1.678780 -14.824756 0.300155 0.245415 0.671779 -0.651281 -0.253608
1778753764.956747 1.590467 -14.959402 0.318408 -0.226297 -0.665495 0.668832 0.242013
1778753765.088526 1.590485 -15.039662 0.302253 0.162540 0.700371 -0.666225 -0.198006
1778753765.232362 1.587928 -15.209169 0.310498 0.088487 0.706511 -0.689145 -0.134502
1778753765.371991 1.591197 -15.329891 0.289247 0.036950 0.711013 -0.696399 -0.090128
1778753765.506927 1.598214 -15.467059 0.296367 0.007022 0.724590 -0.686529 -0.059986
1778753765.651254 1.601224 -15.608742 0.306910 0.002782 0.712674 -0.700965 -0.027148
1778753765.786978 1.607733 -15.732868 0.295861 -0.006870 0.720136 -0.693657 -0.014023
1778753765.927186 1.615189 -15.901722 0.299389 -0.016818 0.715369 -0.698528 -0.004875
1778753766.072072 1.615261 -16.030144 0.311189 -0.020850 0.708864 -0.705023 0.004408
1778753766.218386 1.628913 -16.159580 0.306676 -0.022853 0.713987 -0.699740 0.008029
1778753766.348783 1.639609 -16.267137 0.307840 -0.027497 0.711649 -0.701833 0.015205
1778753766.488707 1.640113 -16.356872 0.310911 -0.026350 0.708783 -0.704619 0.021078
1778753766.628626 1.624811 -16.443181 0.313492 -0.006661 0.707128 -0.707052 0.001712
1778753766.772339 1.579120 -16.528175 0.311639 0.036762 0.711782 -0.699433 -0.052997
1778753766.909440 1.535738 -16.605703 0.302611 0.073012 0.712300 -0.693447 -0.080181
1778753767.053418 1.499109 -16.671773 0.310617 0.100889 0.705292 -0.695538 -0.092798
1778753767.189443 1.454938 -16.744694 0.307712 0.119065 0.702131 -0.692728 -0.113857
1778753767.330404 1.408611 -16.804405 0.314161 0.138849 0.698150 -0.686759 -0.147209
1778753767.469381 1.363343 -16.876121 0.306368 0.155752 0.695116 -0.683819 -0.157946
1778753767.619520 1.322613 -16.933411 0.310267 0.164245 0.688373 -0.686284 -0.167867
1778753767.753740 1.318611 -16.939503 0.310805 0.166199 0.687951 -0.686207 -0.167995
1778753767.905914 1.314076 -16.946408 0.311412 0.168412 0.687468 -0.686115 -0.168139
1778753768.028208 1.310433 -16.951955 0.311897 0.170191 0.687078 -0.686039 -0.168254
1778753768.244121 1.187557 -17.144427 0.302575 0.173890 0.685321 -0.683309 -0.182171
1778753768.384415 1.169795 -17.188452 0.307658 -0.173568 -0.679918 0.691732 0.170566
1778753768.516760 1.165737 -17.231770 0.317148 -0.150786 -0.676865 0.702966 0.157977
1778753768.660241 1.154348 -17.294112 0.315216 -0.128430 -0.690216 0.695391 0.153422
1778753768.795354 1.145094 -17.350330 0.316475 -0.121444 -0.693306 0.697491 0.134476
1778753768.938414 1.124992 -17.419697 0.305185 0.115438 0.699612 -0.694050 -0.124542
1778753769.075995 1.110752 -17.465495 0.307367 0.111303 0.698999 -0.696349 -0.118786
1778753769.218655 1.103778 -17.506120 0.304366 0.107355 0.701783 -0.694957 -0.114061
1778753769.358503 1.098512 -17.532005 0.301174 0.106687 0.702138 -0.694948 -0.112550
1778753769.497123 1.096310 -17.542262 0.302104 0.104708 0.702320 -0.695040 -0.112704
1778753769.638947 1.097447 -17.545832 0.302477 0.102424 0.702556 -0.695182 -0.112451
1778753769.786568 1.100522 -17.545272 0.302890 0.098105 0.703029 -0.695984 -0.108312
1778753769.914624 1.106222 -17.545713 0.304190 0.092856 0.702866 -0.697149 -0.106490
1778753770.055268 1.111039 -17.545506 0.305181 0.088181 0.702959 -0.698119 -0.103452
1778753770.197461 1.113389 -17.544489 0.305555 0.086245 0.703166 -0.698414 -0.101673
1778753770.339190 1.115505 -17.542996 0.305752 0.084721 0.703314 -0.698638 -0.100379
1778753770.478797 1.117000 -17.541547 0.305818 0.083686 0.703476 -0.698729 -0.099479
1778753770.617810 1.118084 -17.540492 0.305866 0.082853 0.703583 -0.698806 -0.098876
1778753770.758484 1.118810 -17.539639 0.305887 0.082304 0.703662 -0.698841 -0.098520
1778753770.904320 1.119774 -17.538838 0.305871 0.081654 0.703785 -0.698890 -0.097840
1778753771.040856 1.120535 -17.537981 0.305874 0.081187 0.703873 -0.698905 -0.097480
1778753771.179539 1.121107 -17.537141 0.305867 0.080777 0.703968 -0.698871 -0.097383
1778753771.329503 1.121620 -17.536639 0.305844 0.080453 0.704049 -0.698866 -0.097099
1778753771.458086 1.121932 -17.536303 0.305842 0.080231 0.704092 -0.698870 -0.096948
1778753771.599286 1.122031 -17.535893 0.305808 0.080251 0.704140 -0.698822 -0.096929
1778753771.736713 1.122317 -17.535650 0.305806 0.080010 0.704177 -0.698816 -0.096901
1778753771.875336 1.122531 -17.535486 0.305764 0.079793 0.704252 -0.698790 -0.096721
1778753772.020903 1.122700 -17.535266 0.305830 0.079655 0.704197 -0.698863 -0.096706
1778753772.156454 1.122793 -17.535254 0.305793 0.079550 0.704255 -0.698814 -0.096726
1778753772.295038 1.122806 -17.535217 0.305769 0.079515 0.704286 -0.698797 -0.096644
1778753772.439183 1.122919 -17.535225 0.305753 0.079379 0.704321 -0.698773 -0.096682
1778753772.586421 1.123019 -17.535228 0.305721 0.079267 0.704371 -0.698746 -0.096604
1778753772.720519 1.123010 -17.535192 0.305753 0.079270 0.704334 -0.698789 -0.096564
1778753772.858608 1.123067 -17.535201 0.305763 0.079220 0.704329 -0.698791 -0.096628
1778753772.999830 1.122922 -17.535102 0.305666 0.078500 0.704463 -0.698677 -0.097058
1778753773.144289 1.119074 -17.533950 0.305028 0.068665 0.705880 -0.697415 -0.103102
1778753773.281715 1.104982 -17.530474 0.303528 0.069772 0.709629 -0.694167 -0.098437
1778753773.425164 1.083336 -17.524811 0.293874 0.077793 0.718908 -0.684480 -0.092776
1778753773.559340 1.051876 -17.519570 0.283492 0.069448 0.727777 -0.675678 -0.094746
1778753773.703528 1.020600 -17.515238 0.299282 0.064995 0.719782 -0.684928 -0.092536
1778753773.842426 0.996189 -17.513845 0.305596 0.043373 0.715585 -0.692083 -0.084131
1778753773.982452 0.988919 -17.517706 0.300822 0.004080 0.724271 -0.688524 -0.036726
1778753774.121812 0.971739 -17.525755 0.292486 -0.036481 0.729746 -0.682682 0.009240
1778753774.260502 0.949625 -17.531248 0.304226 -0.061311 0.719022 -0.691015 0.041789
1778753774.402287 0.917300 -17.540140 0.312822 -0.080895 0.705059 -0.702423 0.054322
1778753774.555180 0.900212 -17.542627 0.314095 -0.103074 0.703384 -0.697650 0.088941
1778753774.687552 0.878155 -17.557604 0.301797 -0.144223 0.707437 -0.679376 0.131077
1778753774.831564 0.855068 -17.571732 0.311246 -0.168877 0.695144 -0.680397 0.159106
1778753774.961101 0.829916 -17.588883 0.318495 0.186489 -0.680137 0.689081 -0.166742
1778753775.102890 0.797310 -17.602540 0.319137 0.197301 -0.673534 0.689527 -0.178819
1778753775.245094 0.763214 -17.625886 0.300372 -0.211312 0.690758 -0.667930 0.179081
1778753775.382632 0.730123 -17.647725 0.302100 -0.215577 0.688427 -0.664674 0.194432
1778753775.526842 0.697599 -17.671496 0.316016 0.219966 -0.673791 0.677270 -0.197299
1778753775.661695 0.661118 -17.693836 0.324209 0.217203 -0.660427 0.688535 -0.206345
1778753775.803283 0.623559 -17.719217 0.311853 -0.226828 0.675813 -0.672303 0.199586
1778753775.945662 0.584914 -17.752973 0.295406 -0.237720 0.686488 -0.658561 0.196267
1778753776.085391 0.552625 -17.778369 0.312843 -0.228498 0.675166 -0.668970 0.210758
1778753776.223100 0.520614 -17.801486 0.322219 0.225293 -0.663695 0.680035 -0.215188
1778753776.377084 0.504844 -17.810206 0.318772 0.228525 -0.670149 0.671468 -0.218647
1778753776.509585 0.493128 -17.820274 0.314582 0.232230 -0.671654 0.672230 -0.207503
1778753776.653673 0.485162 -17.828540 0.305732 -0.229518 0.677540 -0.666817 0.208844
1778753776.791646 0.485910 -17.829212 0.305194 -0.229441 0.677227 -0.666520 0.210881
1778753776.934333 0.485994 -17.828657 0.305912 -0.229053 0.677155 -0.666690 0.210998
1778753777.071167 0.486106 -17.828806 0.305911 -0.228905 0.677231 -0.666636 0.211084
1778753777.214675 0.486307 -17.828473 0.305923 -0.228905 0.677147 -0.666719 0.211093
1778753777.346544 0.486389 -17.828540 0.305901 -0.228778 0.677208 -0.666724 0.211018
1778753777.488206 0.486441 -17.828467 0.305920 -0.228427 0.677318 -0.666753 0.210956
1778753777.642595 0.486683 -17.828290 0.305911 -0.228429 0.677316 -0.666693 0.211147
1778753777.770478 0.486765 -17.828246 0.305910 -0.228207 0.677398 -0.666657 0.211239
1778753777.909218 0.486959 -17.828094 0.305963 -0.228010 0.677422 -0.666645 0.211411
1778753778.051296 0.486920 -17.828104 0.306031 -0.227640 0.677466 -0.666776 0.211257
1778753778.190476 0.486964 -17.828102 0.306024 -0.227559 0.677500 -0.666794 0.211179
1778753778.331482 0.489527 -17.826339 0.306248 -0.229872 0.676555 -0.665452 0.215886
1778753778.474562 0.505680 -17.815770 0.307919 -0.251010 0.667774 -0.658621 0.239355
1778753778.605024 0.534222 -17.795221 0.312117 -0.289564 0.648836 -0.647104 0.276443
1778753778.745582 0.567942 -17.758570 0.313588 0.344155 -0.616748 0.622614 -0.336944
1778753778.886410 0.597241 -17.701454 0.309022 -0.413092 0.580392 -0.575824 0.401157
1778753779.024528 0.625657 -17.636871 0.303282 0.488169 -0.524149 0.528785 -0.455352
1778753779.171117 0.663021 -17.553628 0.311085 0.551427 -0.454114 0.466727 -0.521417
1778753779.306730 0.697285 -17.495196 0.312970 0.581795 -0.406476 0.416832 -0.567929
1778753779.444843 0.750291 -17.434876 0.321146 0.599663 -0.361353 0.395163 -0.594705
1778753779.587030 0.809273 -17.368521 0.321951 0.615047 -0.338628 0.376755 -0.604238
1778753779.727856 0.891131 -17.301616 0.324210 -0.607772 0.338166 -0.362960 0.620094
1778753779.866368 1.019412 -17.262708 0.327819 -0.595902 0.373871 -0.382174 0.599220
1778753780.015800 1.155047 -17.226512 0.323519 -0.577010 0.399351 -0.397954 0.590940
1778753780.151120 1.276633 -17.190368 0.312959 -0.572221 0.418526 -0.397395 0.582645
1778753780.286451 1.416181 -17.161945 0.312474 -0.568484 0.422213 -0.412170 0.573305
1778753780.428571 1.564130 -17.124294 0.313336 0.570059 -0.422310 0.422086 -0.564385
1778753780.569681 1.701808 -17.088352 0.311861 -0.566009 0.425947 -0.416045 0.570185
1778753780.708333 1.815472 -17.022869 0.307901 0.591745 -0.388548 0.402320 -0.580523
1778753780.847907 1.870321 -16.911907 0.311970 0.641697 -0.305650 0.352436 -0.608762
1778753780.983587 1.893798 -16.772993 0.310034 0.681344 -0.188888 0.248628 -0.662024
1778753781.126632 1.852607 -16.641994 0.286543 0.736051 -0.056220 0.131951 -0.661557
1778753781.267444 1.784645 -16.543477 0.320027 0.705023 0.078318 -0.005925 -0.704822
1778753781.409194 1.636454 -16.484969 0.295776 0.689078 0.233789 -0.109098 -0.677208
1778753781.545552 1.523380 -16.433950 0.305206 0.659355 0.281506 -0.245526 -0.652474
1778753781.687437 1.440298 -16.376029 0.315310 -0.630155 -0.295811 0.257321 0.670214
1778753781.827291 1.388806 -16.257067 0.316797 -0.659246 -0.249053 0.211019 0.677376
1778753781.967828 1.343137 -16.116791 0.295999 0.692083 0.187407 -0.196324 -0.668847
1778753782.109725 1.318506 -15.969020 0.303399 0.694338 0.142217 -0.152429 -0.688792
1778753782.247332 1.313882 -15.817861 0.309271 0.700881 0.091553 -0.096564 -0.700756
1778753782.399904 1.315619 -15.690267 0.310287 0.705886 0.052340 -0.076817 -0.702200
1778753782.528886 1.324948 -15.551914 0.308518 -0.705777 -0.033132 0.049067 0.705956
1778753782.665790 1.324057 -15.444634 0.311903 -0.700146 -0.029879 0.026287 0.712890
1778753782.809938 1.321825 -15.307782 0.321655 -0.699509 -0.020931 0.025371 0.713867
1778753782.948958 1.321417 -15.157800 0.308963 0.707957 0.020286 -0.014095 -0.705823
1778753783.087698 1.274882 -15.005476 0.312107 -0.703382 -0.062240 0.040411 0.706928
1778753783.229429 1.209686 -14.875892 0.322101 -0.686503 -0.106887 0.077025 0.715091
1778753783.371323 1.160748 -14.802139 0.307975 -0.688808 -0.142067 0.097096 0.704225
1778753783.511440 1.085828 -14.655762 0.308237 -0.684995 -0.152018 0.131215 0.700325
1778753783.652839 1.018142 -14.506840 0.313365 -0.671774 -0.159075 0.146856 0.708412
1778753783.792910 0.969105 -14.417090 0.319613 -0.684761 -0.166132 0.148149 0.693941
1778753783.930755 0.896660 -14.279458 0.311947 -0.687554 -0.168494 0.161086 0.687699
1778753784.068274 0.826339 -14.185608 0.305433 -0.673505 -0.196005 0.168118 0.692611
1778753784.207427 0.710146 -14.112873 0.316382 -0.658587 -0.269506 0.216904 0.668268
1778753784.346164 0.571917 -14.080282 0.306363 -0.610484 -0.357180 0.303550 0.638428
1778753784.486199 0.432255 -14.048997 0.278016 0.590842 0.429973 -0.343318 -0.590053
1778753784.627858 0.269810 -14.023250 0.288744 -0.553642 -0.455775 0.385721 0.580489
1778753784.767295 0.135221 -14.000127 0.301025 -0.533763 -0.454519 0.431017 0.568097
1778753784.910679 0.020097 -13.992779 0.302211 -0.535743 -0.482203 0.428399 0.544916
1778753785.054158 -0.133245 -13.973308 0.305702 0.533169 0.478301 -0.457849 -0.526624
1778753785.193315 -0.258112 -13.931842 0.309528 -0.541529 -0.465190 0.439762 0.544935
1778753785.340571 -0.404111 -13.865365 0.299217 -0.560776 -0.445312 0.409297 0.565424
1778753785.474436 -0.539477 -13.785040 0.297586 0.599895 0.399885 -0.394105 -0.569999
1778753785.610502 -0.630618 -13.672103 0.302844 0.629688 0.339510 -0.351460 -0.603905
1778753785.751144 -0.736793 -13.570564 0.300673 0.633874 0.317904 -0.323283 -0.626601
1778753785.891373 -0.826336 -13.536420 0.310327 -0.612543 -0.341913 0.361319 0.614276
1778753786.033196 -0.955082 -13.543962 0.303857 0.573530 0.439114 -0.391063 -0.570361
1778753786.169027 -1.087200 -13.609619 0.310937 0.489820 0.521071 -0.473616 -0.514052
1778753786.321245 -1.169826 -13.701249 0.277020 0.414125 0.617350 -0.491388 -0.453781
1778753786.462385 -1.294257 -13.755161 0.276926 0.388269 0.624846 -0.533788 -0.416997
1778753786.590150 -1.404725 -13.817297 0.309436 0.353963 0.613488 -0.581216 -0.400664
1778753786.731651 -1.503564 -13.882677 0.295463 0.354094 0.637546 -0.575840 -0.369541
1778753786.893914 -1.616015 -13.988027 0.297071 0.321284 0.649749 -0.605292 -0.328975
1778753787.011535 -1.654114 -14.075126 0.296051 -0.259573 -0.651428 0.655255 0.280898
1778753787.150361 -1.688076 -14.172612 0.293399 0.208373 0.699019 -0.638164 -0.246375
1778753787.298811 -1.742611 -14.305988 0.295788 0.180861 0.703402 -0.656385 -0.204140
1778753787.434441 -1.801260 -14.444823 0.300654 0.149398 0.698300 -0.673235 -0.191862
1778753787.571004 -1.857953 -14.545075 0.303957 0.162724 0.703752 -0.665717 -0.187284
1778753787.710593 -1.951678 -14.610289 0.301549 0.225807 0.690348 -0.657656 -0.199797
1778753787.852290 -2.071352 -14.708234 0.295624 0.256569 0.675299 -0.650982 -0.233166
1778753787.992936 -2.174103 -14.802832 0.312969 -0.256374 -0.652952 0.661701 0.264721
1778753788.134868 -2.277602 -14.889628 0.328006 -0.259105 -0.622950 0.685574 0.273469
1778753788.276515 -2.401332 -14.977075 0.306571 -0.269252 -0.639965 0.659238 0.288710
1778753788.411712 -2.489443 -15.098460 0.285146 0.247401 0.675554 -0.644552 -0.258791
1778753788.551859 -2.531822 -15.208017 0.299944 0.203367 0.688599 -0.655943 -0.232837
1778753788.659426 -2.595683 -15.331513 0.262101 0.183742 0.735356 -0.618875 -0.206115
1778753788.775937 -2.607307 -15.350288 0.253226 0.183073 0.745184 -0.609227 -0.200067
1778753789.052400 -2.621301 -15.375169 0.248455 0.177940 0.753202 -0.602238 -0.195791
1778753789.193812 -2.656869 -15.452794 0.255244 0.147213 0.745437 -0.619402 -0.197467
1778753789.323731 -2.667282 -15.473522 0.256339 0.152271 0.746643 -0.619981 -0.186980
1778753789.465868 -2.678617 -15.496191 0.257610 0.157780 0.747845 -0.620517 -0.175477
1778753789.722729 -2.810492 -15.834711 0.294627 0.114607 0.718892 -0.672674 -0.132549
1778753789.837531 -2.816899 -15.938025 0.301638 0.090956 0.709297 -0.690474 -0.108953
1778753789.953079 -2.833887 -16.028778 0.304638 0.095993 0.711645 -0.691368 -0.079732
1778753790.106538 -2.865114 -16.153704 0.295713 0.080091 0.720172 -0.683347 -0.089302
1778753790.245289 -2.902413 -16.277345 0.298859 0.082206 0.724804 -0.678871 -0.083878
1778753790.372094 -2.913513 -16.402821 0.300967 0.062259 0.722328 -0.686609 -0.054156
1778753790.524844 -2.857341 -16.527220 0.294729 -0.027682 0.720821 -0.692531 -0.007194
1778753790.655057 -2.815696 -16.659457 0.290033 -0.062322 0.730880 -0.678904 0.031952
1778753790.797463 -2.767213 -16.802159 0.304755 -0.084081 0.715078 -0.690077 0.073397
1778753790.939294 -2.717743 -16.919522 0.293072 -0.103015 0.720759 -0.679878 0.087523
1778753791.080245 -2.663085 -17.059920 0.289194 -0.115865 0.718894 -0.677844 0.101466
1778753791.227680 -2.619729 -17.181035 0.312290 -0.123743 0.700004 -0.693549 0.116929
1778753791.358760 -2.539794 -17.299935 0.297301 -0.170922 0.709015 -0.667442 0.150345
1778753791.499386 -2.423198 -17.411040 0.305028 -0.222723 0.684541 -0.664445 0.200775
1778753791.638589 -2.344488 -17.462766 0.284519 -0.272367 0.673364 -0.649804 0.223947
1778753791.780581 -2.213818 -17.518123 0.286723 -0.332679 0.648426 -0.627515 0.274033
1778753791.917813 -2.081211 -17.530502 0.283257 0.394673 -0.594570 0.605194 -0.352789
1778753792.056779 -1.995000 -17.532691 0.287730 -0.447492 0.574121 -0.571424 0.378961
1778753792.198743 -1.849094 -17.541883 0.299330 0.463425 -0.544649 0.556735 -0.422658
1778753792.340490 -1.680539 -17.559365 0.307598 0.468909 -0.525608 0.545770 -0.453867
1778753792.478822 -1.574957 -17.562330 0.316328 0.482231 -0.519901 0.538938 -0.454645
1778753792.623835 -1.425465 -17.564184 0.307738 -0.484584 0.522324 -0.519484 0.471691
1778753792.770185 -1.282667 -17.573159 0.305298 0.489218 -0.514292 0.523117 -0.471718
1778753792.902544 -1.136299 -17.577200 0.317299 0.487939 -0.504208 0.528428 -0.477969
1778753793.038224 -1.000095 -17.569235 0.313489 0.498350 -0.500188 0.508308 -0.493034
1778753793.176701 -0.890422 -17.522522 0.306708 0.532571 -0.459672 0.481477 -0.522733
1778753793.320297 -0.756137 -17.462563 0.322366 0.557091 -0.431176 0.455140 -0.544596
1778753793.457230 -0.613943 -17.408776 0.325728 0.567244 -0.410869 0.438731 -0.562970
1778753793.598537 -0.497467 -17.366260 0.306741 0.583960 -0.403312 0.427221 -0.560190
1778753793.737346 -0.340152 -17.344473 0.311201 -0.550950 0.426360 -0.451942 0.557153
1778753793.874593 -0.195383 -17.386501 0.323355 -0.505164 0.488057 -0.492839 0.513537
1778753794.020669 -0.059373 -17.444990 0.320735 -0.452619 0.532158 -0.528598 0.482211
1778753794.166344 0.027570 -17.485768 0.310581 -0.423674 0.563549 -0.533642 0.467053
1778753794.301104 0.156946 -17.548958 0.310426 -0.410151 0.578950 -0.552453 0.437480
1778753794.439146 0.263421 -17.631533 0.318516 0.374761 -0.590880 0.595110 -0.395295
1778753794.578121 0.338991 -17.729119 0.309968 -0.322157 0.630405 -0.615173 0.346939
1778753794.717768 0.402284 -17.816538 0.305373 -0.282719 0.650886 -0.634238 0.306855
1778753794.859831 0.430060 -17.876843 0.316707 -0.253364 0.662926 -0.647908 0.276680
1778753794.997930 0.430162 -17.936861 0.311556 -0.222264 0.673222 -0.665450 0.233554
1778753795.142757 0.423773 -17.971630 0.307235 0.198326 -0.676836 0.680410 -0.199003
1778753795.275750 0.417066 -17.984439 0.310214 -0.180280 0.683535 -0.683157 0.183236
1778753795.421917 0.418344 -17.989622 0.306647 -0.183621 0.684111 -0.684084 0.174083
1778753795.558891 0.439447 -17.983739 0.306867 0.203523 -0.673797 0.680898 -0.202370
1778753795.695538 0.460134 -17.973858 0.312239 0.224587 -0.663379 0.678625 -0.221262
1778753795.840164 0.470931 -17.963643 0.315021 0.239668 -0.658947 0.674331 -0.231572
1778753795.981152 0.487448 -17.950546 0.313706 0.252622 -0.655649 0.666017 -0.250457
1778753796.119383 0.495565 -17.943951 0.315278 0.259388 -0.651473 0.664197 -0.259120
1778753796.276171 0.497727 -17.940464 0.316333 0.262040 -0.649537 0.664094 -0.261563
1778753796.405696 0.498862 -17.938241 0.316766 0.263819 -0.648444 0.664095 -0.262483
1778753796.553055 0.499100 -17.937229 0.316863 0.264477 -0.648085 0.664065 -0.262784
1778753796.684834 0.499012 -17.936557 0.317495 0.264836 -0.647866 0.664160 -0.262724
1778753796.823461 0.498664 -17.936265 0.317101 0.264773 -0.647863 0.664228 -0.262621
1778753796.961742 0.498617 -17.936055 0.318643 0.264869 -0.647845 0.664272 -0.262457
1778753797.101620 0.498973 -17.936195 0.318201 0.264998 -0.647821 0.664248 -0.262446
1778753797.240520 0.508450 -17.946509 0.318228 0.262158 -0.647917 0.664074 -0.265485
1778753797.382439 0.532979 -17.968415 0.312884 0.265487 -0.650818 0.656315 -0.274231
1778753797.519528 0.581637 -17.983255 0.310291 -0.294346 0.647282 -0.633356 0.305362
1778753797.658756 0.648373 -17.978177 0.303677 -0.348049 0.623057 -0.605420 0.352319
1778753797.798950 0.736539 -17.945054 0.311210 0.418777 -0.568257 0.583499 -0.401544
1778753797.938769 0.804302 -17.908802 0.320534 0.468310 -0.523307 0.560957 -0.438363
1778753798.076741 0.887198 -17.873317 0.313026 0.498652 -0.499358 0.524181 -0.476679
1778753798.219503 0.958664 -17.874280 0.319952 0.493503 -0.497289 0.523250 -0.485148
1778753798.363510 1.033770 -17.909289 0.321340 0.467911 -0.517629 0.547339 -0.462103
1778753798.501449 1.079517 -17.964130 0.313372 0.432854 -0.562942 0.568556 -0.415305
1778753798.638468 1.106866 -18.038876 0.306871 0.376107 -0.600976 0.606092 -0.360587
1778753798.781119 1.090956 -18.104406 0.316036 -0.297494 0.644525 -0.635137 0.304443
1778753798.918309 1.055163 -18.164172 0.313382 -0.228538 0.674554 -0.664335 0.226732
1778753799.056930 1.009272 -18.209784 0.306775 -0.160013 0.700321 -0.681736 0.138498
1778753799.198544 0.973065 -18.235957 0.297045 -0.104683 0.711883 -0.689366 0.083895
1778753799.340625 0.954567 -18.247891 0.303860 -0.076674 0.712647 -0.695310 0.052901
1778753799.484316 0.945108 -18.254718 0.304827 -0.058382 0.714441 -0.696462 0.033261
1778753799.634336 0.943200 -18.258741 0.303488 -0.048245 0.714724 -0.697027 0.031547
1778753799.843686 0.947052 -18.261069 0.303412 -0.050959 0.715100 -0.696295 0.034762
1778753799.987575 0.949167 -18.261085 0.303257 -0.053076 0.715109 -0.695944 0.038253
1778753800.125080 0.947455 -18.257204 0.302520 -0.054988 0.715018 -0.696037 0.035471
1778753800.265896 0.944639 -18.238832 0.299320 -0.056020 0.717428 -0.693339 0.037958
1778753800.406714 0.941081 -18.209600 0.296097 -0.057656 0.718833 -0.691433 0.043302
1778753800.545315 0.936271 -18.183797 0.294151 -0.053074 0.718457 -0.691750 0.049848
1778753800.691919 0.930984 -18.161056 0.294293 -0.054559 0.717348 -0.692702 0.050988
1778753800.818896 0.941179 -18.149582 0.292093 -0.073594 0.721330 -0.684998 0.071028
1778753800.956679 0.968418 -18.140075 0.295462 -0.121856 0.712704 -0.683134 0.102621
1778753801.092515 0.992206 -18.134713 0.295001 -0.157201 0.702906 -0.679081 0.141629
1778753801.240514 1.004039 -18.131956 0.295507 -0.164650 0.701498 -0.671974 0.171001
1778753801.379624 1.009763 -18.124917 0.299068 -0.178118 0.694718 -0.672185 0.183871
1778753801.528088 1.008703 -18.121835 0.297711 -0.185240 0.691902 -0.672937 0.184699
1778753801.665871 1.010897 -18.120327 0.298558 -0.187863 0.690638 -0.673412 0.185045
1778753801.807981 1.010778 -18.120208 0.298807 -0.187875 0.690473 -0.673596 0.184983
1778753801.947227 1.010930 -18.120268 0.298703 -0.188015 0.690554 -0.673536 0.184756
1778753802.083659 1.010723 -18.120363 0.298711 -0.187855 0.690590 -0.673600 0.184550
1778753802.225586 1.010482 -18.120673 0.298659 -0.187693 0.690713 -0.673676 0.183977
1778753802.364668 1.012420 -18.119708 0.299051 -0.191021 0.689513 -0.673322 0.186332
1778753802.495909 1.029076 -18.111191 0.301786 -0.213691 0.680801 -0.670541 0.203030
1778753802.632195 1.063655 -18.089133 0.304946 -0.259929 0.663144 -0.657073 0.246844
1778753802.774971 1.118895 -18.026369 0.305796 0.352918 -0.614592 0.621324 -0.334189
1778753802.910883 1.150615 -17.933774 0.301870 -0.454225 0.553037 -0.541219 0.441488
1778753803.052210 1.152176 -17.797809 0.304479 0.558876 -0.437415 0.440493 -0.549810
1778753803.190493 1.105649 -17.678327 0.313924 -0.630149 0.318822 -0.307294 0.637836
1778753803.331905 1.017002 -17.595544 0.313646 0.684881 -0.188554 0.176531 -0.681338
1778753803.470627 0.897273 -17.542993 0.298557 0.718403 -0.041700 0.036573 -0.693412
1778753803.611008 0.765586 -17.547073 0.309346 0.700958 0.128656 -0.098168 -0.694599
1778753803.755928 0.654798 -17.610012 0.298063 0.663322 0.285024 -0.237978 -0.649716
1778753803.892263 0.587556 -17.683329 0.283793 0.621610 0.381001 -0.340330 -0.593813
1778753804.034657 0.554977 -17.739368 0.292589 0.575243 0.439535 -0.399781 -0.562209
1778753804.191355 0.536157 -17.781248 0.297995 0.537296 0.482140 -0.441107 -0.533178
1778753804.312302 0.528684 -17.800253 0.299494 0.520364 0.497485 -0.460732 -0.519093
1778753804.458696 0.503188 -17.815881 0.298965 0.503854 0.510250 -0.477414 -0.507791
1778753804.601512 0.450322 -17.820490 0.289316 0.506203 0.520419 -0.487702 -0.484840
1778753804.736661 0.367924 -17.823962 0.303241 0.500182 0.511412 -0.510042 -0.477632
1778753804.876915 0.255618 -17.817914 0.311134 0.497686 0.504053 -0.503355 -0.494846
1778753805.016186 0.140693 -17.751853 0.313514 -0.537841 -0.456923 0.447542 0.549231
1778753805.157933 0.100737 -17.647396 0.309054 0.622397 0.359572 -0.390197 -0.575391
1778753805.293117 0.066943 -17.478990 0.309867 0.680207 0.234588 -0.272088 -0.638949
1778753805.433145 0.140786 -17.379145 0.308514 0.697977 0.105943 -0.145205 -0.693195
1778753805.590255 0.211973 -17.266957 0.275857 0.738905 -0.041031 -0.002416 -0.672555
1778753805.711175 0.281209 -17.225814 0.299859 -0.691813 0.150107 -0.112013 0.697363
1778753805.853385 0.327361 -17.252735 0.294124 0.680272 -0.243508 0.188973 -0.664999
1778753805.994725 0.371494 -17.247918 0.301836 0.664300 -0.290495 0.250849 -0.641399
1778753806.133919 0.397181 -17.275526 0.328580 -0.619180 0.310229 -0.307125 0.652724
1778753806.274517 0.416897 -17.328410 0.396832 -0.555708 0.323218 -0.329797 0.691342
1778753806.418897 0.429941 -17.345090 0.500924 -0.494977 0.330813 -0.340535 0.727734
1778753806.563913 0.429716 -17.333778 0.501063 -0.501246 0.318646 -0.399401 0.698353
1778753806.703309 0.388044 -17.299047 0.392955 -0.566308 0.316741 -0.471493 0.597215
1778753806.836481 0.429284 -17.320107 0.392810 0.616947 -0.350538 0.484109 -0.511993
1778753806.976005 0.480900 -17.359631 0.274530 0.629833 -0.460631 0.436216 -0.448157
1778753807.115650 0.473314 -17.410235 0.290149 -0.595073 0.607221 -0.368602 0.375903
1778753807.252365 0.471236 -17.408123 0.293659 -0.596361 0.663098 -0.339967 0.298457
1778753807.393134 0.475034 -17.386200 0.318370 0.646448 -0.637582 0.331829 -0.255899
1778753807.532562 0.504801 -17.396419 0.333377 0.697530 -0.569264 0.342480 -0.268511
1778753807.674585 0.533022 -17.384888 0.095076 0.702833 -0.474976 0.387595 -0.360825
1778753807.811306 0.547544 -17.400430 0.295090 0.646233 -0.412201 0.391784 -0.508899
1778753807.954973 0.527185 -17.322576 0.392500 0.614363 -0.326710 0.387551 -0.604667
1778753808.092990 0.436924 -17.248564 0.418773 -0.612483 0.246026 -0.387647 0.643479
1778753808.236561 0.282376 -17.185497 0.407069 -0.611285 0.104133 -0.426937 0.658188
1778753808.379133 0.312526 -17.034546 0.333830 -0.564554 0.061554 -0.310835 0.762150
1778753808.518604 0.436638 -16.879843 0.146258 0.756801 -0.131721 0.221840 -0.600573
1778753808.660829 0.534114 -16.826707 0.059879 0.826961 -0.240417 0.152950 -0.484708
1778753808.798332 0.511942 -16.824293 0.015036 0.833919 -0.286343 0.152602 -0.446429
1778753808.934647 0.585206 -16.762889 0.043612 0.783558 -0.387761 0.129299 -0.467932
1778753809.073320 0.650931 -16.729718 0.085214 0.755721 -0.404392 0.164141 -0.488273
1778753809.217271 0.687883 -16.702623 0.150939 0.750998 -0.379212 0.180078 -0.509679
1778753809.354316 0.695105 -16.689132 0.197856 0.734367 -0.341023 0.199855 -0.551784
1778753809.503610 0.687393 -16.683718 0.235879 0.710414 -0.300040 0.233454 -0.592273
1778753809.638978 0.679672 -16.684205 0.247332 0.705243 -0.292512 0.241507 -0.598952
1778753809.774524 0.675151 -16.679988 0.254737 0.703363 -0.282319 0.246320 -0.604072
1778753809.924651 0.669208 -16.674488 0.260111 0.702194 -0.272689 0.250369 -0.608177
1778753810.055038 0.666301 -16.673556 0.262866 0.700719 -0.269432 0.253943 -0.609846
1778753810.198993 0.665512 -16.671028 0.265247 0.699325 -0.265402 0.258045 -0.611489
1778753810.348247 0.674340 -16.656516 0.278633 0.687268 -0.264085 0.264731 -0.622768
1778753810.474267 0.700538 -16.612378 0.305624 0.663004 -0.258270 0.267111 -0.649903
1778753810.618206 0.761862 -16.555055 0.315260 -0.645918 0.283540 -0.267505 0.656381
1778753810.755516 0.899730 -16.553032 0.327150 -0.599566 0.357140 -0.330796 0.635252
1778753810.892377 1.041056 -16.595363 0.317052 -0.547297 0.438604 -0.436952 0.563175
1778753811.035373 1.126553 -16.689441 0.323523 -0.447701 0.540831 -0.505183 0.501852
1778753811.175060 1.208622 -16.842169 0.313461 -0.334697 0.619872 -0.601031 0.377489
1778753811.314582 1.222314 -17.002592 0.313958 -0.203180 0.670894 -0.655563 0.280811
1778753811.456701 1.189246 -17.149334 0.299131 -0.077874 0.719797 -0.674153 0.146103
1778753811.593615 1.111547 -17.250204 0.298923 0.047761 0.711502 -0.701028 -0.006681
1778753811.735927 0.990713 -17.327876 0.291021 0.197346 0.711750 -0.666989 -0.097938
1778753811.874364 0.855169 -17.357498 0.282620 0.293974 0.670957 -0.647193 -0.211038
1778753812.018674 0.717367 -17.393125 0.290700 0.371020 0.628534 -0.619868 -0.288188
1778753812.164621 0.547251 -17.352047 0.281547 0.471923 0.565288 -0.557174 -0.383792
1778753812.303090 0.428238 -17.284208 0.278098 0.532104 0.492974 -0.485672 -0.487816
1778753812.435891 0.315100 -17.187632 0.284955 0.612921 0.407561 -0.416171 -0.533875
1778753812.576825 0.268517 -17.049910 0.285147 0.663946 0.279144 -0.299780 -0.625608
1778753812.712859 0.262641 -16.878604 0.283912 0.730220 0.145428 -0.218138 -0.630908
1778753812.854225 0.336051 -16.743256 0.283546 0.734277 -0.002413 -0.101046 -0.671284
1778753812.994078 0.446454 -16.703904 0.276075 0.717495 -0.117058 0.014974 -0.686494
1778753813.135471 0.561006 -16.630202 0.277351 0.704275 -0.203881 0.127630 -0.667937
1778753813.275417 0.686234 -16.592692 0.272250 0.669322 -0.298580 0.235932 -0.638118
1778753813.423393 0.840042 -16.534127 0.301019 -0.612958 0.360041 -0.298658 0.636755
1778753813.557330 0.976353 -16.516876 0.301695 -0.587191 0.401436 -0.338349 0.616098
1778753813.694767 1.129876 -16.473836 0.301356 -0.579828 0.404136 -0.384662 0.593725
1778753813.841451 1.281499 -16.441012 0.319624 -0.566688 0.414198 -0.402514 0.587611
1778753813.986773 1.427153 -16.401646 0.307092 0.574411 -0.421799 0.411170 -0.568398
1778753814.119561 1.550630 -16.316991 0.311512 0.597268 -0.381635 0.393214 -0.585670
1778753814.260882 1.670382 -16.229821 0.322879 0.612992 -0.342114 0.371132 -0.607832
1778753814.396910 1.787801 -16.141646 0.310517 0.636199 -0.329031 0.347029 -0.605442
1778753814.538171 1.888044 -16.068806 0.310820 0.637421 -0.316164 0.330584 -0.620039
1778753814.680634 2.006749 -15.977903 0.308489 0.639711 -0.302059 0.330031 -0.624988
1778753814.815123 2.111603 -15.892635 0.306666 0.638441 -0.296583 0.320318 -0.633899
1778753814.955390 2.203340 -15.818531 0.318785 -0.638233 0.295415 -0.310174 0.639673
1778753815.093576 2.293671 -15.769339 0.310126 0.635809 -0.319651 0.322184 -0.624314
1778753815.236392 2.447117 -15.739821 0.317143 -0.581563 0.369791 -0.389035 0.611302
1778753815.375433 2.607965 -15.775949 0.326061 -0.524180 0.469218 -0.445175 0.553976
1778753815.517720 2.718324 -15.883362 0.321630 -0.429720 0.557851 -0.550154 0.448857
1778753815.660101 2.786463 -16.029897 0.304880 -0.296113 0.652677 -0.590291 0.371329
1778753815.798486 2.804260 -16.197276 0.292043 -0.169194 0.700795 -0.645994 0.250899
1778753815.941256 2.733500 -16.348819 0.292904 -0.034630 0.716586 -0.686718 0.117144
1778753816.080910 2.659647 -16.491005 0.291695 0.076280 0.726527 -0.682759 0.013454
1778753816.217310 2.572181 -16.591833 0.289271 0.143672 0.700265 -0.692651 -0.096037
1778753816.371844 2.458634 -16.669568 0.305131 0.228100 0.683079 -0.679818 -0.138640
1778753816.503773 2.385561 -16.750780 0.293869 0.239871 0.681873 -0.672582 -0.158569
1778753816.646800 2.374631 -16.880441 0.308640 0.151972 0.694930 -0.686377 -0.151203
1778753816.780063 2.453510 -16.966375 0.287498 0.047914 0.708645 -0.697735 -0.093238
1778753816.924045 2.469999 -17.103067 0.298975 0.004150 0.717883 -0.693731 -0.058007
1778753817.062233 2.448637 -17.201856 0.307334 -0.021438 -0.704515 0.707776 0.047449
1778753817.205211 2.423937 -17.369939 0.311642 -0.040148 -0.702705 0.709081 0.042406
1778753817.353415 2.407195 -17.508671 0.325435 -0.043850 -0.696261 0.714967 0.046035
1778753817.487222 2.408111 -17.650591 0.318369 -0.026116 -0.706270 0.707327 0.013786
1778753817.624580 2.441026 -17.774357 0.304574 -0.017829 0.712818 -0.701065 0.008974
1778753817.766454 2.421536 -17.919817 0.314660 -0.011577 -0.695010 0.718637 0.019682
1778753817.901856 2.337008 -18.034686 0.314280 0.104726 0.702591 -0.700437 -0.069183
1778753818.043314 2.195010 -18.115443 0.311348 -0.231090 -0.672113 0.677122 0.190705
1778753818.186271 2.031335 -18.103882 0.294621 -0.370687 -0.618961 0.633315 0.279984
1778753818.321324 1.879998 -18.073363 0.279426 0.483487 0.563202 -0.550191 -0.382536
1778753818.461198 1.764571 -17.971428 0.308206 0.548286 0.463396 -0.464537 -0.518509
1778753818.601676 1.651331 -17.862673 0.283909 0.646235 0.378438 -0.383517 -0.540444
1778753818.744652 1.556778 -17.790766 0.278237 0.659326 0.332064 -0.365539 -0.566925
1778753818.889345 1.423009 -17.801058 0.298037 0.618028 0.383016 -0.404614 -0.554642
1778753819.028489 1.311222 -17.862986 0.288313 0.546220 0.482960 -0.431426 -0.531286
1778753819.169586 1.164191 -17.919766 0.285160 0.479437 0.551145 -0.475959 -0.489737
1778753819.300093 1.083311 -18.027309 0.295976 0.375773 0.610602 -0.562819 -0.411333
1778753819.448722 1.054886 -18.171278 0.289082 0.258276 0.687014 -0.615846 -0.286424
1778753819.583503 1.072840 -18.281405 0.330758 0.111405 0.696644 -0.687386 -0.172560
1778753819.718573 1.167129 -18.348254 0.309772 0.029332 -0.701453 0.710775 0.043626
1778753819.862566 1.241657 -18.365161 0.306950 -0.147247 0.706607 -0.683162 0.110972
1778753820.010597 1.319879 -18.351415 0.339876 0.281308 -0.640982 0.669497 -0.248558
1778753820.144652 1.406918 -18.285507 0.324246 0.411089 -0.576653 0.607900 -0.359076
1778753820.280340 1.500457 -18.186912 0.290407 -0.498259 0.543693 -0.531208 0.417079
1778753820.430088 1.552046 -18.202195 0.302491 0.480175 -0.532918 0.539242 -0.441189
1778753820.561703 1.608936 -18.265553 0.307121 0.417946 -0.559663 0.577175 -0.423046
1778753820.701346 1.673664 -18.399253 0.325664 0.339061 -0.606192 0.626878 -0.352978
1778753820.848309 1.743300 -18.532173 0.300691 -0.273565 0.648385 -0.647648 0.292082
1778753820.982975 1.816050 -18.643196 0.317460 -0.229656 0.661515 -0.657932 0.277095
1778753821.121320 1.880494 -18.785129 0.269814 0.189507 -0.659358 0.667033 -0.290518
1778753821.271373 1.964772 -18.866496 0.326273 0.186626 -0.603920 0.690607 -0.351444
1778753821.403228 2.046859 -18.912098 0.351392 0.210587 -0.605171 0.682858 -0.350893
1778753821.543993 2.150148 -19.023632 0.322748 0.239158 -0.636954 0.673035 -0.290030
1778753821.681200 2.214817 -19.154258 0.286865 -0.229288 0.675221 -0.647367 0.269110
1778753821.831883 2.333269 -19.237769 0.297083 -0.278377 0.664334 -0.646270 0.251996
1778753821.960426 2.445685 -19.253744 0.302541 0.337857 -0.615780 0.632861 -0.325812
1778753822.105227 2.544767 -19.220155 0.318052 0.454018 -0.541047 0.581826 -0.403255
1778753822.242047 2.586429 -19.162326 0.307107 0.536078 -0.471783 0.514432 -0.474764
1778753822.384022 2.581042 -19.120204 0.299040 0.576284 -0.430128 0.466811 -0.514757
1778753822.522418 2.522042 -19.109372 0.290921 0.607484 -0.418033 0.403967 -0.541314
1778753822.663905 2.439320 -19.126495 0.289600 0.607350 -0.397119 0.380597 -0.573208
1778753822.802820 2.350177 -19.180944 0.295460 0.591247 -0.409789 0.411880 -0.559334
1778753822.944472 2.250947 -19.276594 0.296052 0.554789 -0.475832 0.473551 -0.491470
1778753823.086672 2.142711 -19.335110 0.310066 0.495525 -0.519793 0.530169 -0.450767
1778753823.222051 2.065573 -19.327068 0.313539 0.498857 -0.537387 0.547451 -0.403304
1778753823.362087 1.960115 -19.328865 0.296878 0.496136 -0.519866 0.560650 -0.411413
1778753823.504212 1.948853 -19.258265 0.221348 0.495536 -0.483603 0.577576 -0.432409
1778753823.641391 2.010075 -19.284831 0.128816 -0.547859 0.575093 -0.465526 0.390389
1778753823.785352 2.012725 -19.260681 0.196839 0.589174 -0.585914 0.398921 -0.387867
1778753823.922312 1.991554 -19.214776 0.233519 0.625364 -0.557685 0.339308 -0.427525
1778753824.062409 1.954772 -19.208345 0.254287 0.641776 -0.513840 0.303565 -0.481603
1778753824.207503 1.865655 -19.262141 0.174672 0.668931 -0.503018 0.254431 -0.484529
1778753824.342182 1.830715 -19.305953 0.160018 0.647854 -0.480163 0.289626 -0.515602
1778753824.485945 1.811728 -19.326528 0.184190 0.655783 -0.453724 0.331708 -0.504037
1778753824.630298 1.755914 -19.425989 0.212584 0.647112 -0.504948 0.377383 -0.428784
1778753824.763517 1.708895 -19.479733 0.251188 0.599819 -0.550638 0.474918 -0.333869
1778753824.909888 1.630325 -19.541184 0.125094 -0.490451 0.658413 -0.476696 0.314184
1778753825.043219 1.541543 -19.534798 0.146192 -0.456500 0.685706 -0.491060 0.283329
1778753825.191429 1.496326 -19.484107 0.125320 -0.455383 0.671829 -0.505634 0.292585
1778753825.328386 1.454663 -19.463550 0.217427 -0.438620 0.710894 -0.457196 0.305311
1778753825.462992 1.403155 -19.385878 0.239113 -0.493882 0.641590 -0.497513 0.311326
1778753825.602543 1.356431 -19.342575 0.192990 -0.472180 0.650832 -0.494617 0.329875
1778753825.743592 1.336838 -19.319193 0.163648 -0.516278 0.676234 -0.405232 0.334592
1778753825.880850 1.243253 -19.256333 0.193724 -0.561346 0.630786 -0.365464 0.391709
1778753826.021959 1.123457 -19.228820 0.214264 0.607646 -0.585143 0.330247 -0.423450
1778753826.163821 1.035072 -19.208084 0.205095 0.634092 -0.530310 0.333884 -0.453013
1778753826.304854 0.910475 -19.213698 0.189475 0.654564 -0.492372 0.339484 -0.462457
1778753826.444589 0.836500 -19.213904 0.211861 0.660409 -0.423927 0.397489 -0.475550
1778753826.582232 0.761259 -19.268077 0.270450 0.585082 -0.417766 0.468523 -0.513456
1778753826.722844 0.658466 -19.353557 0.295609 0.520199 -0.474829 0.513452 -0.490202
1778753826.869268 0.572044 -19.424348 0.311208 0.460776 -0.536350 0.544361 -0.451316
1778753827.006424 0.514602 -19.488819 0.308007 -0.413886 0.589291 -0.585076 0.372989
1778753827.145796 0.464056 -19.555169 0.302213 -0.344692 0.641642 -0.618088 0.295721
1778753827.286541 0.405409 -19.611836 0.306257 -0.268704 0.668726 -0.659374 0.214079
1778753827.426071 0.335904 -19.647675 0.317074 -0.173300 0.692348 -0.686670 0.138225
1778753827.566119 0.254416 -19.669928 0.318997 0.076180 -0.704080 0.704649 -0.044026
1778753827.705884 0.147409 -19.671117 0.305796 0.062796 0.717570 -0.688746 -0.082338
1778753827.845217 0.059398 -19.633905 0.317588 -0.186596 -0.679490 0.682850 0.192850
1778753827.987522 -0.021098 -19.587868 0.326260 -0.277255 -0.639346 0.644261 0.315110
1778753828.126525 -0.091695 -19.512799 0.322739 0.396886 0.588783 -0.569455 -0.414170
1778753828.263172 -0.137974 -19.422317 0.307984 0.498333 0.506333 -0.499289 -0.495985
1778753828.414683 -0.180770 -19.340432 0.326333 0.556508 0.421707 -0.457590 -0.550521
1778753828.553445 -0.253838 -19.297393 0.314332 0.571869 0.422373 -0.425190 -0.560161
1778753828.692911 -0.367862 -19.314297 0.315594 -0.533901 -0.462493 0.450252 0.546189
1778753828.827456 -0.492396 -19.363236 0.315769 0.487894 0.516045 -0.495105 -0.500528
1778753828.968469 -0.612614 -19.403999 0.306405 0.462393 0.546482 -0.514159 -0.472430
1778753829.104581 -0.689027 -19.416076 0.265898 0.488767 0.570210 -0.521567 -0.404888
1778753829.245075 -0.759158 -19.468177 0.223360 0.492701 0.616275 -0.499609 -0.357550
1778753829.382484 -0.582575 -19.423807 0.174119 0.517113 0.658538 -0.454334 -0.304141
1778753829.529252 -0.585283 -19.427175 0.171085 0.477680 0.713251 -0.399548 -0.321647
1778753829.662869 -0.657300 -19.435010 0.183423 0.469293 0.681074 -0.418011 -0.375723
1778753829.811136 -0.704284 -19.381035 0.161131 0.530430 0.600932 -0.411821 -0.433506
1778753829.943223 -0.693372 -19.381257 0.196222 0.621732 0.537860 -0.396223 -0.408857
1778753830.081827 -0.806161 -19.337616 0.198328 0.646274 0.496644 -0.376362 -0.440484
1778753830.223782 -0.894826 -19.285246 0.212803 0.626734 0.475134 -0.318833 -0.528959
1778753830.366677 -0.945295 -19.173937 0.281260 -0.619874 -0.362318 0.262658 0.644587
1778753830.510871 -0.920306 -18.988722 0.247844 0.756151 0.155512 -0.261822 -0.579225
1778753830.646131 -0.885428 -18.909754 0.165411 0.856226 0.045301 -0.139497 -0.495344
1778753830.787496 -0.840776 -18.784425 0.190963 0.820309 -0.070307 0.050080 -0.565369
1778753830.925734 -0.780442 -18.681692 0.212536 0.776608 -0.163844 0.173553 -0.583022
1778753831.063021 -0.699395 -18.721262 0.319967 -0.628836 0.280555 -0.246629 0.681930
1778753831.203531 -0.628929 -18.683188 0.337435 -0.592517 0.376834 -0.235879 0.671775
1778753831.344855 -0.520694 -18.647073 0.306283 0.618855 -0.386910 0.306690 -0.610951
1778753831.491371 -0.406818 -18.611701 0.285704 0.609915 -0.406983 0.336654 -0.590790
1778753831.629182 -0.272938 -18.574602 0.297433 0.592529 -0.409126 0.366425 -0.589286
1778753831.766657 -0.192990 -18.526806 0.298192 0.612094 -0.374877 0.356994 -0.597799
1778753831.904547 -0.092725 -18.412971 0.313962 0.632752 -0.318570 0.327369 -0.625274
1778753832.045124 -0.010261 -18.320537 0.302524 0.659933 -0.281799 0.310699 -0.623333
1778753832.193305 0.108902 -18.190300 0.299796 0.658399 -0.266225 0.291538 -0.640812
1778753832.326809 0.178428 -18.129083 0.318038 0.656639 -0.260597 0.286643 -0.647109
1778753832.465241 0.301324 -18.080709 0.322657 0.630723 -0.311954 0.335845 -0.626165
1778753832.605721 0.429112 -18.079786 0.312014 -0.573823 0.399579 -0.385677 0.601928
1778753832.745670 0.574672 -18.143690 0.335871 -0.502511 0.499503 -0.470072 0.526319
1778753832.882714 0.645204 -18.249030 0.304109 0.407626 -0.572863 0.576838 -0.415844
1778753833.023573 0.723243 -18.392386 0.292013 -0.301182 0.673323 -0.595677 0.317954
1778753833.164978 0.704407 -18.509189 0.288947 -0.158343 0.707345 -0.653723 0.217339
1778753833.303123 0.681994 -18.595862 0.276617 -0.061130 0.724643 -0.672143 0.139211
1778753833.447993 0.694948 -18.653348 0.280714 -0.036281 0.739389 -0.663128 0.110672
1778753833.588630 0.717176 -18.685705 0.291198 -0.059281 0.734505 -0.666634 0.112193
1778753833.735160 0.759071 -18.691415 0.293430 -0.118344 0.718152 -0.671124 0.140874
1778753833.876705 0.805506 -18.671505 0.303303 -0.183590 0.694571 -0.669856 0.187505
1778753834.009778 0.842282 -18.658217 0.306447 -0.232559 0.673044 -0.665283 0.224337
1778753834.158679 0.858528 -18.646438 0.309598 -0.254326 0.664435 -0.655711 0.252759
1778753834.294962 0.861527 -18.625835 0.300404 -0.274004 0.659433 -0.644337 0.273678
1778753834.448215 0.852428 -18.607090 0.301301 -0.286475 0.656369 -0.638854 0.281028
1778753834.578175 0.844484 -18.594613 0.302287 -0.295054 0.650931 -0.640121 0.281918
1778753834.722454 0.844844 -18.588668 0.305052 -0.299463 0.645357 -0.644117 0.280980
1778753834.862457 0.847345 -18.591354 0.304429 -0.299665 0.645137 -0.643632 0.282377
1778753835.001755 0.848237 -18.591102 0.304760 -0.299539 0.645614 -0.642853 0.283196
1778753835.140389 0.848003 -18.588910 0.305241 -0.299565 0.645066 -0.643572 0.282782
1778753835.279157 0.848248 -18.589242 0.305292 -0.299344 0.645123 -0.643557 0.282920
1778753835.420887 0.848780 -18.589412 0.305234 -0.299503 0.645152 -0.643548 0.282705
1778753835.563049 0.848790 -18.589657 0.305213 -0.299133 0.645364 -0.643592 0.282513
1778753835.697692 0.849033 -18.589807 0.305252 -0.299052 0.645364 -0.643701 0.282351
1778753835.845733 0.849290 -18.590033 0.305186 -0.298910 0.645511 -0.643690 0.282191
1778753835.976900 0.849455 -18.590039 0.305168 -0.298968 0.645510 -0.643736 0.282025
1778753836.115622 0.849611 -18.590103 0.305142 -0.299003 0.645531 -0.643716 0.281986
1778753836.257287 0.849842 -18.590176 0.305113 -0.299111 0.645519 -0.643698 0.281942
1778753836.403821 0.846993 -18.587327 0.302595 -0.301581 0.645516 -0.642554 0.281927
1778753836.538466 0.833565 -18.575077 0.298415 -0.305420 0.647215 -0.638211 0.283758
1778753836.682223 0.810673 -18.553702 0.290675 -0.308713 0.653740 -0.629371 0.284978
1778753836.814389 0.775372 -18.516791 0.289034 -0.313231 0.651401 -0.629001 0.286219
1778753836.953796 0.741963 -18.478022 0.284771 -0.321969 0.655651 -0.623638 0.278447
1778753837.093282 0.699935 -18.440681 0.293147 -0.312466 0.654930 -0.625352 0.286997
1778753837.233534 0.660466 -18.410960 0.296187 -0.314026 0.651197 -0.629740 0.284179
1778753837.385508 0.643602 -18.390771 0.298675 -0.314934 0.647163 -0.631287 0.288917
1778753837.518093 0.653359 -18.374335 0.296925 -0.334583 0.638127 -0.618764 0.313015
1778753837.656725 0.676991 -18.325397 0.291636 -0.407863 0.605408 -0.581836 0.358602
1778753837.791545 0.686123 -18.246858 0.292141 -0.489503 0.542207 -0.531511 0.428829
1778753837.938231 0.672193 -18.131900 0.315864 0.573646 -0.429029 0.444751 -0.537643
1778753838.068410 0.635847 -18.037958 0.328723 0.633717 -0.320044 0.351295 -0.610382
1778753838.209383 0.566451 -17.911710 0.312569 0.701026 -0.191808 0.219169 -0.650950
1778753838.349587 0.513590 -17.823634 0.279693 0.730659 -0.138577 0.122041 -0.657297
1778753838.490381 0.547392 -17.768134 0.288712 0.707882 -0.124099 0.159535 -0.676794
1778753838.630240 0.619864 -17.704592 0.333899 -0.659260 0.180130 -0.187458 0.705542
1778753838.771322 0.749246 -17.659373 0.335152 -0.644542 0.283240 -0.230528 0.671712
1778753838.915295 0.868384 -17.629376 0.302487 0.635932 -0.334836 0.297316 -0.628553
1778753839.052482 0.982428 -17.585823 0.303124 -0.611560 0.374019 -0.317328 0.620812
1778753839.195321 1.132738 -17.573064 0.305436 -0.580502 0.416622 -0.381398 0.586497
1778753839.332028 1.281390 -17.614468 0.308607 -0.512731 0.475285 -0.465681 0.542543
1778753839.477075 1.408661 -17.740193 0.320949 -0.417093 0.572487 -0.545228 0.448352
1778753839.611242 1.447321 -17.872386 0.298842 -0.302209 0.641334 -0.625645 0.325466
1778753839.755021 1.400471 -17.942422 0.294370 -0.176404 0.710940 -0.647439 0.210400
1778753839.890264 1.354346 -18.044541 0.311609 -0.064613 0.726741 -0.681349 0.058620
1778753840.028910 1.269133 -18.086386 0.340845 -0.048860 -0.693443 0.713414 0.088258
1778753840.173027 1.145613 -18.111629 0.330672 0.219667 0.692355 -0.668904 -0.157981
1778753840.315621 1.007430 -18.090721 0.305266 0.333503 0.649936 -0.611129 -0.304762
1778753840.448727 0.846852 -18.034198 0.303616 0.452869 0.571741 -0.563955 -0.387268
1778753840.590261 0.708885 -17.931382 0.293013 0.553450 0.474501 -0.481009 -0.487003
1778753840.730919 0.630640 -17.795848 0.298363 0.613597 0.373353 -0.360511 -0.595095
1778753840.869605 0.571368 -17.645638 0.298179 0.684948 0.255869 -0.279822 -0.622155
1778753841.012718 0.500189 -17.552397 0.294185 0.687017 0.219793 -0.259162 -0.642287
1778753841.151748 0.363338 -17.517330 0.308719 0.658116 0.276936 -0.294345 -0.635256
1778753841.289951 0.234532 -17.534679 0.304310 -0.593651 -0.373887 0.360328 0.614777
1778753841.433376 0.075172 -17.555427 0.285520 0.556203 0.474653 -0.395813 -0.555585
1778753841.570729 -0.068408 -17.574649 0.298030 -0.499016 -0.505375 0.457313 0.535204
1778753841.712607 -0.124877 -17.590580 0.287247 0.487766 0.541351 -0.470482 -0.497665
1778753841.850845 -0.247392 -17.613975 0.283343 0.459351 0.555944 -0.492397 -0.487307
1778753841.991948 -0.337874 -17.641897 0.286565 0.457304 0.564755 -0.506154 -0.464471
1778753842.133759 -0.395459 -17.663303 0.304416 0.453050 0.565806 -0.521928 -0.449666
1778753842.274240 -0.425401 -17.674714 0.296523 0.446941 0.579730 -0.531675 -0.426003
1778753842.415262 -0.414587 -17.708184 0.316068 0.426042 0.590630 -0.555466 -0.401375
1778753842.551719 -0.379580 -17.783737 0.371211 -0.365147 -0.588264 0.602290 0.397316
1778753842.689774 -0.343728 -17.849460 0.419879 -0.283383 -0.588056 0.627880 0.423852
1778753842.833395 -0.357890 -17.853938 0.390375 -0.273504 -0.586908 0.645359 0.405273
1778753843.122533 -0.409184 -17.774150 0.337326 -0.358105 -0.558871 0.673509 0.325285
1778753843.260540 -0.386620 -17.585419 0.430958 -0.495246 -0.370017 0.751177 0.231412
1778753844.627461 -0.408156 -17.339356 0.390149 -0.519318 -0.206176 0.809245 0.181445
1778753844.727515 -0.411076 -17.331073 0.388249 -0.518862 -0.200117 0.811318 0.180271
1778753844.873875 -0.415318 -17.318921 0.385419 -0.518155 -0.191240 0.814289 0.178539
1778753845.007760 -0.419169 -17.307771 0.382775 -0.517468 -0.183104 0.816941 0.176941
1778753845.143894 -0.423056 -17.296400 0.380033 -0.516728 -0.174817 0.819574 0.175302
1778753845.330799 -0.671829 -17.685960 0.261615 0.360064 0.646998 -0.581198 -0.337575
1778753845.494100 -0.632169 -17.743829 0.276269 0.278947 0.679664 -0.632836 -0.244467
1778753845.651393 -0.543819 -17.810125 0.296240 0.140102 0.707024 -0.684106 -0.111749
1778753845.770358 -0.444539 -17.845899 0.298831 0.000413 0.709916 -0.704242 0.007946
1778753845.911796 -0.329722 -17.853957 0.313098 0.156382 -0.689015 0.701601 -0.092511
1778753846.049952 -0.189064 -17.873480 0.285405 -0.288080 0.682470 -0.642780 0.195137
1778753846.192552 -0.081166 -17.811834 0.239964 -0.407690 0.644897 -0.573355 0.298598
1778753846.331105 -0.019574 -17.780938 0.240409 -0.482620 0.574724 -0.498296 0.434132
1778753846.470529 0.034002 -17.685021 0.313727 -0.536068 0.436348 -0.445686 0.568855
1778753846.615548 -0.022084 -17.564895 0.298081 -0.615291 0.301283 -0.375958 0.623940
1778753846.751221 0.016894 -17.436411 0.312279 0.666802 -0.250685 0.304550 -0.632283
1778753846.891961 0.116212 -17.316660 0.312173 0.661235 -0.256911 0.293441 -0.640825
1778753847.031847 0.247897 -17.274081 0.308592 -0.620354 0.327011 -0.345770 0.623433
1778753847.176230 0.322792 -17.319432 0.294412 -0.567874 0.419885 -0.379446 0.597693
1778753847.318562 0.463226 -17.314449 0.300381 -0.544327 0.454699 -0.411653 0.572275
1778753847.484134 0.619566 -17.319269 0.320441 -0.513849 0.468380 -0.450312 0.560177
1778753847.595277 0.701390 -17.308507 0.310126 -0.520559 0.471767 -0.444946 0.555407
1778753847.731128 0.781391 -17.253033 0.301555 -0.554816 0.418600 -0.433525 0.573593
1778753847.872666 0.901265 -17.170164 0.319921 -0.584709 0.381812 -0.401473 0.592582
1778753848.013753 1.023173 -17.089328 0.314648 0.604380 -0.354937 0.384702 -0.600624
1778753848.152750 1.104505 -17.025147 0.313695 0.613285 -0.341320 0.373704 -0.606405
1778753848.293064 1.248887 -16.938212 0.315582 -0.603885 0.344377 -0.372081 0.615048
1778753848.434158 1.410637 -16.917656 0.313568 0.577415 -0.403594 0.417310 -0.574069
1778753848.572359 1.534792 -16.976568 0.304387 -0.495345 0.483879 -0.506371 0.513890
1778753848.710065 1.642465 -17.085912 0.318052 -0.393016 0.592688 -0.539694 0.450543
1778753848.849887 1.694428 -17.233898 0.305374 -0.284307 0.654062 -0.624385 0.318616
1778753848.991415 1.693129 -17.406942 0.312203 -0.150270 0.698757 -0.666549 0.211826
1778753849.135131 1.680762 -17.506803 0.276978 -0.042242 0.734876 -0.665385 0.124241
1778753849.272189 1.670045 -17.572276 0.262850 0.013299 0.735649 -0.669942 0.099101
1778753849.414311 1.729248 -17.639008 0.279748 -0.042134 0.736004 -0.666880 0.108599
1778753849.550825 1.782800 -17.675123 0.286373 -0.096933 0.720134 -0.675838 0.123503
1778753849.692820 1.812969 -17.697064 0.301100 -0.130909 0.710725 -0.679178 0.128257
1778753849.836296 1.833013 -17.710830 0.301589 -0.145744 0.706308 -0.678889 0.137832
1778753849.979448 1.845044 -17.720029 0.298837 -0.151542 0.697949 -0.684343 0.146887
1778753850.127741 1.848265 -17.724811 0.301049 -0.155435 0.694955 -0.685123 0.153248
1778753850.273090 1.842467 -17.728031 0.303107 -0.154549 0.694908 -0.686621 0.147543
1778753850.403604 1.850447 -17.724993 0.302690 -0.154047 0.695486 -0.683987 0.157262
1778753850.564894 1.857636 -17.721884 0.298753 -0.153461 0.696471 -0.681868 0.162586
1778753850.691668 1.860825 -17.719582 0.301647 -0.157209 0.695819 -0.680185 0.168729
1778753850.823514 1.901939 -17.696345 0.311947 -0.203168 0.678078 -0.668982 0.226707
1778753850.956620 1.968843 -17.640310 0.320473 -0.283947 0.636726 -0.636688 0.329519
1778753851.095969 2.025813 -17.540073 0.316762 -0.392995 0.574873 -0.557571 0.451875
1778753851.234979 2.060906 -17.392075 0.313115 0.538084 -0.455372 0.471341 -0.530037
1778753851.377928 2.068912 -17.244510 0.311428 0.619267 -0.329331 0.375505 -0.605843
1778753851.515288 2.060678 -17.097286 0.315663 0.674348 -0.232864 0.246261 -0.656037
1778753851.655048 1.992826 -17.036105 0.281385 0.699565 -0.122271 0.171725 -0.682766
1778753851.795645 1.985829 -16.897394 0.307725 0.704400 -0.066944 0.109562 -0.698094
1778753851.935892 1.986034 -16.767878 0.306591 -0.702420 0.039331 -0.067957 0.707419
1778753852.076122 1.974435 -16.690024 0.298096 0.713498 -0.012932 0.048673 -0.698845
1778753852.223340 1.966995 -16.528554 0.305331 0.710162 0.003292 0.029044 -0.703431
1778753852.364446 1.963009 -16.377622 0.307361 -0.705958 -0.005658 -0.008221 0.708183
1778753852.504212 1.965745 -16.284344 0.308095 0.712045 0.002601 0.016574 -0.701934
1778753852.637213 2.007519 -16.137727 0.313435 -0.696777 0.040835 -0.042989 0.714834
1778753852.776109 2.059393 -15.999665 0.315564 0.704307 -0.081050 0.064143 -0.702330
1778753852.915202 2.113503 -15.867973 0.309437 0.702251 -0.100803 0.089439 -0.699058
1778753853.054764 2.184945 -15.721841 0.309083 -0.693796 0.121534 -0.111465 0.701037
1778753853.197247 2.300786 -15.627803 0.304729 -0.676662 0.187767 -0.191796 0.685628
1778753853.333859 2.435677 -15.585934 0.309160 -0.626537 0.284860 -0.306274 0.657649
1778753853.475133 2.599367 -15.591452 0.313617 -0.573880 0.418332 -0.345498 0.613425
1778753853.616208 2.749107 -15.636802 0.298039 -0.519000 0.491100 -0.425030 0.555707
1778753853.755481 2.912622 -15.656548 0.303045 -0.478071 0.521634 -0.478857 0.519655
1778753853.901202 3.066566 -15.682558 0.302940 -0.456372 0.543697 -0.497007 0.499102
1778753854.037128 3.184670 -15.668923 0.315921 -0.477589 0.511109 -0.493241 0.517098
1778753854.183340 3.345430 -15.632441 0.323806 -0.507253 0.475944 -0.474940 0.539077
1778753854.324180 3.445795 -15.605450 0.306797 0.537378 -0.458853 0.463516 -0.534632
1778753854.458654 3.609468 -15.557995 0.308695 0.549010 -0.438298 0.459225 -0.543687
1778753854.597210 3.750807 -15.524026 0.324706 -0.549370 0.428348 -0.451241 0.557756
1778753854.736261 3.849423 -15.493496 0.306150 0.565006 -0.432337 0.438521 -0.549138
1778753854.876185 4.003162 -15.440386 0.306536 0.564039 -0.423999 0.434463 -0.559756
1778753855.016977 4.159038 -15.430487 0.321183 -0.542913 0.443740 -0.457316 0.546995
1778753855.156784 4.310926 -15.433166 0.321744 -0.514207 0.472224 -0.479176 0.531964
1778753855.297098 4.417088 -15.436058 0.312784 -0.503000 0.492788 -0.479572 0.523605
1778753855.439470 4.575158 -15.456949 0.315442 -0.490299 0.503338 -0.490566 0.515367
1778753855.577535 4.718397 -15.457283 0.314788 0.491603 -0.493140 0.516120 -0.498758
1778753855.718345 4.840319 -15.460161 0.322012 0.489032 -0.496455 0.512434 -0.501788
1778753855.868785 4.990343 -15.470364 0.317514 0.480392 -0.504513 0.510582 -0.503980
1778753856.000092 5.126873 -15.477891 0.331854 0.476944 -0.497658 0.517406 -0.507102
1778753856.137532 5.237495 -15.485844 0.331694 0.474732 -0.496160 0.518184 -0.509843
1778753856.283270 5.395401 -15.497715 0.317409 0.489676 -0.499841 0.522088 -0.487648
1778753856.418227 5.552942 -15.496066 0.326034 0.483915 -0.488132 0.529801 -0.496856
1778753856.557661 5.694109 -15.494416 0.327451 0.484692 -0.491818 0.523797 -0.498824
1778753856.698705 5.840799 -15.498655 0.321717 0.485126 -0.493909 0.525059 -0.494994
1778753856.837744 5.994791 -15.494152 0.334936 0.482739 -0.486328 0.528417 -0.501223
1778753856.979160 6.137338 -15.494545 0.327463 0.485066 -0.494243 0.519327 -0.500734
1778753857.120864 6.285611 -15.494848 0.322725 0.486845 -0.490173 0.523859 -0.498282
1778753857.258308 6.453595 -15.480590 0.325763 0.492561 -0.476939 0.517240 -0.512226
1778753857.396481 6.583099 -15.420535 0.344401 -0.526801 0.425928 -0.488546 0.549899
1778753857.537176 6.695932 -15.362757 0.318338 0.568938 -0.396434 0.458895 -0.555486
1778753857.684221 6.831820 -15.289932 0.315873 0.582462 -0.374647 0.428507 -0.580310
1778753857.824438 6.983282 -15.240590 0.328451 -0.571537 0.377188 -0.436587 0.583494
1778753857.959080 7.117291 -15.205798 0.329511 -0.555245 0.399498 -0.443749 0.578957
1778753858.099017 7.268386 -15.161188 0.322470 -0.547227 0.421372 -0.429845 0.581568
1778753858.238771 7.416049 -15.133572 0.327391 -0.537456 0.424079 -0.439690 0.581352
1778753858.379825 7.560468 -15.105523 0.329057 -0.521563 0.417756 -0.450180 0.592275
1778753858.519521 7.711644 -15.058806 0.339748 -0.532441 0.404460 -0.447865 0.593579
1778753858.656541 7.800515 -14.967152 0.324085 -0.563802 0.338027 -0.411367 0.631381
1778753858.797611 7.849992 -14.828720 0.283330 0.686595 -0.248995 0.347720 -0.587945
1778753858.935752 7.904609 -14.647598 0.153861 0.774212 -0.235873 0.191835 -0.555120
1778753859.077524 7.903061 -14.538464 0.046822 0.829065 -0.229138 0.096878 -0.500760
1778753859.218232 7.976401 -14.484841 0.051813 0.851140 -0.284840 0.072407 -0.434952
1778753859.357394 8.034270 -14.363196 0.084522 0.845039 -0.146636 0.160504 -0.488514
1778753859.501951 8.106176 -14.263157 0.186031 0.759825 -0.126769 0.142876 -0.621435
1778753859.652313 8.204231 -14.188554 0.271200 0.710452 -0.187391 0.178730 -0.654369
1778753859.777512 8.277384 -14.122917 0.297262 0.687324 -0.221810 0.212221 -0.658292
1778753859.916673 8.342912 -14.106201 0.295573 0.675362 -0.272197 0.261542 -0.633554
1778753860.057906 8.398023 -14.102750 0.290602 0.662935 -0.301515 0.303655 -0.614328
1778753860.200009 8.432096 -14.110157 0.293003 0.646675 -0.323117 0.333855 -0.604937
1778753860.338384 8.457385 -14.137800 0.297595 0.620814 -0.367173 0.364077 -0.589256
1778753860.477235 8.480706 -14.155542 0.293934 0.610908 -0.390483 0.394167 -0.564753
1778753860.619268 8.501505 -14.149396 0.268834 0.620804 -0.401407 0.403121 -0.539414
1778753860.797240 8.486796 -14.140502 0.272379 0.672311 -0.414154 0.378980 -0.482544
1778753860.902350 8.502984 -14.135540 0.308515 0.657619 -0.453623 0.350136 -0.489048
1778753861.049942 8.514316 -14.101536 0.241036 0.660818 -0.435128 0.334488 -0.511958
1778753861.188802 8.521991 -14.058210 0.244899 0.679824 -0.398273 0.321406 -0.525277
1778753861.327087 8.535078 -14.030055 0.325756 0.685980 -0.385801 0.306482 -0.535404
1778753861.483110 8.548018 -14.026392 0.339805 0.687895 -0.388458 0.294452 -0.537773
1778753861.605848 8.557538 -14.028817 0.301555 0.684690 -0.389937 0.285162 -0.545739
1778753861.741805 8.560775 -14.028316 0.178802 0.687694 -0.379077 0.286345 -0.548985
1778753861.879307 8.564990 -14.002700 0.145495 0.716708 -0.359825 0.294551 -0.519707
1778753862.020458 8.578111 -13.958152 0.220209 0.718197 -0.333828 0.299167 -0.532213
1778753862.161691 8.583145 -13.894483 0.203334 0.739300 -0.289309 0.260783 -0.549298
1778753862.299450 8.600250 -13.816999 0.173112 0.757469 -0.265977 0.191822 -0.564536
1778753862.441703 8.644835 -13.733757 0.173045 0.743438 -0.247471 0.179513 -0.594839
1778753862.588280 8.664572 -13.673721 0.190883 0.752311 -0.232250 0.166297 -0.593661
1778753862.718769 8.594323 -13.792264 0.184229 0.790867 -0.226748 0.131544 -0.553002
1778753862.861703 8.623889 -13.725125 0.234911 0.785366 -0.219757 0.126271 -0.564767
1778753862.964902 8.599233 -13.688225 0.186563 0.785026 -0.183128 0.136305 -0.575864
1778753863.086196 8.549206 -13.812170 0.176022 0.809620 -0.205202 0.108528 -0.539101
1778753863.224084 8.565324 -13.774742 0.180225 0.809696 -0.174802 0.128444 -0.545288
1778753863.337919 8.576046 -13.759328 0.196581 0.805318 -0.171496 0.133290 -0.551621
1778753863.458113 8.598710 -13.701232 0.157933 0.804662 -0.180239 0.134683 -0.549448
1778753863.593656 8.605358 -13.684304 0.155884 0.807497 -0.178283 0.143067 -0.543778
1778753863.796210 8.614237 -13.662002 0.148359 0.814160 -0.177780 0.154584 -0.530699
1778753863.930677 8.616709 -13.691517 0.147915 0.816027 -0.241593 0.148717 -0.503603
1778753864.077907 8.626507 -13.683999 0.158567 0.807475 -0.249609 0.152105 -0.512390
1778753864.268947 8.639192 -13.674578 0.172428 0.796107 -0.259927 0.156448 -0.523617
1778753864.421011 8.649259 -13.667350 0.183487 0.786842 -0.268069 0.159863 -0.532412
1778753864.611805 8.685811 -13.648332 0.171921 0.775649 -0.279495 0.195820 -0.530948
1778753864.807628 8.690300 -13.651294 0.169206 0.774498 -0.285014 0.201044 -0.527732
1778753864.964512 8.693857 -13.653710 0.167044 0.773537 -0.289422 0.205218 -0.525129
1778753865.130361 8.697579 -13.656305 0.164772 0.772484 -0.294067 0.209622 -0.522352
1778753865.277986 8.700858 -13.658649 0.162761 0.771515 -0.298190 0.213532 -0.519858
1778753865.400495 8.726673 -13.628527 0.185693 0.753449 -0.311993 0.284588 -0.503969
1778753865.523865 8.731993 -13.628749 0.166181 0.760468 -0.325004 0.280894 -0.486989
1778753865.694262 8.738472 -13.629473 0.139517 0.769512 -0.342695 0.275553 -0.463122
1778753865.806488 8.742190 -13.630197 0.122163 0.775051 -0.354162 0.271885 -0.447150
1778753865.939208 8.812020 -13.608496 0.180735 0.749220 -0.394493 0.285096 -0.449183
1778753866.074906 8.825173 -13.603505 0.163818 0.747782 -0.395229 0.290513 -0.447458
1778753866.188046 8.836119 -13.599352 0.149734 0.746562 -0.395832 0.295022 -0.446008
1778753866.351817 8.859930 -13.605724 0.111436 0.753434 -0.405802 0.297305 -0.423405
1778753866.472862 8.859852 -13.606661 0.120872 0.757819 -0.405106 0.297592 -0.415980
1778753866.654707 8.859683 -13.608175 0.135129 0.764299 -0.404003 0.297982 -0.404766
1778753866.757175 8.859561 -13.609082 0.143207 0.767894 -0.403351 0.298179 -0.398416
1778753866.919217 8.905555 -13.595914 0.175190 0.748776 -0.420281 0.302129 -0.414025
1778753867.090190 8.909100 -13.594383 0.173347 0.747338 -0.419368 0.305002 -0.415440
1778753867.205427 8.911482 -13.593352 0.172109 0.746363 -0.418749 0.306937 -0.416391
1778753867.455055 8.916623 -13.591121 0.169439 0.744236 -0.417401 0.311121 -0.418442
1778753867.558209 8.918739 -13.590201 0.168341 0.743350 -0.416840 0.312847 -0.419287
1778753867.696640 8.921571 -13.588967 0.166872 0.742157 -0.416084 0.315162 -0.420416
1778753867.883760 8.925386 -13.587302 0.164894 0.740534 -0.415057 0.318286 -0.421938
1778753868.249589 8.932799 -13.584053 0.161054 0.737326 -0.413030 0.324380 -0.424893
1778753868.719718 9.015016 -13.581281 0.150739 0.685425 -0.437905 0.345679 -0.467908
1778753868.931292 8.998747 -13.588922 0.150794 0.685272 -0.439942 0.345720 -0.466188
1778753869.104434 8.985427 -13.595175 0.150841 0.685144 -0.441606 0.345751 -0.464777
1778753869.273485 8.972417 -13.601282 0.150886 0.685015 -0.443230 0.345780 -0.463397
1778753869.377605 8.964401 -13.605043 0.150914 0.684935 -0.444229 0.345798 -0.462547
1778753869.521333 8.953333 -13.610236 0.150953 0.684821 -0.445606 0.345820 -0.461371
1778753869.792253 8.932460 -13.620025 0.151028 0.684601 -0.448199 0.345860 -0.459151
1778753870.051200 8.912497 -13.629384 0.151101 0.684383 -0.450672 0.345894 -0.457024
1778753870.223028 8.860143 -13.631413 0.149232 0.696150 -0.460516 0.337031 -0.435558
1778753870.440691 8.873958 -13.632239 0.160237 0.724666 -0.478129 0.299551 -0.395626
1778753870.619447 8.913307 -13.633571 0.211982 0.724155 -0.497589 0.284694 -0.383345
1778753871.000422 8.974789 -13.621848 0.252241 0.711188 -0.503758 0.299227 -0.388463
1778753871.140144 8.976219 -13.622273 0.243875 0.710768 -0.504134 0.299043 -0.388885
1778753871.277954 8.977630 -13.622693 0.235623 0.710353 -0.504504 0.298863 -0.389301
1778753871.752240 8.982484 -13.624138 0.207225 0.708923 -0.505777 0.298239 -0.390731
1778753872.460675 8.989736 -13.626302 0.164809 0.706780 -0.507672 0.297304 -0.392863
1778753873.325121 8.998585 -13.628950 0.113056 0.704151 -0.509976 0.296158 -0.395456
1778753873.615368 9.019705 -13.610527 0.160270 0.692563 -0.447242 0.286703 -0.487988
1778753873.950496 9.026840 -13.598091 0.159575 0.698763 -0.437187 0.286035 -0.488652
1778753874.185277 9.031789 -13.589404 0.159057 0.703049 -0.430106 0.285543 -0.489076
1778753874.319325 9.034225 -13.585566 0.158517 0.704930 -0.427248 0.285282 -0.489027
1778753874.562415 9.037463 -13.582119 0.156802 0.706615 -0.425826 0.284893 -0.488061
1778753874.717617 9.039529 -13.579921 0.155706 0.707688 -0.424917 0.284644 -0.487443
1778753874.829695 9.041021 -13.578334 0.154915 0.708463 -0.424260 0.284464 -0.486995
1778753874.959827 9.042752 -13.576493 0.153995 0.709361 -0.423496 0.284254 -0.486475
1778753875.102483 9.044650 -13.574476 0.152987 0.710344 -0.422658 0.284023 -0.485904
1778753875.881249 9.050798 -13.516545 0.284907 0.736095 -0.384472 0.273340 -0.485419
1778753876.017254 9.045516 -13.510265 0.234587 0.738725 -0.371090 0.276702 -0.489911
1778753876.180513 9.038963 -13.502726 0.174123 0.741670 -0.354921 0.280659 -0.495164
1778753876.282021 9.053346 -13.504504 0.122087 0.775944 -0.336156 0.260703 -0.465773
1778753876.392121 9.086892 -13.511189 0.198642 0.768789 -0.354316 0.268663 -0.459612
1778753876.543314 9.098523 -13.512725 0.212536 0.760524 -0.363632 0.275946 -0.461768
1778753876.655234 9.122080 -13.523073 0.228326 0.739043 -0.394434 0.296091 -0.458877
1778753876.788374 9.147962 -13.547237 0.235053 0.706841 -0.437222 0.332426 -0.445764
1778753876.897691 9.158774 -13.576670 0.238323 0.684418 -0.464226 0.368500 -0.424586
1778753877.019853 9.131490 -13.645626 0.229772 0.627137 -0.545174 0.427513 -0.355975
1778753877.200001 8.665384 -13.624846 0.293195 -0.029694 -0.597035 0.787481 0.150138
1778753877.358779 9.111331 -12.995082 0.178728 0.799068 -0.038459 -0.035464 -0.598961
1778753877.501917 9.490517 -12.131854 0.238878 0.769640 -0.167984 0.115758 -0.605009
1778753877.693843 9.540634 -12.039365 0.209354 0.826151 0.065449 -0.153441 -0.538189
1778753877.873760 9.517269 -12.028141 0.332743 0.780959 0.094443 -0.219708 -0.576985
1778753878.002542 9.512912 -12.042401 0.338988 0.782578 0.122587 -0.245963 -0.558612
1778753878.124295 9.513640 -12.040693 0.345784 0.783185 0.118315 -0.246869 -0.558282
1778753878.264514 9.513815 -12.040282 0.346087 0.783928 0.116279 -0.246336 -0.557903
1778753878.407454 9.514007 -12.039868 0.345812 0.784716 0.114377 -0.245256 -0.557663
1778753878.544190 9.514152 -12.039058 0.345695 0.785311 0.112147 -0.244591 -0.557571
1778753878.682352 9.514180 -12.038003 0.345509 0.785983 0.109946 -0.243303 -0.557626
1778753878.822807 9.514159 -12.037281 0.345338 0.786435 0.108645 -0.242419 -0.557629
1778753878.961820 9.514119 -12.036705 0.345212 0.786773 0.107651 -0.241628 -0.557687
1778753879.107904 9.512431 -12.035283 0.344798 0.787084 0.107552 -0.241249 -0.557432
1778753879.245419 9.506086 -12.039158 0.344011 0.785893 0.119971 -0.253235 -0.551227
1778753879.385945 9.509770 -12.055002 0.352263 0.774270 0.139808 -0.291588 -0.544000
1778753879.523961 9.510826 -12.086022 0.224046 0.733918 0.152237 -0.312745 -0.583420
1778753879.665686 9.508351 -12.131011 0.206900 0.750543 0.203003 -0.311043 -0.546560
1778753879.802177 9.517810 -12.151047 0.211129 0.764510 0.216640 -0.315196 -0.518887
1778753879.945513 9.516280 -12.164439 0.247459 0.754272 0.242684 -0.333800 -0.510642
1778753880.082901 9.499178 -12.186321 0.251499 0.727184 0.292660 -0.370983 -0.497920
1778753880.229017 9.478451 -12.219457 0.318772 0.672568 0.350171 -0.416511 -0.501549
1778753880.365186 9.468515 -12.275970 0.240718 0.606951 0.429856 -0.459213 -0.485755
1778753880.503217 9.473955 -12.301114 0.256633 0.547468 0.449886 -0.528986 -0.466963
1778753880.644483 9.489111 -12.325675 0.294562 -0.486579 -0.474601 0.585645 0.441604
1778753880.786608 9.520739 -12.370234 0.360732 -0.406230 -0.498850 0.643402 0.414921
1778753880.923035 9.540683 -12.418636 0.323303 -0.314181 -0.514184 0.683134 0.412593
1778753881.063791 9.560803 -12.472844 0.385575 -0.238199 -0.497268 0.735448 0.393829
1778753881.207007 9.550486 -12.538607 0.467426 -0.206438 -0.498110 0.762360 0.357878
1778753881.351873 9.531884 -12.609166 0.430330 -0.197101 -0.514004 0.772939 0.315463
1778753881.488975 9.516318 -12.655703 0.376926 -0.176669 -0.496110 0.794867 0.301411
1778753881.635979 9.508424 -12.707898 0.423067 -0.134432 -0.504892 0.789369 0.322348
1778753881.785953 9.488881 -12.756948 0.393539 -0.130490 -0.532931 0.780216 0.300365
1778753881.908362 9.481804 -12.792327 0.388728 -0.136389 -0.556812 0.774667 0.266927
1778753882.051049 9.463849 -12.876400 0.361296 -0.129874 -0.565823 0.780971 0.230349
1778753882.187771 9.435627 -12.926675 0.424414 -0.115581 -0.526397 0.809550 0.232758
1778753882.331571 9.377411 -13.006877 0.448109 -0.120599 -0.553675 0.787164 0.243460
1778753882.470965 9.331321 -13.093404 0.395460 -0.089080 -0.552599 0.785130 0.265085
1778753882.608371 9.297004 -13.157987 0.409481 -0.116401 -0.561894 0.772490 0.272004
1778753882.750199 9.245554 -13.225946 0.364468 -0.165212 -0.556525 0.777274 0.242548
1778753882.906885 9.168085 -13.281145 0.485026 -0.172918 -0.505984 0.800410 0.270967
1778753883.029378 9.143687 -13.276373 0.428193 -0.180686 -0.498991 0.782368 0.325977
1778753883.171260 9.093362 -13.351418 0.441157 -0.164661 -0.463158 0.799591 0.345002
1778753883.316372 9.060448 -13.463585 0.441835 -0.141638 -0.482865 0.801036 0.324224
1778753883.451288 9.043579 -13.581230 0.417958 -0.106150 -0.500990 0.819796 0.256275
1778753883.604168 9.043439 -13.683560 0.483241 -0.067259 -0.500070 0.842115 0.190391
1778753883.740163 9.007114 -13.793725 0.425521 -0.065405 -0.565279 0.800034 0.190072
1778753883.867423 9.008626 -13.897584 0.340888 -0.049264 -0.619965 0.762030 0.180354
1778753884.005414 8.955185 -13.969057 0.379133 -0.099420 -0.575599 0.798912 0.143320
1778753884.146159 8.851029 -14.026080 0.392970 -0.157836 -0.542697 0.803944 0.185044
1778753884.286769 8.748322 -14.080700 0.397615 -0.179689 -0.493326 0.808200 0.266746
1778753884.428557 8.655969 -14.123974 0.412449 -0.219263 -0.469490 0.792131 0.322537
1778753884.571488 8.578973 -14.147158 0.395364 -0.252474 -0.421829 0.800525 0.342750
1778753884.709658 8.504173 -14.144308 0.438133 -0.274508 -0.388788 0.792260 0.381854
1778753884.858262 8.396150 -14.158567 0.437359 -0.300930 -0.394037 0.779185 0.383466
1778753884.990635 8.310850 -14.218273 0.508653 -0.270772 -0.399698 0.790280 0.377334
1778753885.125988 8.366510 -14.343861 0.494728 -0.156503 -0.419378 0.807930 0.383247
1778753885.273871 8.360797 -14.430297 0.473723 -0.088961 -0.466473 0.817163 0.326700
1778753885.412710 8.361724 -14.509011 0.527197 -0.035631 -0.435957 0.857376 0.271254
1778753885.570903 8.318032 -14.579684 0.429004 -0.041334 -0.436097 0.859995 0.261762
1778753885.692660 8.258809 -14.601522 0.447029 -0.107899 -0.435265 0.854401 0.262490
1778753885.833869 8.182917 -14.679565 0.452387 -0.147799 -0.493183 0.805916 0.292276
1778753885.974146 8.126491 -14.714599 0.516778 -0.155251 -0.464580 0.809894 0.322698
1778753886.118265 8.082112 -14.745940 0.425436 -0.148509 -0.449513 0.800360 0.367840
1778753886.253672 8.049015 -14.786902 0.442842 -0.167695 -0.431420 0.812885 0.353514
1778753886.396872 7.997976 -14.868835 0.512021 -0.188183 -0.445780 0.815066 0.318646
1778753886.537059 7.930173 -14.940904 0.428782 -0.209944 -0.499229 0.784281 0.302650
1778753886.692322 7.835087 -15.019783 0.408397 -0.209264 -0.500112 0.784240 0.301769
1778753886.824959 7.746833 -15.099327 0.466861 -0.206685 -0.492198 0.785405 0.313308
1778753886.957818 7.668368 -15.184281 0.369581 -0.189120 -0.491979 0.790904 0.310905
1778753887.098032 7.591310 -15.249029 0.468712 -0.180026 -0.471520 0.801251 0.321337
1778753887.238544 7.506918 -15.333591 0.389377 -0.179500 -0.462664 0.801507 0.333630
1778753887.386526 7.438765 -15.422006 0.458017 -0.168059 -0.449858 0.815787 0.322297
1778753887.517879 7.378066 -15.487803 0.423620 -0.201001 -0.501075 0.765137 0.350838
1778753887.652961 7.397642 -15.508640 0.416511 -0.229395 -0.553767 0.678961 0.423949
1778753887.790738 7.284130 -15.482268 0.340692 -0.303622 -0.553609 0.607915 0.481425
1778753887.933156 7.198794 -15.487453 0.313529 -0.388887 -0.554220 0.557607 0.480293
1778753888.072228 7.064050 -15.398234 0.367837 -0.475219 -0.452659 0.560392 0.505201
1778753888.218133 6.928265 -15.312691 0.302588 0.560997 0.416142 -0.493014 -0.518696
1778753888.350028 6.806805 -15.250026 0.296698 0.590851 0.381830 -0.463338 -0.538905
1778753888.492899 6.675596 -15.170321 0.303391 0.590682 0.348686 -0.445242 -0.575564
1778753888.634210 6.550519 -15.104153 0.343966 -0.572132 -0.339351 0.427173 0.612396
1778753888.771464 6.404620 -15.105203 0.344558 -0.531063 -0.397351 0.448195 0.599338
1778753888.913566 6.293533 -15.150747 0.337303 -0.453761 -0.485534 0.491001 0.563272
1778753889.060281 6.151666 -15.255019 0.337784 -0.379260 -0.548715 0.553093 0.499161
1778753889.192407 6.004736 -15.356527 0.311524 0.360875 0.589967 -0.579324 -0.431383
1778753889.332223 5.887618 -15.362862 0.321718 -0.396864 -0.557158 0.573797 0.450367
1778753889.472730 5.768330 -15.338592 0.292336 -0.467948 -0.522179 0.550759 0.452790
1778753889.609523 5.610827 -15.315255 0.306297 -0.508461 -0.498952 0.517177 0.474386
1778753889.749720 5.474826 -15.289449 0.318085 0.522282 0.475809 -0.502367 -0.498452
1778753889.890844 5.326891 -15.301759 0.312566 -0.504607 -0.500862 0.506864 0.487439
1778753890.031493 5.180287 -15.327897 0.304176 0.484941 0.523305 -0.516339 -0.473685
1778753890.169298 5.048991 -15.334758 0.311744 0.473529 0.514834 -0.513169 -0.497366
1778753890.316825 4.892191 -15.337926 0.299719 0.499890 0.517618 -0.508459 -0.472917
1778753890.453864 4.783123 -15.380677 0.301201 0.459358 0.554553 -0.526793 -0.451608
1778753890.590717 4.675255 -15.483273 0.310253 0.381407 0.601149 -0.566671 -0.414769
1778753890.739217 4.590728 -15.565749 0.289349 0.337036 0.627039 -0.600185 -0.364699
1778753890.872875 4.486558 -15.652273 0.296436 0.316998 0.646651 -0.606929 -0.336142
1778753891.009872 4.429370 -15.721059 0.304891 0.294376 0.647164 -0.626088 -0.320212
1778753891.152247 4.342164 -15.804072 0.300094 0.284961 0.653741 -0.631185 -0.305000
1778753891.290450 4.233071 -15.915113 0.298458 0.274524 0.649428 -0.644495 -0.295813
1778753891.431227 4.149895 -15.991980 0.321118 -0.267879 -0.646346 0.652589 0.290868
1778753891.574965 4.033575 -16.098028 0.312340 0.272141 0.653611 -0.646521 -0.284153
1778753891.722506 3.923328 -16.206387 0.309867 0.270592 0.654424 -0.650197 -0.275234
1778753891.852522 3.829852 -16.298596 0.311953 0.273192 0.653813 -0.651537 -0.270914
1778753892.008447 3.726173 -16.386596 0.312362 0.275762 0.652540 -0.650096 -0.274813
1778753892.133524 3.647186 -16.470133 0.314495 -0.265843 -0.650977 0.654327 0.278232
1778753892.287806 3.539986 -16.573699 0.313136 -0.263950 -0.652240 0.653802 0.278311
1778753892.407602 3.460592 -16.655227 0.318265 -0.254761 -0.647279 0.659886 0.284037
1778753892.551653 3.354694 -16.769340 0.317592 -0.264380 -0.647057 0.665227 0.262474
1778753892.691760 3.271790 -16.848936 0.309998 0.263361 0.656388 -0.655282 -0.265331
1778753892.831260 3.156755 -16.961060 0.303371 0.258323 0.662884 -0.647923 -0.272122
1778753892.970416 3.056125 -17.062741 0.318680 -0.265051 -0.654152 0.660993 0.254798
1778753893.110400 2.962877 -17.150355 0.304421 0.264119 0.668496 -0.645445 -0.258371
1778753893.265096 2.842140 -17.274782 0.304700 0.257431 0.665223 -0.651030 -0.259552
1778753893.391494 2.746471 -17.366176 0.319324 -0.256988 -0.657399 0.657695 0.263100
1778753893.530314 2.675713 -17.437985 0.314838 0.257058 0.661569 -0.652948 -0.264398
1778753893.671483 2.594954 -17.534040 0.309516 0.249194 0.667721 -0.653282 -0.255488
1778753893.807338 2.547340 -17.662771 0.312073 -0.188469 -0.674176 0.677322 0.226276
1778753893.953770 2.503255 -17.832635 0.305577 0.136053 0.697345 -0.683252 -0.168421
1778753894.091965 2.468882 -17.976909 0.316681 -0.104340 -0.689848 0.704006 0.132658
1778753894.231722 2.452272 -18.065634 0.308565 0.096339 0.699279 -0.698638 -0.116760
1778753894.372747 2.368079 -18.172899 0.310531 -0.145210 -0.683180 0.699570 0.150932
1778753894.507205 2.269374 -18.247412 0.314432 0.207441 0.676145 -0.674127 -0.212953
1778753894.650042 2.174375 -18.304629 0.312279 -0.270882 -0.646020 0.668875 0.248773
1778753894.790110 2.081172 -18.348156 0.297637 -0.299498 -0.642184 0.646319 0.283147
1778753894.931417 2.028384 -18.368739 0.310423 -0.314583 -0.635745 0.637395 0.300987
1778753895.084226 1.997505 -18.393036 0.306304 0.319449 0.637017 -0.633268 -0.301882
1778753895.217563 1.984767 -18.408025 0.304131 0.316092 0.637778 -0.633597 -0.303116
1778753895.354438 1.978044 -18.419918 0.306490 0.309336 0.639136 -0.634985 -0.304322
1778753895.495728 1.976094 -18.425480 0.307729 0.304497 0.640385 -0.636420 -0.303574
1778753895.637339 1.971907 -18.430641 0.306279 0.301143 0.641705 -0.637226 -0.302441
1778753895.771991 1.971569 -18.434730 0.307059 0.298372 0.642556 -0.637301 -0.303221
1778753895.913200 1.971066 -18.435594 0.306872 0.298032 0.642789 -0.637406 -0.302841
1778753896.056316 1.970899 -18.436008 0.306613 0.297984 0.643172 -0.637072 -0.302777
1778753896.192164 1.970758 -18.436041 0.306484 0.298129 0.643345 -0.636933 -0.302561
1778753896.330138 1.970557 -18.436210 0.306239 0.298271 0.643638 -0.636634 -0.302426
1778753896.466541 1.970355 -18.436250 0.306069 0.298499 0.643849 -0.636374 -0.302298
1778753896.607395 1.970186 -18.436367 0.305880 0.298639 0.644106 -0.636111 -0.302167
1778753896.746822 1.970021 -18.436405 0.305713 0.298834 0.644283 -0.635894 -0.302054
1778753896.888312 1.969898 -18.436518 0.305545 0.298936 0.644543 -0.635686 -0.301836
1778753897.034205 1.969655 -18.436537 0.305398 0.299189 0.644699 -0.635470 -0.301706
1778753897.174213 1.969566 -18.436626 0.305259 0.299273 0.644911 -0.635280 -0.301569
1778753897.321978 1.969451 -18.436683 0.305080 0.299408 0.645123 -0.635071 -0.301423
