1778756367.061409 0.000000 0.000000 0.000000 0.00000000 0.00000000 0.00000000 1.00000000
1778756373.249834 0.025739 -0.053423 0.006482 -0.04455483 0.04104051 -0.01395405 0.99806604
1778756383.907954 0.052441 -0.028297 0.333600 -0.05685110 0.09492945 -0.01633174 0.99372513
1778756385.605616 0.146486 0.001074 0.744721 -0.05824767 0.17579882 -0.03447793 0.98209636
1778756385.748708 0.188003 0.002147 0.788008 -0.05236939 0.24616874 -0.02094364 0.96758450
1778756385.891799 0.226401 0.010156 0.809855 -0.04042510 0.33404482 -0.03474373 0.94104875
1778756386.033734 0.250991 0.011565 0.801943 -0.04178881 0.37045710 -0.03546738 0.92723098
1778756386.311583 0.272166 -0.002283 0.775063 -0.06563218 0.38537547 -0.02810474 0.91999364
1778756387.162102 0.303278 -0.014333 0.707399 -0.04200843 0.37134214 -0.05611354 0.92584641
1778756387.437644 0.292172 -0.019570 0.693448 -0.02922454 0.42914676 -0.05631576 0.90100362
1778756387.855824 0.245647 -0.011886 0.683558 -0.04461289 0.38009418 -0.06602421 0.92150904
1778756388.423073 0.307521 -0.003537 0.673035 -0.01660999 0.36718292 -0.06467850 0.92774862
1778756388.559034 0.334110 -0.001073 0.633175 -0.03199714 0.37793275 -0.06989259 0.92263646
1778756388.700113 0.393556 -0.016729 0.589920 -0.02508141 0.31827231 -0.05547765 0.94604222
1778756391.652358 0.365864 -0.007824 0.581520 0.00159520 0.33077807 -0.04841080 0.94246470
1778756392.080468 0.370222 -0.005630 0.635203 0.02480223 0.33145174 -0.04875184 0.94188526
1778756392.215233 0.307544 0.003984 0.410182 0.00010729 0.22348682 -0.03257809 0.97416236
1778756392.215233 0.307544 0.003984 0.410182 0.00010729 0.22348682 -0.03257809 0.97416236
1778756392.357250 0.292084 0.002094 0.391835 -0.01123553 0.19500345 -0.03207322 0.98021361
1778756393.057200 0.307483 0.003325 0.412019 -0.02267911 0.21121812 -0.03980092 0.97636492
1778756393.202722 0.304615 0.002689 0.387230 -0.00446146 0.18136032 -0.03955547 0.98261075
1778756394.465527 0.276510 -0.001697 0.340678 -0.04483179 0.21736126 -0.03113208 0.97456400
1778756394.745627 0.264991 0.002787 0.307560 -0.02828750 0.22104910 -0.03662288 0.97416419
1778756394.884516 0.285019 0.005283 0.287990 -0.01329875 0.19835764 -0.03810950 0.97929825
1778756395.025540 0.309282 0.003390 0.264409 -0.01282522 0.18248697 -0.02894974 0.98269829
1778756395.171828 0.281426 0.002129 0.253302 -0.00698917 0.19704045 -0.05404100 0.97887986
1778756395.308253 0.216884 0.010872 0.218023 0.00687972 0.22572923 -0.05569790 0.97257222
1778756395.453521 0.152355 0.024366 0.215387 0.01236167 0.26514376 -0.06383923 0.96201379
1778756395.598701 0.122274 0.028615 0.269771 0.01324092 0.28718775 -0.06235126 0.95575112
1778756395.725039 0.070138 0.019846 0.333059 0.00431718 0.35092797 -0.03924516 0.93556974
1778756395.877250 0.030167 0.019740 0.367834 -0.00914928 0.34295674 -0.03217701 0.93875535
1778756396.009303 -0.009829 0.016711 0.334728 -0.01683161 0.24861885 -0.04264877 0.96751561
1778756396.147892 0.000249 0.017056 0.309789 -0.01183289 0.08940495 -0.03821972 0.99519143
1778756396.298722 -0.000029 0.006354 0.283676 -0.02750450 -0.02404496 -0.03118439 0.99884577
1778756396.298722 -0.000029 0.006354 0.283676 -0.02750450 -0.02404497 -0.03118439 0.99884577
1778756396.430540 -0.001018 0.006744 0.283790 -0.03358815 -0.08898502 -0.05177568 0.99411910
1778756396.570929 -0.007220 0.006433 0.275961 -0.03145383 -0.14736573 -0.05734327 0.98691729
1778756396.714102 -0.016371 0.006775 0.271965 -0.03199276 -0.15906517 -0.03316555 0.98619206
1778756396.994729 -0.002562 0.005796 0.278642 -0.03216665 -0.14508569 -0.01419617 0.98879417
1778756397.134274 0.029963 0.004312 0.293703 -0.03934272 -0.11546275 -0.04227731 0.99163155
1778756397.836581 -0.009677 0.012736 0.370294 -0.03620078 -0.08574241 -0.03547031 0.99502744
1778756398.117104 -0.003500 0.012633 0.368852 -0.03300878 -0.03092798 -0.05465024 0.99748044
1778756398.257026 -0.007081 0.014807 0.390700 -0.03680981 0.00201573 -0.05029054 0.99805403
1778756400.504075 0.044607 0.017487 0.660139 -0.03264682 -0.00788693 -0.04551755 0.99839878
1778756402.192297 0.037892 0.025701 0.839855 -0.03196756 0.01464153 -0.05424549 0.99790838
1778756405.007288 0.047801 0.020961 1.027949 -0.01744579 0.01050384 -0.05749669 0.99813799
1778756408.656937 0.041977 0.018210 1.013031 -0.01523343 -0.02454734 -0.07913942 0.99644484
1778756408.794609 0.040090 0.019420 1.011627 -0.01661741 -0.06212864 -0.06928384 0.99552179
1778756408.933510 0.029187 0.023013 1.016916 -0.02156227 -0.08795563 -0.05208113 0.99452825
1778756409.086527 0.032210 0.023609 1.008581 -0.02502486 -0.13748116 -0.03566343 0.98954576
1778756409.218343 0.015622 0.020166 0.992307 -0.02364406 -0.17753989 -0.04282024 0.98289723
1778756409.218343 0.015622 0.020166 0.992307 -0.02364406 -0.17753989 -0.04282024 0.98289723
1778756409.361823 0.012210 0.020645 0.989949 -0.02459037 -0.20450289 -0.04207873 0.97765191
1778756409.503856 0.005886 0.021085 0.986211 -0.02604017 -0.22555012 -0.04285166 0.97294028
1778756409.640775 0.002694 0.021061 0.984157 -0.02740900 -0.24846461 -0.03744376 0.96752884
1778756409.780441 -0.005916 0.021972 0.985749 -0.02599605 -0.26014436 -0.04214223 0.96429931
1778756410.074499 -0.009974 0.022605 0.985142 -0.02607836 -0.28045635 -0.04453559 0.95847834
1778756410.346151 -0.011854 0.022364 0.978801 -0.02704587 -0.30407244 -0.04097026 0.95138315
1778756410.484751 -0.012629 0.022123 0.975712 -0.02937613 -0.32380691 -0.04829200 0.94443317
1778756410.623513 -0.021105 0.023031 0.965874 -0.03547586 -0.34375454 -0.06253511 0.93630318
1778756410.764375 -0.025235 0.023213 0.968548 -0.03992753 -0.37790406 -0.05807920 0.92315823
1778756410.920967 -0.037440 0.024173 0.961416 -0.04030439 -0.38971647 -0.05898581 0.91815974
1778756411.054107 -0.037315 0.023780 0.960546 -0.03672747 -0.41828496 -0.04967598 0.90621249
1778756411.333801 -0.037352 0.023904 0.961971 -0.03196411 -0.46298114 -0.05111087 0.88431580
1778756411.608659 -0.050189 0.025694 0.953784 -0.01810134 -0.47960820 -0.07073862 0.87443946
1778756411.886637 -0.052941 0.025020 0.957290 -0.02791200 -0.51070888 -0.05141983 0.85776067
1778756412.174890 -0.059015 0.026089 0.960396 -0.01848384 -0.53348674 -0.06348967 0.84321961
1778756412.459995 -0.069510 0.027177 0.958309 -0.01536867 -0.56397177 -0.06409843 0.82315918
1778756412.459995 -0.069510 0.027177 0.958309 -0.01536867 -0.56397177 -0.06409843 0.82315918
1778756413.014079 -0.079441 0.028104 0.961827 -0.01715329 -0.51463660 -0.05880574 0.85521741
1778756413.439747 -0.094819 0.029534 0.967847 -0.01551747 -0.47056614 -0.06767163 0.87962905
1778756413.856458 -0.103518 0.030157 0.976279 -0.02460731 -0.43060389 -0.05593281 0.90047004
1778756414.423694 -0.111130 0.030987 0.979398 -0.02579804 -0.39241654 -0.05884823 0.91754052
1778756414.850324 -0.108507 0.030330 0.987499 -0.03146410 -0.36824752 -0.06231554 0.92710331
1778756415.541707 -0.117003 0.031099 0.983989 -0.02637367 -0.38700293 -0.05633349 0.91997810
1778756415.963421 -0.126916 0.032639 0.983966 -0.02592465 -0.42888791 -0.05159622 0.90151035
1778756416.244536 -0.133276 0.033684 0.985462 -0.02406876 -0.46703518 -0.06157282 0.88176393
1778756416.532345 -0.137128 0.033302 0.984671 -0.00707431 -0.50373246 -0.07107240 0.86090201
1778756417.792235 -0.169766 0.035822 0.990151 -0.01059792 -0.52815447 -0.06799400 0.84635534
1778756418.218822 -0.183069 0.037079 0.990412 -0.00755343 -0.58254113 -0.06703639 0.80999685
1778756418.501945 -0.189665 0.037667 0.988561 -0.01016829 -0.62173485 -0.06164663 0.78073175
1778756418.919061 -0.202894 0.037772 0.987446 -0.00342633 -0.67398338 -0.05339665 0.73680626
1778756419.197155 -0.213180 0.038789 0.985495 0.01390184 0.71582799 0.03857558 -0.69707170
1778756420.186884 -0.232288 0.040202 0.983729 -0.00536879 -0.66594584 -0.05173116 0.74418492
1778756421.448117 -0.264597 0.043204 0.983863 -0.01405431 -0.62698939 -0.05378076 0.77704209
1778756421.448117 -0.264589 0.043203 0.983857 -0.01405283 -0.62698570 -0.05378061 0.77704510
1778756422.009018 -0.280664 0.044812 0.982831 -0.00931826 -0.66712415 -0.05937940 0.74251776
1778756422.429228 -0.288399 0.044877 0.975370 0.01010444 -0.70426597 -0.05775661 0.70751079
1778756422.991410 -0.304490 0.046282 0.980033 -0.00589205 -0.66670536 -0.04893781 0.74368968
1778756424.257486 -0.329069 0.048120 0.980269 -0.00412252 -0.61662074 -0.05211468 0.78552271
1778756425.102117 -0.353776 0.049433 0.987537 0.00314676 -0.58119675 -0.06671502 0.81101760
1778756425.526676 -0.356353 0.049950 0.986201 -0.00665119 -0.53455512 -0.05453779 0.84334584
1778756425.947079 -0.359584 0.049958 0.993363 -0.00712103 -0.50655343 -0.06312324 0.85986532
1778756426.641615 -0.362002 0.050485 0.998972 -0.01682036 -0.48107914 -0.05383127 0.87486121
1778756427.628612 -0.368693 0.051206 0.994830 -0.00531779 -0.51130203 -0.06284262 0.85708387
1778756427.920839 -0.375630 0.051873 0.991812 0.00612930 -0.53169072 -0.08121413 0.84301345
1778756428.333375 -0.382636 0.052064 0.989804 0.00441474 -0.57379799 -0.06716086 0.81622656
1778756430.580929 -0.423290 0.054710 0.993176 0.00147353 -0.59620768 -0.07589284 0.79923370
1778756431.566704 -0.435357 0.055760 0.995857 -0.00335019 -0.54517307 -0.05389375 0.83658267
1778756432.831294 -0.454844 0.057650 1.002506 -0.00443407 -0.49043356 -0.05512481 0.86972209
1778756432.967640 -0.451865 0.056806 1.005768 0.00376905 -0.46281394 -0.06421978 0.88411813
1778756433.107795 -0.444831 0.056932 1.010415 0.00258350 -0.44491712 -0.07696705 0.89225454
1778756433.107795 -0.444831 0.056932 1.010415 0.00258350 -0.44491712 -0.07696705 0.89225454
1778756433.264086 -0.443954 0.056917 1.010103 -0.00339830 -0.41678287 -0.07137489 0.90619320
1778756433.393061 -0.444814 0.056968 1.010611 -0.00533556 -0.38846713 -0.06875835 0.91887818
1778756434.803881 -0.455389 0.057398 1.019506 -0.00389114 -0.36486860 -0.06847082 0.92852976
1778756435.217873 -0.461350 0.057627 1.025243 -0.00007370 -0.33764513 -0.06004544 0.93935632
1778756436.343298 -0.469996 0.057239 1.036581 0.01107933 -0.30629697 -0.06723496 0.94949401
1778756436.906695 -0.473527 0.057076 1.042311 0.01666657 -0.28728364 -0.07003721 0.95513618
1778756437.185131 -0.475211 0.057241 1.046094 0.00686237 -0.27142596 -0.06403457 0.96030226
1778756437.893424 -0.478702 0.056588 1.052781 0.01126132 -0.30118664 -0.06434407 0.95132520
1778756438.728974 -0.478488 0.056536 1.054341 0.01248883 -0.27351502 -0.07078633 0.95917822
1778756439.159162 -0.479311 0.056866 1.056011 0.01728426 -0.24681364 -0.07015565 0.96636560
1778756439.430715 -0.479177 0.057347 1.057643 0.01049016 -0.23283719 -0.06688056 0.97015658
1778756439.786393 -0.478736 0.056945 1.059807 0.01919158 -0.21065059 -0.05330180 0.97591851
1778756440.907619 -0.479937 0.056294 1.067082 0.02648204 -0.17326749 -0.05775620 0.98282313
1778756441.192820 -0.479443 0.056134 1.068260 0.03482060 -0.16102760 -0.06382899 0.98426800
1778756441.470972 -0.480221 0.056483 1.068164 0.02219823 -0.13161423 -0.04557360 0.99000403
1778756441.892647 -0.478694 0.056344 1.070857 0.02500917 -0.09872765 -0.04923076 0.99358126
1778756441.892647 -0.478694 0.056344 1.070857 0.02500917 -0.09872765 -0.04923076 0.99358126
1778756442.320924 -0.478424 0.056247 1.071732 0.03010475 -0.06844757 -0.05437169 0.99571701
1778756442.602952 -0.477784 0.056006 1.073148 0.03363287 -0.04461910 -0.04428487 0.99745517
1778756442.878232 -0.477077 0.055801 1.074652 0.03375671 -0.01111612 -0.05959721 0.99758964
1778756443.154886 -0.476338 0.055585 1.076036 0.03115266 0.01372507 -0.05421977 0.99794857
1778756443.439696 -0.475728 0.055283 1.077131 0.03812244 0.04487161 -0.05413283 0.99679630
1778756444.282695 -0.474359 0.054532 1.080411 0.03776586 0.00870352 -0.04941972 0.99802589
1778756446.247865 -0.472346 0.053606 1.084008 0.04626942 0.04830073 -0.05128170 0.99644185
1778756446.392482 -0.472130 0.053562 1.084053 0.04309886 0.07637300 -0.03515569 0.99552686
1778756446.538304 -0.472064 0.053562 1.084004 0.05091636 0.09899477 -0.02027550 0.99357761
1778756446.950779 -0.472041 0.053454 1.084960 0.06266231 0.06914472 -0.02569062 0.99530520
1778756447.371195 -0.472457 0.053405 1.084961 0.06544708 0.03702990 -0.03239385 0.99664242
1778756447.657227 -0.473258 0.053380 1.084613 0.06324581 0.01119161 -0.01863830 0.99776116
1778756447.940737 -0.473403 0.053438 1.084736 0.06642986 -0.01568484 -0.02729821 0.99729427
1778756448.221111 -0.473602 0.053593 1.084932 0.06301826 -0.04169815 -0.03814726 0.99641093
1778756448.939672 -0.473362 0.053431 1.087315 0.03723813 -0.03615319 -0.02860192 0.99824256
1778756449.165712 -0.473331 0.053441 1.088648 0.01604073 -0.04708916 -0.02294771 0.99849823
1778756449.165712 -0.473331 0.053441 1.088648 0.01604073 -0.04708916 -0.02294771 0.99849823
1778756449.410720 -0.473715 0.053478 1.090314 0.01487040 -0.06139405 -0.04223843 0.99710860
1778756449.688913 -0.474171 0.053564 1.092112 0.01454489 -0.07945397 -0.00258239 0.99672907
1778756449.832054 -0.474529 0.053799 1.092936 0.01083753 -0.08626980 -0.00360210 0.99620635
1778756450.122037 -0.475214 0.053556 1.093631 0.01744678 -0.09945983 -0.01483532 0.99477800
1778756450.814501 -0.475310 0.053029 1.096108 0.02644825 -0.10391000 -0.02931744 0.99380264
1778756451.238511 -0.475206 0.052864 1.097352 0.02760192 -0.07615607 -0.04705734 0.99560233
1778756451.517578 -0.474736 0.052683 1.097715 0.02955617 -0.05622846 -0.03296572 0.99743574
1778756451.796271 -0.474042 0.052563 1.098304 0.02940285 -0.03326540 -0.03608092 0.99836219
1778756452.082642 -0.473549 0.052399 1.098793 0.03133210 -0.00091487 -0.02778721 0.99912228
1778756452.365356 -0.472465 0.052282 1.099537 0.03255542 0.03077023 -0.03462984 0.99839577
1778756452.786215 -0.472051 0.052235 1.100145 0.03030348 0.06948076 -0.03738393 0.99642188
1778756453.072950 -0.471573 0.052216 1.099290 0.03255333 0.13476209 -0.02365411 0.99006058
1778756453.203256 -0.470503 0.052197 1.099543 0.02966171 0.17629634 -0.02315786 0.98361756
1778756453.346013 -0.470824 0.052332 1.098988 0.02392065 0.23235534 -0.01799378 0.97217026
1778756453.486459 -0.470890 0.052365 1.098654 0.02654891 0.26963635 -0.02677075 0.96222384
1778756453.774472 -0.470622 0.052355 1.098158 0.03076693 0.32923603 -0.02936855 0.94328920
1778756453.774472 -0.470622 0.052355 1.098158 0.03076693 0.32923603 -0.02936855 0.94328920
1778756454.611316 -0.469952 0.052268 1.098929 0.02130917 0.26944072 -0.05326741 0.96130651
1778756455.031068 -0.470371 0.052310 1.098349 0.02636622 0.32457349 -0.06106465 0.94351893
1778756455.311990 -0.470162 0.052274 1.098452 0.02921782 0.37862014 -0.05920588 0.92319433
1778756456.296876 -0.469192 0.052128 1.099343 0.02424183 0.31727892 -0.04125830 0.94712416
1778756456.589824 -0.468094 0.051975 1.100431 0.02070661 0.26096346 -0.05912632 0.96331375
1778756456.858309 -0.467521 0.051766 1.101173 0.03477710 0.21259889 -0.04269994 0.97558648
1778756457.144013 -0.466672 0.051644 1.102331 0.02919578 0.16917891 -0.06251395 0.98316739
1778756457.425721 -0.466224 0.051567 1.102973 0.02888066 0.12158813 -0.05811617 0.99045684
1778756457.703490 -0.466416 0.051606 1.103068 0.02628304 0.08987980 -0.06794897 0.99328433
1778756457.983066 -0.465601 0.051395 1.104573 0.02492432 0.05275049 -0.06638968 0.99608663
1778756458.828562 -0.463822 0.050909 1.106565 0.02639237 0.08667880 -0.04909401 0.99467583
1778756459.250913 -0.463077 0.050798 1.106977 0.02583489 0.13131753 -0.05592833 0.98942422
1778756459.953817 -0.461671 0.050432 1.108745 0.02513117 0.09975786 -0.06908163 0.99229256
1778756460.391688 -0.461228 0.050361 1.109134 0.01955656 0.14427346 -0.06379664 0.98728552
1778756460.655579 -0.460870 0.050036 1.109956 0.03093095 0.18102797 -0.04021140 0.98216862
1778756460.938838 -0.460745 0.050289 1.109244 0.02802173 0.22989373 -0.05651961 0.97116898
1778756460.938838 -0.460740 0.050296 1.109224 0.02799855 0.22985477 -0.05659735 0.97117434
1778756461.220199 -0.460429 0.050274 1.109206 0.03458452 0.30327962 -0.05929779 0.95042578
1778756461.356141 -0.459686 0.050227 1.108987 0.04876762 0.32783203 -0.03972103 0.94263997
1778756461.496813 -0.459455 0.050217 1.108513 0.03938118 0.36885300 -0.06111079 0.92664020
1778756461.781470 -0.457200 0.050096 1.107875 0.03812242 0.41380234 -0.06000027 0.90758706
1778756462.059670 -0.455627 0.050070 1.107741 0.04059480 0.46067886 -0.06143001 0.88450744
1778756462.342013 -0.453514 0.049767 1.107486 0.03983851 0.50098465 -0.05846298 0.86255977
1778756462.766548 -0.450794 0.049411 1.107352 0.03931848 0.53045441 -0.05479007 0.84502676
1778756463.044178 -0.447851 0.049238 1.105537 0.04444773 0.45484584 -0.05148712 0.88796888
1778756463.462883 -0.446211 0.048908 1.105873 0.03794033 0.51093158 -0.02978446 0.85826706
1778756463.886850 -0.445769 0.048644 1.107693 0.01924550 0.48693877 -0.07202768 0.87024839
1778756464.171330 -0.446528 0.048965 1.108479 0.04081481 0.47756788 -0.05302910 0.87604280
1778756464.461786 -0.447116 0.049022 1.109387 0.02511131 0.46823676 -0.07170234 0.88033092
1778756464.734511 -0.447403 0.049155 1.110598 0.03875742 0.46080026 -0.05894114 0.88469595
1778756465.150953 -0.447858 0.049104 1.111806 0.02584332 0.43005139 -0.08449141 0.89847044
1778756465.430265 -0.447864 0.049151 1.111919 0.03737572 0.37587381 -0.06226230 0.92382105
1778756465.854871 -0.448316 0.049013 1.113178 0.01954305 0.34539043 -0.07196243 0.93549181
1778756465.854871 -0.448316 0.049013 1.113178 0.01954305 0.34539043 -0.07196243 0.93549181
1778756466.555782 -0.445494 0.048640 1.114459 0.03187469 0.38135308 -0.05693570 0.92212372
1778756466.834930 -0.444068 0.048468 1.114922 0.02804596 0.41444219 -0.07353694 0.90666610
1778756467.258645 -0.442084 0.048378 1.115391 0.03504642 0.45560209 -0.07484179 0.88633921
1778756467.680069 -0.440745 0.048204 1.115346 0.04036793 0.48903026 -0.07932837 0.86771357
1778756468.106196 -0.439384 0.047914 1.114888 0.04673807 0.51197504 -0.06996136 0.85486988
1778756468.525402 -0.436247 0.047290 1.114796 0.06616699 0.51303795 -0.05495911 0.85404536
1778756468.802922 -0.436550 0.047521 1.114325 0.04675420 0.53444292 -0.07394090 0.84066495
1778756469.226923 -0.435973 0.047358 1.113231 0.05474157 0.50639013 -0.05666300 0.85869768
1778756469.654083 -0.435617 0.047451 1.113289 0.06233267 0.63986416 -0.05741776 0.76380082
1778756471.623654 -0.430702 0.046594 1.114967 0.08868254 0.60900409 -0.03501099 0.78741581
1778756472.598951 -0.430294 0.046508 1.115167 0.07850626 0.55938215 -0.02970277 0.82464909
1778756475.134427 -0.429903 0.046677 1.114287 0.04480985 0.68043119 -0.03963675 0.73036593
1778756475.268590 -0.430501 0.046653 1.114622 0.04181937 0.77514584 -0.04702436 0.62864042
1778756475.411112 -0.430497 0.046684 1.114370 0.03224208 0.84760186 -0.04969405 0.52731589
1778756475.552089 -0.430822 0.046801 1.114299 0.02279798 0.89107288 -0.04365315 0.45118043
1778756475.689950 -0.431693 0.046611 1.114503 0.06029205 0.92175532 -0.03073286 0.38182128
1778756475.689950 -0.431693 0.046611 1.114503 0.06029206 0.92175531 -0.03073286 0.38182130
1778756475.830084 -0.431624 0.046635 1.114709 0.05464604 0.94192750 -0.02311745 0.33053287
1778756475.970871 -0.431417 0.046593 1.115249 0.06617738 0.95591303 -0.00608571 0.28603113
1778756476.110190 -0.431944 0.046669 1.114752 0.06132383 0.96535319 -0.00778411 0.25351924
1778756476.250660 -0.432181 0.046640 1.115115 0.06245182 0.97542724 -0.00630720 0.21119112
1778756476.389737 -0.432125 0.046771 1.113250 0.05225655 0.98840500 -0.00205489 0.14255028
1778756476.534534 -0.432619 0.046772 1.114432 0.05691257 0.99007715 0.00448148 0.12840607
1778756476.671802 -0.435872 0.047217 1.112637 0.04985758 0.99307797 0.00428345 0.10626387
1778756476.815678 -0.435659 0.047294 1.111788 0.04591654 0.99776958 0.01099031 0.04718851
1778756476.958101 -0.435613 0.047449 1.111418 0.05841714 0.99799807 0.01895817 0.01509551
1778756477.660439 -0.435838 0.047499 1.109893 0.06621914 0.99713830 0.02302045 -0.02828964
1778756479.626344 -0.442011 0.048717 1.102753 0.05151177 0.99605509 0.02283547 -0.06855164
1778756480.470845 -0.443955 0.049356 1.100673 0.06616622 0.99354842 0.02931420 -0.08731689
1778756481.743739 -0.445803 0.049448 1.098140 0.07729689 0.99630533 0.01895615 -0.03227295
1778756481.883007 -0.447072 0.049815 1.095817 0.07181812 0.99722532 0.01677187 0.01012530
1778756482.579553 -0.447908 0.049435 1.094142 0.05732582 0.99646221 0.00617295 0.06114491
1778756482.726601 -0.447339 0.049014 1.094171 0.03759999 0.99171016 -0.00083040 0.12286785
1778756482.726601 -0.447339 0.049014 1.094171 0.03759999 0.99171016 -0.00083040 0.12286785
1778756482.859871 -0.445099 0.048746 1.093944 0.05088679 0.99071138 0.00042941 0.12610042
1778756483.277468 -0.447494 0.049060 1.093066 0.07866660 0.99050358 0.01080100 0.11223884
1778756483.417127 -0.449852 0.049407 1.092257 0.09751949 0.99115597 0.01724730 0.08833074
1778756483.584440 -0.452687 0.049990 1.091289 0.09802374 0.99444924 0.01679880 0.03434891
1778756483.708797 -0.453811 0.050177 1.090897 0.08743290 0.99592662 0.02202121 -0.00084747
1778756483.850874 -0.453950 0.050460 1.091324 0.12366900 0.98696635 0.06141796 -0.08265131
1778756483.992484 -0.453268 0.050116 1.091502 0.08985176 0.99450157 0.04791200 -0.02444840
1778756484.123449 -0.451038 0.049610 1.092004 0.07827257 0.99604813 0.02734422 0.03184070
1778756484.262242 -0.450172 0.049485 1.091432 0.07598398 0.99280915 0.01280943 0.09160974
1778756484.404256 -0.448488 0.049139 1.091286 0.05364913 0.98888522 -0.00148302 0.13865640
1778756484.540790 -0.446340 0.048799 1.091245 0.02857522 0.98706609 0.00558437 0.15764775
1778756484.685688 -0.443745 0.048534 1.091568 0.01887495 0.98134884 0.00887755 0.19110045
1778756484.833711 -0.440426 0.048275 1.092728 -0.00989631 0.97857588 0.00252238 0.20563305
1778756484.978175 -0.439636 0.048164 1.093391 0.01139684 0.97071965 0.00221744 0.23993448
1778756485.250358 -0.441375 0.048090 1.092198 0.04503306 0.97214790 -0.00667754 0.22990410
1778756486.650597 -0.439757 0.047941 1.089518 0.02233821 0.96124449 -0.01088468 0.27457522
1778756486.650597 -0.439757 0.047941 1.089518 0.02233821 0.96124449 -0.01088468 0.27457522
1778756487.078290 -0.439500 0.047836 1.089253 0.04371389 0.95332531 -0.01961435 0.29811948
1778756488.203916 -0.437824 0.047584 1.087049 0.04044839 0.95201583 -0.02467988 0.30235854
1778756488.479656 -0.437947 0.047627 1.086503 0.04241766 0.96356884 -0.02809386 0.26257677
1778756488.619686 -0.438370 0.047773 1.086260 0.04718971 0.97239157 -0.02237986 0.22743552
1778756488.762109 -0.438816 0.047921 1.086060 0.05325884 0.97557627 -0.01780065 0.21236190
1778756490.447626 -0.438276 0.047664 1.085358 0.06213994 0.96487168 -0.02240313 0.25428207
1778756490.585235 -0.437957 0.047564 1.085694 0.06301795 0.95778647 -0.02427699 0.27943595
1778756490.727442 -0.437566 0.047427 1.085988 0.08476340 0.94508268 -0.02315212 0.31479815
1778756490.871836 -0.437508 0.047451 1.086208 0.05185343 0.92175019 -0.03898669 0.38231903
1778756491.155046 -0.437644 0.047454 1.086316 0.03997211 0.90378838 -0.04622511 0.42359419
1778756491.291054 -0.437600 0.047463 1.086523 0.01969292 0.88325084 -0.05486342 0.46526352
1778756492.204763 -0.436961 0.047418 1.087110 0.02062589 0.84610574 -0.04769597 0.53047596
1778756493.191660 -0.436811 0.047362 1.087360 0.02547149 0.83765295 -0.06647232 0.54154424
1778756493.328214 -0.435969 0.047294 1.087287 0.02798592 0.80798271 -0.06929363 0.58444771
1778756493.476146 -0.435022 0.047088 1.086970 0.02753295 0.75630279 -0.06950376 0.64993635
1778756494.035309 -0.434113 0.046894 1.087180 0.02008049 0.74376395 -0.06759923 0.66471219
1778756494.035309 -0.434113 0.046894 1.087180 0.02008049 0.74376395 -0.06759923 0.66471219
1778756494.732431 -0.433217 0.046757 1.087599 0.02287160 0.71727198 -0.06876705 0.69301435
1778756494.876572 -0.433225 0.046780 1.087804 0.01476475 0.69054171 -0.08049153 0.71864822
1778756495.015393 -0.433100 0.046776 1.088096 0.00517940 0.64608668 -0.10061099 0.75658615
1778756495.156531 -0.433077 0.046809 1.088488 -0.00441668 0.60687360 -0.10976889 0.78716943
1778756499.649274 -0.431551 0.046577 1.088946 0.00649196 0.67418767 -0.09412226 0.73250928
1778756499.794222 -0.431576 0.046573 1.088731 0.02054177 0.71708233 -0.07670805 0.69244988
1778756499.932735 -0.431476 0.046557 1.088605 0.02040827 0.75607194 -0.06828374 0.65059669
1778756500.071024 -0.431687 0.046585 1.088345 0.01508889 0.78228624 -0.07210084 0.61854833
1778756500.216491 -0.431868 0.046582 1.088121 0.02399150 0.81424590 -0.06434030 0.57644458
1778756500.357124 -0.431905 0.046598 1.088042 0.03192146 0.85312973 -0.05754048 0.51753239
1778756500.494303 -0.432021 0.046647 1.087812 0.03369485 0.88127133 -0.04587902 0.46917014
1778756500.645171 -0.432054 0.046634 1.087949 0.04431427 0.90134045 -0.03855912 0.42910935
1778756500.779896 -0.432406 0.046681 1.087713 0.04838834 0.91593785 -0.03568606 0.39679078
1778756500.913610 -0.432527 0.046700 1.087711 0.04610883 0.93836164 -0.03187273 0.34107997
1778756501.057869 -0.432665 0.046706 1.087566 0.04572095 0.95195234 -0.02097686 0.30208660
1778756501.199316 -0.432963 0.046765 1.087451 0.04792335 0.95812910 -0.02359850 0.28130960
1778756501.199316 -0.432963 0.046765 1.087451 0.04792335 0.95812910 -0.02359850 0.28130960
1778756501.478563 -0.433431 0.046814 1.087232 0.05734754 0.95838213 -0.02151624 0.27884045
1778756501.758048 -0.433854 0.046910 1.087120 0.06422202 0.95759661 -0.01715185 0.28033923
1778756501.898407 -0.434283 0.047011 1.087042 0.06500130 0.95615320 -0.01691601 0.28506095
1778756502.180423 -0.434739 0.047031 1.086670 0.06076800 0.95733290 -0.02124150 0.28172642
1778756502.461288 -0.435075 0.046986 1.086312 0.03194094 0.96071105 -0.03204911 0.27383739
1778756502.747845 -0.435431 0.047048 1.085814 0.04842279 0.95943362 -0.01714265 0.27721561
1778756503.025926 -0.436030 0.047029 1.085608 0.06121692 0.95949141 -0.01366352 0.27466713
1778756503.171435 -0.436428 0.047034 1.085312 0.03501025 0.95991047 -0.01747713 0.27756211
1778756503.310631 -0.436675 0.047029 1.085104 0.01817910 0.96594210 -0.01594101 0.25762620
1778756503.445480 -0.436870 0.046988 1.085164 0.00788564 0.97421888 -0.00188576 0.22545917
1778756503.587168 -0.437366 0.047090 1.084991 0.02079650 0.97677470 0.00105733 0.21325472
1778756503.726482 -0.437359 0.047006 1.085109 0.02725938 0.98387820 0.00552019 0.17666393
1778756503.871084 -0.437565 0.047001 1.084973 0.02665341 0.99025331 0.00681896 0.13653382
1778756504.006912 -0.437682 0.046996 1.084740 0.00427824 0.99464875 0.00304483 0.10318087
1778756504.146017 -0.437491 0.046950 1.085025 0.01375695 0.99819720 0.01329910 0.05688783
1778756504.432288 -0.437493 0.046908 1.084994 0.01193624 0.99957637 0.02057063 -0.01677670
1778756504.432288 -0.437493 0.046908 1.084994 0.01193183 0.99957609 0.02057367 -0.01679282
1778756504.714834 -0.437554 0.046943 1.084962 -0.00230426 0.99413790 0.02847533 -0.10427694
1778756504.994467 -0.437513 0.046939 1.084841 -0.01313216 0.98435456 0.03323760 -0.17253670
1778756505.280848 -0.437788 0.046960 1.084690 -0.01374704 0.97588199 0.04169385 -0.21383869
1778756505.555291 -0.438856 0.047174 1.083669 -0.03136940 0.96355977 0.04688893 -0.26147651
1778756505.985222 -0.439794 0.047266 1.082971 -0.02050033 0.94849296 0.04856731 -0.31238127
1778756506.260113 -0.440671 0.047479 1.082394 -0.03868022 0.93631565 0.05413765 -0.34479842
1778756506.684808 -0.441785 0.047688 1.081548 -0.02013507 0.91761785 0.05090261 -0.39367624
1778756507.099371 -0.442737 0.047744 1.081134 -0.02751406 0.89927804 0.05580630 -0.43292914
1778756508.646834 -0.445543 0.047904 1.080123 -0.02595007 0.90959819 0.04069803 -0.41267590
1778756509.634724 -0.447414 0.047948 1.080304 0.00127893 0.92899335 0.02669347 -0.36913031
1778756510.067587 -0.448617 0.047998 1.080985 -0.00096702 0.95266622 0.02397697 -0.30306970
1778756510.518742 -0.448524 0.047775 1.081974 0.00197739 0.91229256 0.03266930 -0.40822922
1778756510.831359 -0.447937 0.047741 1.081478 -0.00173566 0.83632580 0.04675053 -0.54623304
1778756511.249506 -0.448219 0.047924 1.080677 -0.00097110 0.74305815 0.05816205 -0.66669395
1778756511.669756 -0.448588 0.047890 1.080476 -0.01241078 -0.70448437 -0.03908874 0.70853357
1778756512.522518 -0.449235 0.047920 1.080596 -0.00834315 -0.66356695 -0.05061026 0.74635641
1778756512.522518 -0.449246 0.047919 1.080602 -0.00829926 -0.66215264 -0.05121668 0.74757064
1778756512.932912 -0.449671 0.047931 1.080707 -0.00587550 -0.62971340 -0.05385845 0.77493598
1778756513.214571 -0.449880 0.047969 1.080774 -0.01522363 -0.60522383 -0.04832880 0.79444112
1778756513.495618 -0.449896 0.047951 1.080636 -0.01983873 -0.66368179 -0.06510487 0.74491225
1778756513.648643 -0.450170 0.047982 1.080461 0.01259871 0.71401923 0.05980695 -0.69745318
1778756513.779128 -0.450531 0.047993 1.080393 0.00940612 0.74175183 0.05755696 -0.66813393
1778756514.481302 -0.450670 0.048020 1.080216 0.03346325 0.77172867 0.02698574 -0.63449732
1778756514.898689 -0.450788 0.048002 1.080025 -0.01184979 0.79583048 0.05575019 -0.60283110
1778756515.035938 -0.451026 0.048036 1.079808 -0.00164875 0.83190569 0.04674245 -0.55294244
1778756515.178359 -0.451039 0.048024 1.079485 0.01198690 0.85080941 0.02470008 -0.52475667
1778756515.320056 -0.450938 0.048011 1.079219 -0.00057030 0.86522680 0.02442553 -0.50078504
1778756515.466581 -0.450613 0.048007 1.078747 -0.01360949 0.82582549 0.03576920 -0.56262563
1778756515.604778 -0.450572 0.048054 1.078165 -0.01454856 0.80425431 0.03028326 -0.59333487
1778756515.747584 -0.450719 0.048043 1.078283 -0.03098329 0.86245958 0.03309507 -0.50409148
1778756517.434984 -0.450728 0.048059 1.078330 -0.00480476 0.82104409 0.03536826 -0.56974784
1778756517.578891 -0.450879 0.048016 1.078731 -0.01391711 0.83650055 0.03412943 -0.54672509
1778756517.714496 -0.451085 0.048057 1.079016 -0.00301884 0.84399711 0.04851606 -0.53414039
1778756517.714496 -0.451085 0.048057 1.079016 -0.00301884 0.84399711 0.04851606 -0.53414039
1778756517.850801 -0.451078 0.048036 1.079097 0.01608733 0.80404188 0.03359420 -0.59340482
1778756517.990488 -0.450969 0.048028 1.079228 0.00820000 0.76406646 0.04165630 -0.64373904
1778756518.130836 -0.450976 0.048041 1.079297 -0.02263120 0.72681004 0.08082517 -0.68169075
1778756518.271440 -0.451214 0.048068 1.079419 0.01058131 -0.69426717 -0.07450453 0.71577245
1778756518.836180 -0.451664 0.048050 1.079520 0.00237881 -0.66059154 -0.06880381 0.74758223
1778756520.241074 -0.454752 0.048115 1.080062 -0.01193157 -0.64178322 -0.06134724 0.76433530
1778756520.817638 -0.455543 0.048114 1.079930 0.00133760 -0.66172928 -0.07725692 0.74575059
1778756520.943222 -0.455693 0.048136 1.080000 -0.01497822 0.71075152 0.08621852 -0.69797872
1778756521.085490 -0.456010 0.048072 1.080329 -0.00034406 0.75360239 0.06814502 -0.65378863
1778756521.647295 -0.456799 0.048125 1.080228 -0.00408999 0.73571820 0.06782256 -0.67387099
1778756521.792432 -0.456867 0.048138 1.080295 -0.00759026 -0.69919596 -0.05914511 0.71243895
1778756522.625757 -0.458768 0.048214 1.080069 -0.01208299 -0.63229735 -0.05231195 0.77286320
1778756522.785119 -0.458859 0.048279 1.080492 -0.02712764 -0.58314641 -0.03426647 0.81119058
1778756524.037660 -0.461032 0.048495 1.081605 -0.02358653 -0.57513741 -0.04826834 0.81629088
1778756524.883546 -0.462593 0.048420 1.082317 -0.01422838 -0.58213367 -0.05298266 0.81124027
1778756525.318440 -0.462922 0.048317 1.082610 -0.01888205 -0.57544510 -0.04332436 0.81647376
1778756525.318440 -0.462922 0.048317 1.082610 -0.01888205 -0.57544510 -0.04332436 0.81647376
1778756526.144709 -0.464021 0.048256 1.083182 0.00295989 -0.55586518 -0.06148017 0.82899055
1778756526.989040 -0.464879 0.048202 1.083733 -0.01560827 -0.54647987 -0.03875880 0.83642925
1778756527.126260 -0.464890 0.048188 1.083806 -0.00692490 -0.51897304 -0.03861490 0.85388988
1778756527.268595 -0.464846 0.048193 1.083875 -0.01119817 -0.47469021 -0.03680745 0.87931167
1778756527.419099 -0.464842 0.048204 1.083981 0.00854419 -0.40629066 -0.07392547 0.91070847
1778756527.565107 -0.464837 0.048191 1.084017 0.00864949 -0.36137561 -0.07298060 0.92951960
1778756527.703225 -0.464903 0.048252 1.084195 -0.01245699 -0.29033061 -0.04557921 0.95575912
1778756527.838084 -0.464930 0.048194 1.084356 -0.01512617 -0.25138348 -0.01827618 0.96759678
1778756528.815840 -0.465082 0.048148 1.085586 -0.01507743 -0.23275219 -0.01930339 0.97222758
1778756528.953110 -0.465066 0.048147 1.085782 -0.01181298 -0.15596072 -0.02459775 0.98738628
1778756529.094728 -0.464971 0.048112 1.085974 -0.01042579 -0.06913091 0.01645098 0.99741746
1778756529.235739 -0.464901 0.048151 1.085920 0.00454781 0.10809267 0.00814719 0.99409704
1778756529.377389 -0.464855 0.048155 1.085848 0.00800314 0.23123776 0.00819557 0.97282983
1778756529.538687 -0.464755 0.048133 1.085600 0.01033292 0.31628852 0.00083226 0.94860640
1778756529.653306 -0.464635 0.048126 1.085781 0.02285064 0.41130779 -0.00124368 0.91120920
1778756529.804196 -0.464429 0.048129 1.085763 0.01963469 0.44319341 -0.00915609 0.89616418
1778756529.804196 -0.464429 0.048129 1.085763 0.01963469 0.44319341 -0.00915609 0.89616418
1778756530.360232 -0.464420 0.048118 1.085910 0.00702229 0.39344538 -0.02347128 0.91902150
1778756530.513211 -0.464412 0.048115 1.086066 -0.00351177 0.31392552 -0.05118747 0.94806027
1778756530.654258 -0.464306 0.048130 1.086424 -0.00912281 0.27189335 -0.05782076 0.96054544
1778756531.781473 -0.463918 0.048089 1.087730 0.00880722 0.22345480 -0.00017464 0.97467449
1778756532.608201 -0.463721 0.048071 1.088487 0.00515766 0.18930252 -0.01488488 0.98179244
1778756533.028923 -0.463583 0.048101 1.088787 -0.00006700 0.25596111 -0.02584279 0.96634158
1778756533.590716 -0.463544 0.048057 1.089108 0.00295402 0.22123100 -0.01507281 0.97510047
1778756533.872753 -0.463463 0.048003 1.089287 -0.00102143 0.18168104 -0.07454170 0.98052766
1778756534.717813 -0.463290 0.047979 1.089705 0.01231853 0.25136430 -0.02465778 0.96749999
1778756534.855909 -0.463269 0.047997 1.089731 0.02125049 0.29599605 -0.01119507 0.95488713
1778756535.356079 -0.463177 0.047980 1.089872 0.02394127 0.34233450 -0.00905484 0.93922943
1778756535.486911 -0.463144 0.048011 1.089902 0.02494964 0.38106347 -0.01052619 0.92415223
1778756535.765901 -0.463062 0.048022 1.089999 0.01603701 0.40861460 -0.01690232 0.91240958
1778756535.912745 -0.463027 0.048053 1.090102 0.01565300 0.45845904 -0.01608374 0.88843211
1778756536.197466 -0.462970 0.048050 1.090112 0.02004383 0.48618583 -0.00947007 0.87357421
1778756536.755227 -0.462753 0.048036 1.090198 0.02455720 0.52097899 -0.00978447 0.85316007
1778756536.755227 -0.462753 0.048036 1.090198 0.02455720 0.52097899 -0.00978447 0.85316007
1778756536.896008 -0.462734 0.048027 1.090220 0.03672422 0.54633227 -0.00067419 0.83676277
1778756538.301522 -0.462031 0.047961 1.090882 0.02783298 0.51427555 -0.01117749 0.85710037
1778756538.440750 -0.462038 0.047950 1.090909 0.01983179 0.46906216 -0.02337114 0.88263310
1778756538.859061 -0.461954 0.047938 1.091078 0.00176382 0.40035182 -0.05079993 0.91495064
1778756539.284176 -0.461985 0.047928 1.091163 0.00298179 0.32518261 -0.05821798 0.94385277
1778756539.421791 -0.461975 0.047916 1.091193 -0.00347787 0.19828130 -0.08894255 0.97609511
1778756541.254041 -0.461625 0.047860 1.092350 0.01884944 0.35519505 -0.00882267 0.93456050
1778756541.394879 -0.461558 0.047849 1.092413 0.02395827 0.48568600 -0.01809996 0.87361748
1778756541.540469 -0.461568 0.047860 1.092367 0.00546438 0.59330927 -0.04988555 0.80340879
1778756541.668953 -0.461582 0.047864 1.092459 0.00193090 0.76262769 -0.04569575 0.64521870
1778756541.809307 -0.461504 0.047851 1.092366 0.00272302 0.81322525 -0.03349757 0.58097778
1778756541.951449 -0.461621 0.047862 1.092359 -0.02156274 0.83719606 -0.05254223 0.54394589
1778756543.363275 -0.461485 0.047933 1.092305 0.01541899 0.85147279 -0.04582780 0.52216487
1778756544.077214 -0.461436 0.047924 1.092222 0.00996124 0.86077823 -0.02779777 0.50812292
1778756545.043329 -0.461481 0.047914 1.092080 0.00012993 0.83378251 -0.04441283 0.55030375
1778756545.194172 -0.461487 0.047868 1.092101 0.00759483 0.87555363 -0.01989276 0.48265147
1778756545.194172 -0.461487 0.047868 1.092101 0.00757385 0.87557875 -0.01989946 0.48260595
1778756545.321321 -0.461529 0.047867 1.092109 0.00029758 0.89816958 -0.02149851 0.43912314
1778756545.470501 -0.461543 0.047865 1.092065 0.00324067 0.93382494 -0.01886016 0.35721809
1778756545.608167 -0.461535 0.047865 1.092076 -0.00733175 0.96402554 -0.01688299 0.26517160
1778756545.746578 -0.461609 0.047863 1.092051 -0.01714555 0.97776569 -0.00305455 0.20897597
1778756545.888668 -0.461652 0.047874 1.091964 -0.02046049 0.99587268 0.00972183 0.08788886
1778756546.027918 -0.461673 0.047882 1.091934 -0.04682483 0.99588014 0.01883265 -0.07533601
1778756546.167671 -0.461663 0.047888 1.091876 -0.07192329 0.96655073 0.04993947 -0.24106591
1778756546.729762 -0.461737 0.047898 1.091895 -0.03590159 0.94872027 0.05495492 -0.30922627
1778756546.872121 -0.461782 0.047900 1.091904 -0.01682157 0.92126669 0.05118790 -0.38518116
1778756547.579391 -0.461818 0.047919 1.091762 0.01655850 0.89415312 0.04699499 -0.44498032
1778756548.004328 -0.461886 0.047938 1.091692 0.00456139 0.84634003 0.06177902 -0.52902846
1778756548.136308 -0.461864 0.047953 1.091671 -0.01054038 0.79418083 0.06994503 -0.60355066
1778756549.261173 -0.462032 0.047953 1.091647 0.03463571 0.83192326 0.03515134 -0.55269199
1778756549.963020 -0.462158 0.047964 1.091545 0.06130185 0.85186426 0.01959568 -0.51979358
1778756550.393444 -0.462182 0.047976 1.091512 0.00215789 0.86099023 0.07243416 -0.50343268
1778756550.523269 -0.462212 0.047978 1.091394 0.03249447 0.91022623 0.04639278 -0.41021949
1778756550.523269 -0.462212 0.047978 1.091394 0.03249447 0.91022623 0.04639278 -0.41021949
1778756550.667889 -0.462199 0.047965 1.091328 0.02915898 0.92746823 0.03585866 -0.37103449
1778756551.088942 -0.462250 0.047968 1.091337 -0.01330915 0.93471649 0.04919840 -0.35172073
