1778755699.818943 0.000000 0.000000 0.000000 0.00000000 0.00000000 0.00000000 1.00000000
1778755702.057369 -0.102777 -0.048102 0.013299 -0.02140333 0.00978136 -0.01005123 0.99967254
1778755702.205913 -0.195403 -0.051775 0.016911 -0.02120419 0.01438092 -0.02025742 0.99946646
1778755702.484069 -0.302936 -0.064854 0.056981 -0.02964774 0.02446065 -0.01507830 0.99914730
1778755702.757092 -0.208758 -0.036113 0.028065 -0.02498857 0.01472870 -0.03967940 0.99879136
1778755702.894683 -0.107655 -0.040169 0.026168 -0.02741887 0.01427158 -0.03478770 0.99891658
1778755703.177815 -0.011733 -0.031748 0.032386 -0.02624128 0.00915580 -0.02410452 0.99932304
1778755710.736744 -0.186788 -0.045878 0.022912 -0.02098131 0.02812210 -0.01020937 0.99933213
1778755710.881766 -0.317719 -0.054255 0.032828 -0.02392757 0.03596414 -0.01089034 0.99900723
1778755711.020326 -0.519009 -0.053274 0.004307 -0.01756752 0.05273377 -0.00109530 0.99845347
1778755711.161118 -0.571131 -0.029018 0.016080 -0.01676267 0.02457774 -0.00453601 0.99954708
1778755711.441826 -0.676012 -0.015605 -0.043298 -0.01820669 0.01923961 -0.01935356 0.99946175
1778755711.577190 -0.700826 -0.054993 -0.102342 -0.03078391 -0.04247475 -0.00295571 0.99861880
1778755711.725183 -0.647376 -0.088357 -0.193433 -0.03117304 -0.20027999 0.03358941 0.97866640
1778755711.866813 -0.659891 -0.091854 -0.273127 -0.03578898 -0.31247751 0.03600309 0.94856773
1778755712.000175 -0.725618 -0.070449 -0.203732 -0.00412585 -0.43012115 0.01688349 0.90260386
1778755712.146992 -1.051647 -0.066863 -0.119172 0.01600081 -0.53302141 -0.00244077 0.84594692
1778755712.146992 -1.051647 -0.066863 -0.119172 0.01600081 -0.53302141 -0.00244077 0.84594692
1778755712.280794 -1.015249 -0.052421 -0.640973 0.01762746 -0.59399298 -0.02965492 0.80373018
1778755712.422515 -1.190872 -0.070318 -0.797124 0.01735216 -0.64063507 -0.02157866 0.76734606
1778755712.567732 -1.362583 -0.087894 -1.030732 0.02964309 -0.65816219 -0.01881419 0.75205707
1778755712.701826 -1.574039 -0.118943 -1.326706 0.01610854 -0.65124911 -0.00708818 0.75865991
1778755713.125464 -1.632666 -0.120983 -1.106509 -0.00895308 -0.66011313 -0.01465517 0.75096985
1778755713.260751 -1.663874 -0.117195 -0.941736 -0.00005197 -0.62951328 -0.00780243 0.77695054
1778755713.400386 -1.656298 -0.097409 -0.694292 0.02645341 -0.57502547 0.00479197 0.81769369
1778755713.538141 -1.656072 -0.107974 -0.551248 -0.01683536 -0.53130575 0.03662574 0.84622062
1778755713.693506 -1.703769 -0.105855 -0.135582 -0.02248836 -0.53880176 0.01529904 0.84199340
1778755713.961240 -1.907140 -0.109327 -0.282447 0.00729328 -0.53850676 0.00428025 0.84257876
1778755714.244819 -2.231704 -0.104730 -0.269418 0.01166248 -0.54461633 0.00278169 0.83859961
1778755714.523777 -2.290511 -0.128662 0.013848 0.00682810 -0.54600418 0.00969117 0.83769857
1778755714.661547 -2.448321 -0.102824 -0.085918 0.00268428 -0.54281761 0.02269730 0.83953956
1778755714.800524 -2.553575 -0.127834 -0.080112 0.01513462 -0.56798810 0.01421184 0.82277487
1778755715.086958 -2.890518 -0.140561 -0.005102 0.01310325 -0.58802057 0.00602378 0.80871740
1778755715.367733 -3.004859 -0.147343 -0.095534 0.02984549 -0.59837257 0.00439530 0.80064986
1778755715.367733 -3.004859 -0.147343 -0.095534 0.02984549 -0.59837257 0.00439530 0.80064986
1778755715.505195 -3.114891 -0.149233 -0.209219 0.03660956 -0.61796077 -0.00250380 0.78535212
1778755715.645779 -3.343630 -0.159662 -0.211465 0.04020246 -0.62997420 -0.01594862 0.77541081
1778755715.930813 -3.540914 -0.186514 -0.227912 0.04840985 -0.65022912 0.00181776 0.75819211
1778755717.049887 -4.020038 -0.221264 -0.179508 0.03035849 -0.68537658 0.00268642 0.72755075
1778755717.192970 -4.057551 -0.226913 -0.201145 -0.02938396 0.72526956 -0.00583946 -0.68781287
1778755717.336385 -4.113016 -0.231583 -0.216335 -0.04690644 0.76050540 -0.01576798 -0.64744320
1778755717.476210 -4.169610 -0.236290 -0.236859 -0.03490027 0.81400416 0.00931466 -0.57973480
1778755717.615689 -4.198604 -0.244762 -0.258295 -0.04799337 0.86772425 0.00457886 -0.49470222
1778755717.753742 -4.214922 -0.244225 -0.326015 -0.06026295 0.90876417 0.02776048 -0.41200171
1778755717.892907 -4.224038 -0.257852 -0.406680 -0.06251853 0.92873104 0.01367148 -0.36518922
1778755718.036657 -4.278894 -0.260477 -0.461914 -0.05930278 0.94297463 -0.00116998 -0.32753725
1778755718.600949 -4.377393 -0.260922 -0.504682 -0.01196565 0.93711479 -0.03419410 -0.34713609
1778755719.446315 -4.519617 -0.266478 -0.609647 -0.02146139 0.92301774 -0.00872581 -0.38405926
1778755721.839328 -4.787767 -0.283926 -0.938215 -0.04557528 0.93896538 -0.01729813 -0.34054027
1778755722.251588 -4.827007 -0.279365 -1.013771 -0.04486562 0.94784191 -0.01450592 -0.31523384
1778755722.403857 -4.823000 -0.287371 -1.020797 -0.05194269 0.95504733 -0.01572262 -0.29144356
1778755722.403857 -4.823000 -0.287371 -1.020797 -0.05194269 0.95504733 -0.01572262 -0.29144356
1778755722.540172 -4.812055 -0.286372 -1.004312 -0.05667752 0.96070489 -0.02267230 -0.27077619
1778755722.820679 -4.839618 -0.297611 -1.076165 -0.07129843 0.96462223 -0.02989182 -0.25204555
1778755723.239053 -4.861731 -0.306950 -1.151276 -0.06769496 0.96760959 -0.04439492 -0.23911954
1778755723.800982 -4.892060 -0.322360 -1.286680 -0.06604445 0.97282466 -0.03495247 -0.21915435
1778755724.356801 -4.932327 -0.322085 -1.405192 -0.05100428 0.97618578 -0.00346382 -0.21082666
1778755725.474014 -4.981823 -0.321642 -1.613424 -0.05635708 0.98687017 0.00778383 -0.15116400
1778755725.615532 -4.949364 -0.325094 -1.710732 -0.07232042 0.99471686 -0.00431913 -0.07272869
1778755725.756480 -4.947468 -0.349039 -1.777511 -0.10822209 0.99404519 -0.00396815 0.01209965
1778755725.902839 -4.865465 -0.338833 -2.021620 -0.08243366 0.99395226 0.00894810 0.07199678
1778755726.037794 -4.860989 -0.354778 -2.020176 -0.07999530 0.99060267 -0.01510988 0.10990353
1778755726.196148 -4.778364 -0.349598 -2.081717 -0.09700749 0.98549459 -0.00526147 0.13914840
1778755726.459219 -4.755238 -0.346876 -2.220638 -0.07374864 0.99168068 -0.00290462 0.10546148
1778755726.598859 -4.741195 -0.337854 -2.235017 -0.04769839 0.99825735 -0.00872140 0.03363141
1778755726.743654 -4.761414 -0.329969 -2.359848 -0.02057033 0.99978616 0.00103902 -0.00184948
1778755726.955969 -4.762135 -0.311586 -2.231223 -0.02996910 0.99785083 0.00315439 -0.05818614
1778755727.374685 -4.765407 -0.346118 -2.403209 -0.02868001 0.99929909 -0.02133870 -0.01111086
1778755727.374685 -4.765407 -0.346118 -2.403209 -0.02868001 0.99929909 -0.02133870 -0.01111086
1778755727.523151 -4.743611 -0.340200 -2.410594 -0.06110912 0.99760424 0.00346175 0.03224073
1778755727.655394 -4.698274 -0.335162 -2.473652 -0.05702460 0.99640161 -0.00479939 0.06252196
1778755727.934906 -4.627546 -0.335646 -2.560328 -0.05851995 0.99367521 -0.01756809 0.09421443
1778755728.770890 -4.499938 -0.340100 -2.723048 -0.05105396 0.98801127 -0.01548607 0.14487032
1778755728.914685 -4.483892 -0.342315 -2.717815 -0.04910490 0.97986606 -0.01912998 0.19257533
1778755729.057740 -4.447402 -0.341092 -2.739164 -0.06835234 0.96346438 -0.02284558 0.25795818
1778755729.193167 -4.445028 -0.343130 -2.730314 -0.08758132 0.94007786 -0.02938973 0.32820630
1778755729.337085 -4.402546 -0.343232 -2.745190 -0.08179905 0.91750067 -0.02802554 0.38822159
1778755729.616055 -4.372833 -0.342320 -2.752090 -0.07198542 0.89402427 -0.02667993 0.44139199
1778755730.182385 -4.325345 -0.345903 -2.808551 -0.07684511 0.91208993 -0.03771086 0.40095472
1778755730.320913 -4.315327 -0.339639 -2.818105 -0.06228720 0.92926347 -0.02316978 0.36339081
1778755730.597557 -4.304126 -0.338102 -2.820837 -0.04724344 0.94326319 -0.02122338 0.32798197
1778755730.881128 -4.292619 -0.344261 -2.841651 -0.07710899 0.91532728 -0.03330742 0.39385376
1778755731.023112 -4.268615 -0.341994 -2.842764 -0.06746447 0.89485671 -0.03023709 0.44018828
1778755731.319266 -4.258671 -0.341433 -2.854705 -0.07500281 0.87180225 -0.02388122 0.48349261
1778755732.136132 -4.194359 -0.337340 -2.888277 -0.06902457 0.88591654 -0.02167940 0.45816755
1778755732.136132 -4.194359 -0.337340 -2.888277 -0.06902457 0.88591654 -0.02167940 0.45816755
1778755732.412928 -4.171646 -0.336719 -2.910657 -0.06202767 0.91005473 -0.03053653 0.40868139
1778755732.557240 -4.155218 -0.336219 -2.927101 -0.08414401 0.93242150 -0.04210503 0.34890844
1778755732.709395 -4.143436 -0.336206 -2.946351 -0.08186211 0.95324269 -0.03349363 0.28897256
1778755732.845443 -4.135239 -0.337303 -2.965127 -0.06949716 0.96833992 -0.03134321 0.23770895
1778755732.978352 -4.131784 -0.337433 -2.975230 -0.05200823 0.97652557 -0.03054053 0.20678549
1778755733.255109 -4.126145 -0.339040 -2.990079 -0.05696036 0.98302410 -0.02493830 0.17261869
1778755733.539298 -4.129605 -0.338869 -2.998204 -0.07405025 0.98629291 -0.02990144 0.14439101
1778755734.523492 -4.129370 -0.341434 -2.984341 -0.06482632 0.98015911 -0.02864251 0.18510883
1778755734.653973 -4.121560 -0.339933 -2.981462 -0.04490911 0.97204967 -0.01752608 0.22977261
1778755734.794027 -4.107027 -0.338621 -2.983916 -0.03942591 0.95558599 -0.01010245 0.29188861
1778755734.937178 -4.105597 -0.337219 -2.975289 -0.06193653 0.92412601 -0.03019887 0.37582312
1778755735.071321 -4.092071 -0.337525 -2.981307 -0.07837805 0.89590046 -0.03074896 0.43620378
1778755735.215339 -4.092343 -0.336935 -2.975434 -0.06794891 0.87116068 -0.02523622 0.48561831
1778755735.634987 -4.062343 -0.336646 -3.000135 -0.08500646 0.89803584 -0.03290364 0.43037529
1778755735.774917 -4.051398 -0.335963 -3.015878 -0.07822259 0.92403201 -0.03107021 0.37293526
1778755735.915337 -4.049959 -0.336888 -3.024797 -0.05377055 0.94933262 -0.02839855 0.30833394
1778755735.915337 -4.049959 -0.336888 -3.024797 -0.05377055 0.94933262 -0.02839855 0.30833394
1778755736.053332 -4.054396 -0.337759 -3.031060 -0.05620150 0.96851958 -0.02976635 0.24067651
1778755736.200191 -4.060192 -0.338676 -3.041057 -0.06206412 0.98060847 -0.02711060 0.18390237
1778755736.335021 -4.068736 -0.338550 -3.050857 -0.05439655 0.98655727 -0.02157928 0.15257817
1778755736.477757 -4.085823 -0.341160 -3.052901 -0.04501851 0.98676363 -0.01752147 0.15480267
1778755736.755170 -4.097082 -0.342506 -3.057911 -0.05002272 0.98695503 -0.01319669 0.15245771
1778755738.012882 -4.086819 -0.342841 -3.053522 -0.04780940 0.98963398 -0.01818909 0.13419393
1778755738.177837 -4.073509 -0.342024 -3.051809 -0.04502231 0.99036973 -0.02100873 0.12922623
1778755738.300459 -4.065456 -0.339939 -3.036917 -0.04724961 0.98759332 -0.02427716 0.14777524
1778755738.433895 -4.047932 -0.336681 -3.025715 -0.05091403 0.97761128 -0.03087844 0.20181791
1778755738.575795 -4.028029 -0.335701 -3.026397 -0.04689135 0.95400579 -0.01849917 0.29551979
1778755738.715849 -4.022394 -0.333702 -3.022111 -0.08759171 0.90637490 -0.03551983 0.41176520
1778755738.851981 -3.979898 -0.326887 -2.998267 -0.07546413 0.86300187 -0.03363874 0.49839882
1778755738.993633 -3.994525 -0.329104 -3.000099 -0.07174727 0.80988701 -0.02740259 0.58153629
1778755739.415306 -3.941365 -0.328422 -3.033509 -0.05859052 0.86952104 -0.01916894 0.49003353
1778755739.554163 -3.936624 -0.329384 -3.049418 -0.05999971 0.91695229 -0.02200588 0.39384550
1778755739.699184 -3.915561 -0.328869 -3.066228 -0.03584953 0.93950818 0.00083488 0.34064422
1778755739.699184 -3.915561 -0.328869 -3.066228 -0.03584953 0.93950818 0.00083488 0.34064422
1778755739.977567 -3.891948 -0.328936 -3.083253 -0.05999481 0.92093393 -0.02378069 0.38433812
1778755740.265201 -3.860666 -0.329526 -3.099034 -0.08880371 0.89882043 -0.02516616 0.42848851
1778755740.544538 -3.828177 -0.329841 -3.132501 -0.06870957 0.93062391 -0.03226256 0.35801852
1778755740.676371 -3.810280 -0.330529 -3.155487 -0.05882778 0.96230124 -0.03765310 0.26286472
1778755740.831222 -3.805483 -0.330560 -3.163065 -0.03893180 0.98366774 -0.04151534 0.17075879
1778755740.958696 -3.794544 -0.331978 -3.183385 -0.04979528 0.99287792 -0.04868585 0.09666206
1778755741.098454 -3.787247 -0.336493 -3.208365 -0.05548622 0.99606975 -0.05805418 0.03736357
1778755741.240125 -3.802479 -0.337790 -3.203952 -0.04680604 0.99695396 -0.06088967 0.01358141
1778755741.383094 -3.832638 -0.339230 -3.195771 -0.03174515 0.99768846 -0.05179705 0.03044754
1778755741.519220 -3.833527 -0.341852 -3.208206 -0.02791267 0.99784751 -0.05844666 0.01025777
1778755742.091839 -3.848833 -0.343000 -3.222324 -0.04303183 0.99757879 -0.05462214 -0.00111047
1778755742.376091 -3.857783 -0.345654 -3.234581 -0.02609884 0.99828850 -0.04736461 -0.02226027
1778755742.504848 -3.859079 -0.347842 -3.241698 -0.03771618 0.99744854 -0.04799372 -0.03702038
1778755742.782749 -3.865655 -0.351828 -3.231203 -0.03719860 0.99150896 -0.08247986 -0.09339871
1778755742.921783 -3.871629 -0.354398 -3.228779 -0.01491192 0.98708522 -0.07747778 -0.13941877
1778755743.064629 -3.881005 -0.358041 -3.230210 0.01368280 0.98112808 -0.07818634 -0.17631609
1778755743.064629 -3.881005 -0.358041 -3.230210 0.01368280 0.98112808 -0.07818634 -0.17631609
1778755743.344117 -3.881831 -0.358689 -3.235636 -0.01624030 0.98016722 -0.05381161 -0.19003361
1778755743.909704 -3.885674 -0.359225 -3.247487 -0.06891370 0.97366308 -0.04758941 -0.21205273
1778755744.045384 -3.889368 -0.358867 -3.250032 -0.05077387 0.97021410 -0.04490940 -0.23257206
1778755744.183847 -3.890390 -0.360225 -3.248885 -0.06666128 0.96363610 -0.05347021 -0.25318508
1778755744.324101 -3.892773 -0.365214 -3.251495 -0.05097483 0.96026498 -0.08947092 -0.25939871
1778755744.468276 -3.896086 -0.370424 -3.257784 -0.04917969 0.95703132 -0.11817241 -0.26020701
1778755744.894281 -3.899631 -0.376768 -3.266235 -0.14197838 0.94376372 -0.11885616 -0.27390762
1778755745.310630 -3.901543 -0.378447 -3.270878 -0.12998456 0.95204416 -0.10092592 -0.25793389
1778755746.008381 -3.913891 -0.390018 -3.286879 -0.07603750 0.95050736 -0.11644018 -0.27784122
1778755746.153169 -3.913489 -0.392471 -3.290737 -0.06147426 0.94658488 -0.14717339 -0.28024628
1778755746.572299 -3.916022 -0.392463 -3.293737 -0.09097911 0.95422003 -0.11723619 -0.25969716
1778755746.851704 -3.918831 -0.393216 -3.298027 -0.07023365 0.96123353 -0.10648794 -0.24445380
1778755747.553406 -3.922730 -0.393905 -3.301621 -0.08058120 0.96227537 -0.07512748 -0.24877429
1778755747.828553 -3.927348 -0.394086 -3.307954 -0.06044721 0.96629273 -0.04779731 -0.24564183
1778755748.245093 -3.930770 -0.396089 -3.316937 -0.04096133 0.97112000 -0.03575039 -0.23231449
1778755748.524567 -3.928193 -0.394813 -3.321253 -0.04285859 0.97667144 -0.03830162 -0.20690342
1778755748.524567 -3.928193 -0.394813 -3.321253 -0.04285859 0.97667144 -0.03830162 -0.20690342
1778755748.811615 -3.927132 -0.395024 -3.324283 -0.03228921 0.98206790 -0.04032505 -0.18131172
1778755748.946061 -3.927935 -0.395194 -3.324792 -0.03087308 0.98516598 -0.05266345 -0.16037894
1778755749.085093 -3.926761 -0.395699 -3.330225 -0.04933683 0.98661838 -0.03808887 -0.15066284
1778755749.926429 -3.925766 -0.397718 -3.353890 -0.02637775 0.99088974 -0.04105016 -0.12552542
1778755750.206605 -3.923268 -0.398302 -3.365122 -0.04166791 0.99275667 -0.03905988 -0.10569912
1778755750.766519 -3.918261 -0.399764 -3.379533 -0.03778487 0.99510402 -0.04426398 -0.07988107
1778755750.907074 -3.918180 -0.400262 -3.383304 -0.03994569 0.99665970 -0.04662667 -0.05384914
1778755751.334257 -3.909916 -0.401291 -3.396516 -0.04162665 0.99769723 -0.04400976 -0.03050574
1778755752.172209 -3.898298 -0.403280 -3.418810 -0.05908297 0.99726836 -0.03983366 0.01944972
1778755752.314543 -3.894151 -0.403900 -3.421115 -0.06615685 0.99611178 -0.04665948 0.03474893
1778755752.609119 -3.886283 -0.403607 -3.428174 -0.05666878 0.99561185 -0.04498408 0.05934749
1778755753.168867 -3.879774 -0.404105 -3.440629 -0.00690938 0.99863862 -0.04798673 0.01924702
1778755753.442055 -3.875121 -0.405492 -3.448412 -0.02514796 0.99834873 -0.05159638 0.00228299
1778755753.715950 -3.872553 -0.405785 -3.452850 -0.04869273 0.99668551 -0.04305247 0.04892334
1778755753.855432 -3.869438 -0.406687 -3.455573 -0.06204819 0.99438462 -0.04538881 0.07272629
1778755753.998005 -3.868492 -0.407137 -3.454953 -0.06272390 0.98950553 -0.05253668 0.11909834
1778755753.998005 -3.868492 -0.407137 -3.454953 -0.06272390 0.98950553 -0.05253668 0.11909834
1778755754.143363 -3.867881 -0.407006 -3.455349 -0.05522830 0.98286179 -0.03201985 0.17293716
1778755754.423633 -3.863280 -0.407027 -3.459194 -0.06303082 0.95946246 -0.04196685 0.27147316
1778755754.559141 -3.860245 -0.406840 -3.461257 -0.06483452 0.93763904 -0.04059717 0.33908906
1778755754.700335 -3.855247 -0.406633 -3.461961 -0.06685458 0.93895930 -0.04999385 0.33374618
1778755754.982543 -3.850626 -0.406258 -3.463276 -0.08108410 0.90776342 -0.05468729 0.40792187
1778755755.121347 -3.846572 -0.406240 -3.464681 -0.07026765 0.88137809 -0.05029199 0.46444143
1778755755.270381 -3.844455 -0.406453 -3.465292 -0.07077665 0.85902154 -0.05800784 0.50369410
1778755755.405400 -3.842256 -0.406283 -3.464658 -0.07614653 0.84709821 -0.06213594 0.52226953
1778755755.543616 -3.838920 -0.405622 -3.462235 -0.07709817 0.83994529 -0.06224294 0.53354812
1778755755.684887 -3.836727 -0.405603 -3.461280 -0.06847596 0.81408240 -0.05801507 0.57377273
1778755755.965774 -3.832657 -0.405209 -3.460767 -0.08709497 0.80325146 -0.07015922 0.58504636
1778755756.105627 -3.832208 -0.404932 -3.459256 -0.09349822 0.78527720 -0.06563391 0.60851458
1778755756.413865 -3.830528 -0.405733 -3.459575 -0.06863919 0.71678407 -0.05885062 0.69140861
1778755756.668862 -3.827011 -0.404994 -3.461812 -0.07357190 0.73880601 -0.03839391 0.66878903
1778755757.531064 -3.811594 -0.405705 -3.469248 -0.08055032 0.61447541 -0.04453446 0.78354853
1778755757.655893 -3.811554 -0.406955 -3.467878 -0.05953585 0.55108917 -0.03793056 0.83145504
1778755757.655893 -3.811554 -0.406955 -3.467878 -0.05953585 0.55108917 -0.03793056 0.83145504
1778755757.794028 -3.811122 -0.406915 -3.467854 -0.07078552 0.52622114 -0.02902522 0.84689920
1778755757.937871 -3.808819 -0.406797 -3.467685 -0.06532820 0.51089171 -0.03148880 0.85658061
1778755758.222488 -3.805398 -0.406528 -3.467053 -0.06044177 0.49797768 -0.02547558 0.86470574
1778755758.917340 -3.799834 -0.406254 -3.467241 -0.05499714 0.51589997 -0.01879830 0.85467489
1778755759.058639 -3.798265 -0.406069 -3.467725 -0.05727482 0.53390333 -0.02408167 0.84325969
1778755759.340033 -3.796643 -0.405989 -3.467978 -0.05485722 0.55562557 -0.01816479 0.82942206
1778755759.763939 -3.792501 -0.405811 -3.468918 -0.05812263 0.56764112 -0.02224112 0.82092061
1778755760.321681 -3.785284 -0.405384 -3.469457 -0.06046858 0.53114908 -0.02466865 0.84475776
1778755760.465981 -3.783983 -0.405750 -3.469279 -0.05501076 0.51740332 -0.02236295 0.85367882
1778755760.607897 -3.782233 -0.405071 -3.468917 -0.06455615 0.51112962 -0.02278494 0.85677293
1778755761.023769 -3.778788 -0.404915 -3.467591 -0.06171374 0.49211748 -0.02504378 0.86797731
1778755761.165788 -3.778165 -0.404987 -3.467033 -0.06221530 0.46974608 -0.02677933 0.88019926
1778755761.307516 -3.778549 -0.405395 -3.466069 -0.06105562 0.44912994 -0.02859482 0.89091910
1778755761.446097 -3.777875 -0.405251 -3.464956 -0.06689794 0.42072776 -0.03666639 0.90397367
1778755761.601335 -3.779226 -0.405373 -3.465041 -0.06707294 0.39430954 -0.03340036 0.91591791
1778755761.730555 -3.778330 -0.405238 -3.464938 -0.06404200 0.37941661 -0.02309387 0.92271791
1778755761.730555 -3.778330 -0.405238 -3.464938 -0.06404200 0.37941661 -0.02309387 0.92271791
1778755762.028687 -3.778377 -0.405307 -3.464754 -0.06317855 0.36342404 -0.02486656 0.92914643
1778755762.431587 -3.776072 -0.405077 -3.462889 -0.05719986 0.36963742 -0.01621680 0.92727200
1778755762.712375 -3.775000 -0.404819 -3.462407 -0.05450211 0.38676490 -0.00399415 0.92055770
1778755762.991606 -3.773165 -0.404766 -3.460822 -0.04323349 0.40975371 0.01008658 0.91111526
1778755764.109131 -3.765676 -0.404023 -3.457903 -0.05020314 0.44204043 0.00051339 0.89558899
1778755764.252825 -3.763505 -0.403860 -3.456227 -0.05076242 0.46237531 -0.00327218 0.88522400
1778755764.531467 -3.758701 -0.403237 -3.454565 -0.05179538 0.47667780 -0.00112014 0.87755015
1778755765.241581 -3.757903 -0.403400 -3.454473 -0.05986165 0.45545643 -0.03146170 0.88768586
1778755765.384346 -3.758707 -0.403483 -3.455281 -0.05512994 0.43479040 -0.01948539 0.89863136
1778755765.517752 -3.757769 -0.403470 -3.454775 -0.05356349 0.41194430 -0.02062646 0.90939947
1778755765.672914 -3.756904 -0.403126 -3.453475 -0.05938793 0.39639841 -0.02523233 0.91580822
1778755765.940021 -3.753178 -0.402365 -3.450838 -0.05842662 0.37508883 -0.01730623 0.92498389
1778755766.216106 -3.754507 -0.401925 -3.450593 -0.07173117 0.35578678 -0.03538504 0.93113818
1778755766.355784 -3.751439 -0.400380 -3.448327 -0.09415763 0.34504182 -0.04014064 0.93298940
1778755766.638781 -3.753383 -0.399478 -3.447397 -0.09840613 0.33073290 -0.03423080 0.93795535
1778755766.915916 -3.751975 -0.398355 -3.446351 -0.10542652 0.31537124 -0.02594725 0.94273696
1778755766.915916 -3.751975 -0.398355 -3.446351 -0.10542652 0.31537124 -0.02594725 0.94273696
1778755767.347436 -3.751542 -0.397274 -3.445354 -0.12656982 0.30786774 -0.02238299 0.94270703
1778755767.475845 -3.751214 -0.397325 -3.444994 -0.11398401 0.30151230 -0.03379858 0.94602095
1778755767.756043 -3.750764 -0.396334 -3.443944 -0.12695441 0.32980985 -0.04194593 0.93453121
1778755768.176507 -3.749653 -0.395818 -3.442812 -0.08687866 0.33959057 0.03337606 0.93595747
1778755768.455619 -3.749488 -0.396162 -3.442010 -0.09191710 0.30976993 -0.06955865 0.94379841
1778755768.595331 -3.749096 -0.395561 -3.440489 -0.08339341 0.29612497 -0.11908397 0.94402042
1778755768.741445 -3.749033 -0.395794 -3.441045 -0.05964802 0.31573896 -0.10549320 0.94107503
1778755768.891636 -3.748286 -0.395443 -3.440398 -0.03493700 0.34905007 0.02913745 0.93599918
1778755769.022204 -3.747158 -0.394803 -3.440494 -0.07339112 0.37411684 0.06628169 0.92209385
1778755769.163279 -3.746835 -0.394680 -3.440534 -0.04974045 0.41616938 0.12380802 0.89944456
1778755769.294676 -3.745623 -0.395187 -3.441417 -0.04091786 0.43090910 0.16151582 0.88687976
1778755769.437158 -3.744981 -0.394692 -3.440169 -0.02438632 0.48766645 0.07355097 0.86958438
1778755769.579475 -3.743740 -0.394696 -3.440269 -0.01838999 0.50585548 0.10044991 0.85655231
1778755769.714610 -3.743519 -0.394664 -3.440522 -0.02780631 0.54603965 0.02496589 0.83692545
1778755769.857191 -3.741827 -0.394011 -3.441677 0.01285593 0.57902270 0.09799435 0.80929880
1778755769.997677 -3.740770 -0.393842 -3.442783 0.01482055 0.65323107 0.07709984 0.75307711
1778755769.997677 -3.740770 -0.393842 -3.442783 0.01482055 0.65323107 0.07709984 0.75307711
1778755770.134577 -3.740910 -0.393862 -3.442688 0.03473615 0.72795538 0.08172337 0.67984973
1778755770.275299 -3.740823 -0.393805 -3.442981 0.02667228 0.80567800 0.08451710 0.58568627
1778755770.459013 -3.740528 -0.393764 -3.443253 0.02404889 0.84367058 0.06845392 0.53193577
1778755770.627988 -3.739861 -0.393656 -3.444277 0.05139412 0.86063407 0.08080757 0.50013777
1778755770.769237 -3.739819 -0.393623 -3.444061 0.00602344 0.81583781 0.05707934 0.57542535
1778755770.910234 -3.739592 -0.393665 -3.443832 -0.02522109 0.76347840 0.02588746 0.64482127
1778755771.046479 -3.739456 -0.393626 -3.444269 -0.02518014 0.71697321 0.02994681 0.69600184
1778755771.328272 -3.738403 -0.393527 -3.444977 0.01264808 0.74028394 0.05747626 0.66971352
1778755771.467664 -3.737837 -0.393496 -3.445653 0.03970181 0.79158610 0.07233963 0.60546032
1778755771.606590 -3.737391 -0.393389 -3.446058 0.04486465 0.83998884 0.07611998 0.53536125
1778755772.028069 -3.735802 -0.393205 -3.447229 0.01810827 0.82892849 0.05681537 0.55616693
1778755772.313828 -3.734256 -0.393084 -3.448182 -0.00556279 0.80534775 0.03767005 0.59157842
1778755772.586929 -3.733560 -0.392958 -3.449058 0.02059898 0.84441545 0.05560510 0.53239675
1778755772.726435 -3.734758 -0.393154 -3.447790 0.04504315 0.91828397 0.04994258 0.39016842
1778755772.883533 -3.733829 -0.392948 -3.449134 0.04548297 0.93689976 0.05382472 0.34242231
1778755773.148913 -3.732596 -0.392771 -3.450452 0.03524510 0.91454250 0.05551335 0.39910909
1778755773.148913 -3.732596 -0.392771 -3.450452 0.03524510 0.91454250 0.05551335 0.39910909
1778755773.290851 -3.732518 -0.392762 -3.450443 0.00386725 0.88035477 0.04899946 0.47176219
1778755773.567591 -3.731893 -0.392629 -3.451143 -0.00416861 0.92241307 0.03574793 0.38452417
1778755773.713679 -3.731506 -0.392563 -3.451690 -0.01645155 0.95307839 0.02219369 0.30146041
1778755773.856146 -3.731431 -0.392516 -3.451930 -0.01412116 0.97734885 0.02280091 0.20992843
1778755773.986850 -3.731392 -0.392473 -3.452201 -0.03698772 0.99180302 0.01252032 0.12166313
1778755774.128713 -3.731375 -0.392443 -3.452269 -0.04135135 0.99854744 0.00650879 0.03392203
1778755774.267474 -3.731509 -0.392436 -3.452324 -0.05829625 0.99779234 0.00255464 -0.03170910
1778755774.406535 -3.731984 -0.392501 -3.451926 -0.02940122 0.99917607 0.00931658 -0.02638086
1778755774.547562 -3.732285 -0.392493 -3.451862 -0.03709884 0.99920475 0.01125057 -0.00932569
1778755774.687480 -3.732523 -0.392441 -3.451831 -0.02000675 0.99977985 0.00516552 0.00364613
1778755774.969691 -3.732668 -0.392443 -3.451942 -0.03991097 0.99896831 0.00084919 0.02164966
1778755775.528905 -3.733007 -0.392495 -3.451885 -0.03627411 0.99918539 -0.00315404 0.01740110
1778755775.681471 -3.733481 -0.392623 -3.452011 -0.06676308 0.99549832 0.00111799 0.06726466
1778755775.812771 -3.733364 -0.392582 -3.451859 -0.10198091 0.99051026 0.00348494 -0.09207161
1778755775.949873 -3.733435 -0.392522 -3.451820 -0.04018596 0.98945802 0.00307881 -0.13909867
1778755776.369625 -3.733180 -0.392399 -3.452474 -0.01552348 0.99734153 -0.00174407 -0.07117479
1778755776.369625 -3.733180 -0.392399 -3.452474 -0.01552348 0.99734153 -0.00174407 -0.07117479
1778755776.506229 -3.732782 -0.392346 -3.452625 -0.01426239 0.99349810 -0.00902769 -0.11259046
1778755776.648257 -3.732439 -0.392378 -3.452721 -0.03614248 0.98701296 -0.00180465 -0.15651161
1778755776.787737 -3.732028 -0.392374 -3.452925 -0.04174080 0.97895592 0.00156687 -0.19975124
1778755776.930883 -3.731538 -0.392326 -3.453247 -0.05292594 0.96395596 0.00620570 -0.26067076
1778755777.091067 -3.731196 -0.392364 -3.453441 -0.05097020 0.95615452 0.00534481 -0.28834356
1778755777.207617 -3.731020 -0.392382 -3.453561 -0.04689451 0.95378282 0.00529245 -0.29676795
1778755777.503948 -3.730873 -0.392376 -3.453648 -0.06098174 0.95034736 0.00857431 -0.30503705
1778755777.772758 -3.730646 -0.392325 -3.453788 -0.05420563 0.93916641 0.00057912 -0.33915759
1778755777.909273 -3.730410 -0.392259 -3.454048 -0.06086227 0.93043144 -0.00232034 -0.36136926
1778755778.048448 -3.730166 -0.392221 -3.454261 -0.06293703 0.91876430 0.00313710 -0.38974511
1778755778.331380 -3.730029 -0.391963 -3.454322 -0.09395917 0.92496792 -0.00866201 -0.36814534
1778755778.619894 -3.730011 -0.392206 -3.454414 -0.07156408 0.91270041 0.01102124 -0.40216300
1778755778.751714 -3.730321 -0.392309 -3.454151 -0.06625123 0.93176843 0.02039624 -0.35637391
1778755778.887572 -3.730515 -0.392311 -3.454074 -0.09050122 0.92651215 0.02881906 -0.36407998
1778755779.048767 -3.730936 -0.392399 -3.453647 -0.07618897 0.94657967 0.01769638 -0.31284023
1778755779.169209 -3.731281 -0.392442 -3.453262 -0.07349414 0.95511685 0.01450442 -0.28660082
1778755779.169209 -3.731281 -0.392442 -3.453262 -0.07349414 0.95511685 0.01450442 -0.28660082
1778755779.315898 -3.731452 -0.392469 -3.453174 -0.04116266 0.96040026 0.00831846 -0.27544106
1778755780.850590 -3.731266 -0.392454 -3.453253 -0.02959147 0.95337075 -0.00152412 -0.30034354
1778755780.992128 -3.730965 -0.392511 -3.453467 -0.03079635 0.94734880 0.00128599 -0.31871647
1778755781.135364 -3.730272 -0.392493 -3.454037 -0.02662728 0.92492127 -0.00025272 -0.37922497
1778755781.284420 -3.729821 -0.392402 -3.454562 -0.03284646 0.92868086 0.00261096 -0.36941325
1778755781.413350 -3.729593 -0.392356 -3.454623 -0.06900824 0.96125325 0.00163660 -0.26688456
1778755781.555886 -3.729412 -0.392451 -3.454678 -0.04731221 0.98931225 0.00822525 -0.13767782
1778755781.696948 -3.729385 -0.392404 -3.454986 0.01267175 0.99926619 0.01864097 -0.03096811
1778755781.973268 -3.729119 -0.392397 -3.455612 -0.02116963 0.99970862 -0.00648602 -0.00961525
1778755782.542118 -3.728822 -0.392304 -3.456994 -0.00254983 0.99838723 0.01032275 -0.05576627
1778755782.818814 -3.728665 -0.392178 -3.457665 -0.01086160 0.99533567 0.00222112 -0.09583321
1778755782.956666 -3.728629 -0.392254 -3.457868 -0.02042122 0.99826795 0.00246962 -0.05511786
1778755783.233618 -3.728290 -0.392074 -3.458677 -0.03840365 0.99915528 0.01122786 -0.00937178
1778755783.791699 -3.727890 -0.392110 -3.459374 -0.01470238 0.99964451 0.00489123 0.02169710
1778755784.072412 -3.727856 -0.391962 -3.459884 0.02651556 0.99908857 0.00694374 -0.03272202
1778755784.360582 -3.727827 -0.391946 -3.460466 0.00496807 0.99653847 -0.00925581 -0.08246656
1778755784.360582 -3.727827 -0.391946 -3.460466 0.00496807 0.99653847 -0.00925581 -0.08246656
1778755785.054444 -3.727223 -0.391684 -3.463369 -0.02678482 0.99354766 -0.00125841 -0.11019997
1778755785.890991 -3.726486 -0.391569 -3.465930 -0.04993115 0.99728681 -0.00033481 -0.05409058
1778755786.034344 -3.726181 -0.391568 -3.466516 -0.04466797 0.99871418 -0.00235405 -0.02385842
1778755786.607118 -3.725539 -0.391430 -3.467783 -0.01195559 0.99731914 -0.00435765 -0.07205974
1778755787.014554 -3.725529 -0.391422 -3.470172 -0.00129242 0.98993136 -0.00939835 -0.14122994
1778755787.155775 -3.725399 -0.391369 -3.471201 -0.01753165 0.98427667 -0.01060213 -0.17544138
1778755787.435058 -3.725409 -0.391324 -3.472221 -0.01947911 0.97699365 -0.00751722 -0.21224390
1778755788.553569 -3.725671 -0.391259 -3.476057 -0.06593863 0.98157234 -0.00600998 -0.17925324
1778755788.833019 -3.725616 -0.391210 -3.476797 -0.04944150 0.98767354 -0.00691045 -0.14835353
1778755789.113266 -3.725615 -0.391352 -3.477680 -0.03537403 0.98284233 -0.01411180 -0.18047298
1778755789.396071 -3.725809 -0.391326 -3.478280 -0.01284024 0.97363949 -0.01467539 -0.22725737
1778755789.532931 -3.725877 -0.391142 -3.478697 -0.02325591 0.96621087 -0.01361451 -0.25634034
1778755789.673423 -3.725927 -0.391107 -3.478876 -0.04164516 0.95640460 -0.01430305 -0.28870632
1778755789.816962 -3.726397 -0.391250 -3.479333 -0.03038776 0.94555242 -0.02309624 -0.32322401
1778755789.957739 -3.726616 -0.391086 -3.479669 -0.01985064 0.94138142 -0.01595352 -0.33638141
1778755790.241289 -3.726802 -0.391060 -3.480181 -0.07137468 0.94882968 -0.00810184 -0.30750976
1778755790.241289 -3.726802 -0.391060 -3.480181 -0.07137468 0.94882968 -0.00810184 -0.30750976
1778755790.516390 -3.726810 -0.391059 -3.480419 -0.07756416 0.95901475 -0.00447238 -0.27249681
1778755790.727646 -3.726786 -0.391071 -3.480734 -0.10243468 0.96288375 -0.00258590 -0.24971050
1778755791.143088 -3.726831 -0.391072 -3.481249 -0.07738239 0.95957143 -0.01001475 -0.27043360
1778755791.300614 -3.726818 -0.391027 -3.481212 -0.06718845 0.94952700 -0.00816639 -0.30629642
1778755791.427598 -3.727055 -0.391038 -3.481457 -0.03573559 0.94301832 -0.01419349 -0.33051166
1778755791.569894 -3.727307 -0.391071 -3.481398 -0.05521316 0.92676450 -0.01052680 -0.37141385
1778755791.705963 -3.727561 -0.391046 -3.481932 -0.07993898 0.90636403 -0.00154184 -0.41486338
1778755791.844879 -3.727724 -0.391113 -3.481778 -0.07180087 0.89157459 -0.00475672 -0.44712051
1778755791.986929 -3.727775 -0.391109 -3.482102 -0.06836497 0.87585060 -0.00604710 -0.47767707
1778755792.136425 -3.728016 -0.391145 -3.482104 -0.07073690 0.86769081 -0.00629444 -0.49200542
1778755792.267444 -3.728002 -0.391122 -3.482114 -0.07765127 0.85011106 -0.00189689 -0.52084342
1778755792.405952 -3.728124 -0.391156 -3.481829 -0.08553536 0.83926081 0.00332085 -0.53694876
1778755792.695946 -3.728413 -0.391126 -3.481837 -0.08633984 0.81118214 0.01258623 -0.57824784
1778755793.107373 -3.728652 -0.391169 -3.481690 -0.08641581 0.80517046 0.00908927 -0.58664318
1778755793.247267 -3.728614 -0.391179 -3.481469 -0.08687688 0.79513121 0.01155649 -0.60007100
1778755793.537138 -3.728441 -0.391172 -3.481372 -0.08257812 0.76616932 0.01342147 -0.63716975
1778755793.537138 -3.728441 -0.391172 -3.481372 -0.08257812 0.76616932 0.01342147 -0.63716975
1778755793.819422 -3.728461 -0.391173 -3.481362 -0.07213219 0.75883183 0.00722176 -0.64723956
1778755794.655767 -3.728899 -0.391202 -3.481145 -0.07008032 0.74714323 0.00900473 -0.66089686
1778755795.217212 -3.729292 -0.391192 -3.480953 -0.07676210 0.73478161 0.02267713 -0.67356464
1778755796.069368 -3.729489 -0.391232 -3.480855 -0.10540848 0.74486005 0.04262544 -0.65746151
1778755796.334452 -3.729576 -0.391279 -3.480796 -0.07791013 0.76858418 0.00594870 -0.63495904
1778755796.617555 -3.729616 -0.391269 -3.480824 -0.10269659 0.78178373 0.02535551 -0.61451177
1778755797.036302 -3.729589 -0.391264 -3.480886 -0.11801149 0.79259993 0.03568264 -0.59714771
1778755797.319254 -3.729485 -0.391287 -3.480964 -0.13059851 0.80183081 0.03719008 -0.58191777
1778755797.743881 -3.729605 -0.391299 -3.480897 -0.09836377 0.79749957 0.01413355 -0.59507920
1778755797.878075 -3.729291 -0.391393 -3.480902 -0.01656531 0.78803943 -0.08332699 -0.60973441
1778755798.019681 -3.729267 -0.391432 -3.480848 -0.02676070 0.76157008 -0.09157597 -0.64102162
1778755798.157149 -3.729462 -0.391466 -3.480735 -0.07624326 0.72624109 -0.04245216 -0.68187878
1778755798.438315 -3.729394 -0.391334 -3.480715 -0.01682208 0.71259840 -0.06883066 -0.69798487
1778755798.579745 -3.729890 -0.391244 -3.480497 0.03510325 0.71345127 -0.07259322 -0.69604977
1778755799.012446 -3.729967 -0.391226 -3.480435 0.07972501 0.74567109 -0.10504146 -0.65313463
1778755799.140750 -3.730171 -0.391269 -3.480351 0.06945612 0.76418808 -0.10686250 -0.63227592
1778755799.140750 -3.730171 -0.391269 -3.480351 0.06945612 0.76418808 -0.10686250 -0.63227592
1778755799.277012 -3.730228 -0.391255 -3.480325 0.03386899 0.78015112 -0.08720764 -0.61855634
1778755799.563776 -3.730288 -0.391355 -3.480294 0.06588723 0.78790554 -0.14068435 -0.59587889
1778755799.713454 -3.730315 -0.391398 -3.480288 0.06580895 0.79679131 -0.16627677 -0.57718699
1778755799.981520 -3.730352 -0.391437 -3.480298 -0.00864526 0.81676842 -0.09508803 -0.56901043
1778755800.122577 -3.730526 -0.391461 -3.480252 -0.05079213 0.80393952 -0.03381701 -0.59157233
1778755800.405326 -3.730626 -0.391478 -3.480200 -0.06684467 0.78673108 0.00044226 -0.61366587
1778755800.685029 -3.730800 -0.391495 -3.480151 -0.06961001 0.77177004 0.01298669 -0.63194683
1778755801.103894 -3.730833 -0.391503 -3.480110 -0.10116851 0.75818781 0.02994316 -0.64344354
1778755801.384019 -3.730867 -0.391489 -3.480095 -0.08088839 0.73971203 0.01436693 -0.66788979
1778755803.496810 -3.731587 -0.391544 -3.479730 -0.04833758 0.73431183 -0.00788386 -0.67704317
1778755804.601202 -3.731810 -0.391537 -3.479586 -0.06841046 0.72105141 0.00402695 -0.68948434
1778755805.303769 -3.731925 -0.391556 -3.479519 0.04743223 -0.70426458 0.01613223 0.70816759
1778755805.863407 -3.732111 -0.391576 -3.479429 -0.08161564 0.73512827 0.01014454 -0.67292079
1778755806.151168 -3.732145 -0.391584 -3.479408 -0.07640849 0.75699850 -0.01112269 -0.64883842
1778755806.704082 -3.732223 -0.391582 -3.479355 -0.07829528 0.73750075 -0.00594741 -0.67076607
1778755810.371078 -3.732863 -0.391656 -3.479059 -0.09293663 0.73276504 0.02700965 -0.67356414
1778755810.371078 -3.732863 -0.391656 -3.479059 -0.09293663 0.73276504 0.02700965 -0.67356414
1778755811.604507 -3.733369 -0.391724 -3.478835 -0.06044313 0.76010874 -0.00957122 -0.64690782
1778755811.745911 -3.733526 -0.391720 -3.478794 -0.09276951 0.76970371 0.02718319 -0.63103969
1778755812.165154 -3.733789 -0.391776 -3.478722 -0.12379006 0.76148960 0.04022789 -0.63497349
1778755812.309533 -3.733928 -0.391773 -3.478665 -0.07544562 0.75712729 0.01436568 -0.64873712
1778755812.869395 -3.734311 -0.391820 -3.478449 -0.08398996 0.71992662 0.02362965 -0.68854410
1778755813.004976 -3.734403 -0.391841 -3.478355 0.05187582 -0.67405993 0.00615634 0.73682713
1778755813.144316 -3.734405 -0.391756 -3.478318 0.05545534 -0.58201014 -0.03049008 0.81071527
1778755813.281155 -3.734468 -0.391811 -3.478047 0.04812672 -0.46779409 -0.02770490 0.88209124
1778755813.425498 -3.733605 -0.391673 -3.478265 0.00609232 -0.48384632 0.03015040 0.87461224
1778755813.561093 -3.733115 -0.391499 -3.478912 0.04878207 0.71299123 0.02179010 -0.69913447
1778755813.700048 -3.733473 -0.391656 -3.478422 -0.06901972 -0.29210239 0.21895854 0.92842319
1778755813.844911 -3.734089 -0.391888 -3.477869 -0.05880625 -0.19268834 0.34632212 0.91622815
1778755813.986076 -3.734344 -0.391899 -3.478012 -0.01494891 -0.20090846 0.12678712 0.97125555
1778755814.132080 -3.734582 -0.391829 -3.477823 0.04456371 -0.34083454 -0.03392224 0.93845361
1778755814.266073 -3.734781 -0.391804 -3.477775 0.08551420 -0.43879858 -0.09084184 0.88988251
1778755814.410559 -3.734874 -0.391810 -3.477669 0.11554071 -0.51801062 -0.11112412 0.84021829
1778755814.410559 -3.734874 -0.391810 -3.477669 0.11554071 -0.51801062 -0.11112412 0.84021829
1778755814.543927 -3.734899 -0.391811 -3.477670 0.13370117 -0.54845951 -0.12245122 0.81628541
1778755814.693815 -3.735073 -0.391845 -3.477599 0.13884451 -0.60737874 -0.09184922 0.77677345
1778755814.832507 -3.735108 -0.391821 -3.477666 0.14858869 -0.63907011 -0.11612397 0.74567152
1778755814.973185 -3.735178 -0.391840 -3.477645 0.13312071 -0.66976297 -0.08398382 0.72570184
1778755815.250051 -3.735298 -0.391869 -3.477589 0.13001207 -0.63456859 -0.07677628 0.75797426
1778755815.528422 -3.735441 -0.391892 -3.477480 0.09593793 -0.61214507 -0.05135124 0.78322243
1778755815.668421 -3.735505 -0.391905 -3.477396 0.08090619 -0.59007557 -0.03375336 0.80257443
1778755815.808280 -3.735539 -0.391913 -3.477285 0.07501508 -0.54069798 -0.04086455 0.83686828
1778755815.957325 -3.735485 -0.391954 -3.477242 0.06512055 -0.43999514 -0.02400020 0.89531424
1778755816.107322 -3.735431 -0.391925 -3.477216 0.00711835 -0.39311606 0.05264569 0.91795290
1778755816.252319 -3.735409 -0.391952 -3.477157 0.00693121 -0.35769441 0.07760220 0.93058292
1778755816.512710 -3.735497 -0.391971 -3.477098 0.04859292 -0.38473972 -0.00342807 0.92173875
1778755816.652967 -3.735655 -0.391983 -3.477000 0.08063877 -0.44955141 -0.07647628 0.88631388
1778755816.891712 -3.735678 -0.392002 -3.476978 0.11960144 -0.52331696 -0.11395029 0.83597260
1778755817.021917 -3.735749 -0.392023 -3.476932 0.12986345 -0.56643945 -0.10561600 0.80692446
1778755817.169097 -3.735790 -0.392036 -3.476894 0.10568720 -0.60931422 -0.07202121 0.78254671
1778755817.169097 -3.735790 -0.392036 -3.476894 0.10568720 -0.60931422 -0.07202121 0.78254671
1778755817.573763 -3.735908 -0.392073 -3.476826 0.11986223 -0.63805317 -0.05611080 0.75853330
1778755817.709150 -3.735951 -0.392088 -3.476772 0.10731955 -0.60554629 -0.05488114 0.78662841
1778755817.852164 -3.736003 -0.392110 -3.476676 0.07535417 -0.51888261 -0.01163002 0.85143839
1778755817.989829 -3.736002 -0.392137 -3.476550 0.01790992 -0.45169339 0.08116902 0.88829269
1778755818.139874 -3.735799 -0.392139 -3.476367 0.02700806 -0.51217037 0.05210861 0.85687617
1778755818.270630 -3.735740 -0.392200 -3.476199 0.06063053 -0.47138844 0.00140940 0.87983799
1778755818.409010 -3.735643 -0.392177 -3.475932 0.00991887 -0.60222655 0.05746963 0.79619221
1778755818.553932 -3.735690 -0.392181 -3.475859 0.00698719 -0.53562639 0.06104751 0.84221657
1778755818.839216 -3.735791 -0.392238 -3.475803 0.04825655 -0.55830180 -0.02494192 0.82785766
1778755818.973353 -3.735887 -0.392231 -3.475867 0.08367735 -0.60677465 -0.04864866 0.78895877
1778755819.121452 -3.735969 -0.392191 -3.475945 0.12171753 -0.59728991 -0.07174578 0.78948221
1778755819.256055 -3.736037 -0.392194 -3.475936 0.13661364 -0.59314062 -0.08153738 0.78922276
1778755819.395940 -3.736110 -0.392189 -3.475993 0.12262719 -0.56053246 -0.06606284 0.81633427
1778755819.534318 -3.736181 -0.392215 -3.476012 0.13282991 -0.58769912 -0.07352866 0.79470718
1778755819.676232 -3.736281 -0.392235 -3.476017 0.13615854 -0.61589759 -0.08470996 0.77133341
1778755819.818319 -3.736317 -0.392259 -3.476032 0.15531211 -0.67349805 -0.07620123 0.71865979
1778755819.818319 -3.736317 -0.392259 -3.476032 0.15531211 -0.67349805 -0.07620123 0.71865979
1778755819.960561 -3.736336 -0.392255 -3.476051 -0.15021260 0.71552123 0.07788277 -0.67779039
1778755820.097905 -3.736369 -0.392247 -3.476077 -0.17924445 0.74581793 0.08273262 -0.63622508
1778755820.240517 -3.736451 -0.392272 -3.476039 -0.17398014 0.76251163 0.07128824 -0.61905163
1778755821.087664 -3.736846 -0.392343 -3.475992 -0.12053866 0.79550617 0.03222989 -0.59296004
1778755821.788109 -3.737220 -0.392406 -3.475957 -0.09543795 0.78839324 0.00895587 -0.60765738
1778755822.075345 -3.737396 -0.392437 -3.475916 -0.08738774 0.77593975 0.00584816 -0.62469727
1778755822.774327 -3.737686 -0.392499 -3.475879 -0.12281065 0.79539141 0.03505231 -0.59248745
1778755823.050398 -3.737825 -0.392506 -3.475902 -0.13367300 0.80812207 0.04101356 -0.57217841
1778755823.189321 -3.737896 -0.392525 -3.475985 -0.17001163 0.82041313 0.06166432 -0.54241668
1778755823.330757 -3.737960 -0.392521 -3.476029 -0.16801031 0.84105323 0.05435033 -0.51131990
1778755823.471759 -3.737964 -0.392503 -3.476046 -0.15663686 0.85175372 0.04880818 -0.49759246
1778755823.612718 -3.738022 -0.392537 -3.476083 -0.17249306 0.85897842 0.04836619 -0.47964876
1778755823.985476 -3.738039 -0.392548 -3.476128 -0.16890757 0.86950569 0.04085919 -0.46234252
1778755824.390261 -3.738086 -0.392561 -3.476181 -0.16208156 0.87643548 0.03101229 -0.45235899
1778755825.371330 -3.738168 -0.392593 -3.476286 -0.17435870 0.88829315 0.03784206 -0.42320480
1778755826.200863 -3.738293 -0.392541 -3.476443 -0.14910774 0.90078425 0.04976806 -0.40481819
1778755826.200863 -3.738293 -0.392541 -3.476443 -0.14910774 0.90078425 0.04976806 -0.40481819
1778755827.258908 -3.738366 -0.392505 -3.476606 -0.15764462 0.91276640 0.04695167 -0.37390001
1778755827.479408 -3.738378 -0.392490 -3.476719 -0.13779062 0.93329982 0.03550596 -0.32970369
1778755827.607055 -3.738375 -0.392476 -3.476741 -0.15654022 0.94585833 0.03257363 -0.28246439
1778755827.751131 -3.738359 -0.392440 -3.476862 -0.16948097 0.95302490 0.04905340 -0.24619810
1778755827.890893 -3.738339 -0.392435 -3.476942 -0.17111731 0.95869373 0.04037021 -0.22359661
1778755828.182936 -3.738303 -0.392381 -3.477095 -0.18109891 0.96194291 0.04604681 -0.19937081
1778755829.011386 -3.738218 -0.392301 -3.477466 -0.18457225 0.96814784 0.04498805 -0.16309176
1778755829.158991 -3.738165 -0.392302 -3.477467 -0.18867658 0.97525162 0.03211918 -0.11069684
1778755829.323169 -3.738128 -0.392267 -3.477565 -0.20565205 0.97610058 0.04176498 -0.05648525
1778755829.583677 -3.738069 -0.392209 -3.477716 -0.21937759 0.97478356 0.03882774 0.01276269
1778755830.000368 -3.738017 -0.392171 -3.477843 -0.18963024 0.97984272 0.03886018 0.04938128
1778755830.272764 -3.738013 -0.392194 -3.477884 -0.18387934 0.97585771 0.02095768 0.11597800
1778755830.411800 -3.737985 -0.392165 -3.477936 -0.21763157 0.95538144 0.02492679 0.19814505
1778755830.557529 -3.737946 -0.392152 -3.477986 -0.23299258 0.93939443 0.00613610 0.25142575
1778755830.975317 -3.737902 -0.392112 -3.478068 -0.14780225 0.93060245 0.02733668 0.33374583
1778755831.533722 -3.737859 -0.392077 -3.478207 -0.15707973 0.95158111 0.02797207 0.26274875
1778755831.533722 -3.737859 -0.392077 -3.478207 -0.15707973 0.95158111 0.02797207 0.26274875
1778755831.672741 -3.737824 -0.392051 -3.478266 -0.19302938 0.96999198 0.01769719 0.14677202
1778755831.814499 -3.737799 -0.392032 -3.478367 -0.13389584 0.98626578 0.03111320 0.09156243
1778755831.958418 -3.737786 -0.392016 -3.478444 -0.20046644 0.97915260 0.02532512 -0.02078536
1778755832.096462 -3.737791 -0.392019 -3.478474 -0.20315852 0.97306248 0.02351831 -0.10640923
1778755832.234298 -3.737806 -0.392010 -3.478528 -0.22587515 0.96462645 0.03017725 -0.13253511
1778755832.390502 -3.737826 -0.392036 -3.478528 -0.21225272 0.97037515 0.03056508 -0.11129519
1778755832.516963 -3.737846 -0.392040 -3.478536 -0.21730972 0.97075397 0.03137283 -0.09710279
1778755832.653597 -3.737869 -0.392051 -3.478532 -0.26901059 0.95993316 0.02935329 -0.07280120
1778755832.795633 -3.737898 -0.392073 -3.478531 -0.25365809 0.96592182 0.02989309 -0.04194068
1778755832.936767 -3.737916 -0.392084 -3.478538 -0.26224113 0.96453464 0.02873629 -0.00876062
1778755833.074869 -3.737922 -0.392088 -3.478528 -0.28007722 0.95803564 0.03205991 -0.05192906
