# camera_optical trajectory from onboard odometry (NOT ground truth)
1778755699.818943 0.053408 -30.661995 0.256897 0.286892 -0.632432 0.656366 -0.294801
1778755699.972100 0.064046 -30.670109 0.307767 0.288915 -0.636978 0.652527 -0.291540
1778755700.096585 0.072263 -30.677840 0.323316 0.290048 -0.640625 0.649650 -0.288837
1778755700.243113 0.074805 -30.680072 0.324531 0.291069 -0.642423 0.647594 -0.288433
1778755700.382901 0.071662 -30.676769 0.325479 0.291168 -0.641560 0.648182 -0.288932
1778755700.521045 0.070561 -30.676043 0.325833 0.290830 -0.641296 0.648617 -0.288882
1778755700.668352 0.071278 -30.676803 0.325690 0.290795 -0.641547 0.648491 -0.288645
1778755700.825217 0.071486 -30.676690 0.325695 0.291036 -0.641442 0.648421 -0.288790
1778755700.938241 0.071367 -30.676805 0.325702 0.290870 -0.641511 0.648442 -0.288759
1778755701.078072 0.071434 -30.676760 0.325691 0.290948 -0.641495 0.648403 -0.288804
1778755701.214695 0.071509 -30.676747 0.325655 0.291035 -0.641506 0.648342 -0.288826
1778755701.358088 0.071407 -30.676794 0.325698 0.290918 -0.641506 0.648396 -0.288823
1778755701.506227 0.071492 -30.676691 0.325705 0.291046 -0.641440 0.648378 -0.288882
1778755701.639220 0.071090 -30.676529 0.325375 0.291700 -0.640852 0.648780 -0.288627
1778755701.781536 0.074842 -30.663253 0.320412 0.305706 -0.634282 0.644994 -0.297007
1778755701.926425 0.089023 -30.644400 0.314602 0.336313 -0.623274 0.630493 -0.317651
1778755702.057369 0.108406 -30.615197 0.317063 0.374621 -0.600528 0.615813 -0.346121
1778755702.205913 0.120778 -30.594753 0.315453 0.396121 -0.586642 0.602088 -0.369363
1778755702.339331 0.127878 -30.585519 0.314805 0.404548 -0.580540 0.594273 -0.382301
1778755702.484069 0.130357 -30.590316 0.313674 0.404793 -0.584371 0.599736 -0.367383
1778755702.616605 0.124715 -30.609929 0.311320 0.386595 -0.601669 0.614901 -0.332318
1778755702.757092 0.111517 -30.636722 0.309511 0.344563 -0.625400 0.635126 -0.294560
1778755702.894683 0.100281 -30.652875 0.308053 0.315097 -0.640436 0.645445 -0.271950
1778755703.044032 0.093739 -30.663079 0.302415 0.301422 -0.648980 0.649115 -0.258106
1778755703.177815 0.087601 -30.667908 0.301156 -0.291447 0.655384 -0.647725 0.256872
1778755703.315350 0.088380 -30.665527 0.301823 -0.284273 0.657026 -0.649327 0.256672
1778755703.455966 0.092374 -30.662316 0.303415 -0.284324 0.655942 -0.649032 0.260109
1778755703.597975 0.093931 -30.660954 0.303929 -0.285349 0.655141 -0.648557 0.262184
1778755703.736456 0.095429 -30.659521 0.304294 -0.286641 0.654277 -0.648153 0.263925
1778755703.880706 0.096659 -30.658492 0.304636 -0.287658 0.653558 -0.647870 0.265290
1778755704.018455 0.097740 -30.657518 0.304839 -0.288597 0.653014 -0.647465 0.266596
1778755704.169194 0.098849 -30.656435 0.305242 -0.289567 0.652265 -0.647324 0.267718
1778755704.299914 0.099557 -30.655839 0.305405 -0.290073 0.651931 -0.647065 0.268609
1778755704.438437 0.099986 -30.655531 0.305476 -0.290342 0.651755 -0.646870 0.269213
1778755704.580170 0.100454 -30.655337 0.305492 -0.290621 0.651615 -0.646676 0.269719
1778755704.718033 0.100723 -30.655129 0.305506 -0.290782 0.651522 -0.646519 0.270146
1778755704.859895 0.100875 -30.655047 0.305534 -0.290880 0.651450 -0.646465 0.270342
1778755704.999884 0.100965 -30.655004 0.305541 -0.290911 0.651431 -0.646423 0.270456
1778755705.140326 0.101100 -30.654960 0.305518 -0.291025 0.651415 -0.646344 0.270560
1778755705.278235 0.101247 -30.654884 0.305518 -0.291123 0.651384 -0.646284 0.270671
1778755705.436024 0.101518 -30.654625 0.305584 -0.291363 0.651226 -0.646218 0.270951
1778755705.558687 0.101694 -30.654503 0.305633 -0.291489 0.651131 -0.646163 0.271176
1778755705.706220 0.101774 -30.654397 0.305732 -0.291553 0.651018 -0.646214 0.271255
1778755705.839401 0.101979 -30.654200 0.305807 -0.291797 0.650842 -0.646210 0.271426
1778755705.991170 0.101912 -30.654231 0.305868 -0.291702 0.650830 -0.646244 0.271476
1778755706.126355 0.101970 -30.654257 0.305829 -0.291704 0.650868 -0.646189 0.271513
1778755706.257839 0.101993 -30.654226 0.305836 -0.291749 0.650840 -0.646156 0.271611
1778755706.397072 0.102028 -30.654300 0.305782 -0.291740 0.650912 -0.646121 0.271530
1778755706.537413 0.102047 -30.654247 0.305800 -0.291791 0.650867 -0.646095 0.271646
1778755706.677859 0.102118 -30.654259 0.305767 -0.291839 0.650886 -0.646046 0.271665
1778755706.832816 0.102155 -30.654269 0.305743 -0.291866 0.650905 -0.646047 0.271590
1778755706.955391 0.102196 -30.654203 0.305756 -0.291945 0.650854 -0.646035 0.271655
1778755707.097014 0.102174 -30.654218 0.305782 -0.291905 0.650858 -0.646058 0.271635
1778755707.240460 0.102225 -30.654185 0.305762 -0.291955 0.650824 -0.646043 0.271696
1778755707.376227 0.102209 -30.654194 0.305785 -0.291924 0.650822 -0.646029 0.271767
1778755707.519022 0.102274 -30.654207 0.305735 -0.291981 0.650864 -0.645967 0.271751
1778755707.656255 0.102307 -30.654117 0.305770 -0.292058 0.650786 -0.645963 0.271867
1778755707.800049 0.102270 -30.654187 0.305791 -0.291965 0.650801 -0.646014 0.271807
1778755707.941134 0.102273 -30.654135 0.305812 -0.291997 0.650760 -0.646014 0.271874
1778755708.084275 0.102281 -30.654140 0.305829 -0.291988 0.650744 -0.646022 0.271902
1778755708.217664 0.102241 -30.654190 0.305844 -0.291908 0.650762 -0.646057 0.271863
1778755708.367465 0.102328 -30.654133 0.305814 -0.292039 0.650742 -0.645986 0.271936
1778755708.498299 0.102297 -30.654188 0.305799 -0.291974 0.650791 -0.645975 0.271917
1778755708.636872 0.102306 -30.654192 0.305795 -0.291960 0.650803 -0.645966 0.271923
1778755708.776334 0.102305 -30.654128 0.305837 -0.291984 0.650740 -0.646010 0.271945
1778755708.918833 0.102311 -30.654143 0.305837 -0.291980 0.650743 -0.646041 0.271868
1778755709.057645 0.102397 -30.654092 0.305807 -0.292088 0.650734 -0.645968 0.271947
1778755709.197639 0.102380 -30.654132 0.305815 -0.292039 0.650746 -0.645980 0.271941
1778755709.337101 0.102375 -30.654171 0.305814 -0.292002 0.650766 -0.645984 0.271926
1778755709.493439 0.102442 -30.654099 0.305793 -0.292132 0.650740 -0.645919 0.272002
1778755709.617100 0.102459 -30.654135 0.305759 -0.292096 0.650784 -0.645907 0.271964
1778755709.757750 0.102527 -30.654073 0.305738 -0.292204 0.650773 -0.645858 0.271990
1778755709.904078 0.102479 -30.654121 0.305743 -0.292136 0.650801 -0.645876 0.271955
1778755710.038794 0.102524 -30.654117 0.305742 -0.292148 0.650796 -0.645887 0.271926
1778755710.183532 0.102509 -30.654083 0.305759 -0.292157 0.650773 -0.645892 0.271961
1778755710.319646 0.103065 -30.653553 0.305762 -0.292782 0.650519 -0.645370 0.273131
1778755710.458801 0.115324 -30.640471 0.308123 -0.310487 0.641004 -0.638963 0.290581
1778755710.597970 0.139368 -30.614485 0.312405 0.344553 -0.621618 0.624163 -0.324492
1778755710.736744 0.167451 -30.578485 0.313605 0.390559 -0.593113 0.598183 -0.371292
1778755710.881766 0.189522 -30.526093 0.314059 0.440506 -0.553131 0.553828 -0.439630
1778755711.020326 0.194672 -30.480384 0.304866 -0.483248 0.526079 -0.510992 0.478121
1778755711.161118 0.195092 -30.462385 0.288798 -0.504137 0.518313 -0.498052 0.478687
1778755711.303495 0.193186 -30.439200 0.290707 0.527191 -0.494440 0.477753 -0.499350
1778755711.441826 0.187574 -30.386701 0.297278 0.571615 -0.438586 0.430267 -0.543847
1778755711.577190 0.153056 -30.300278 0.303628 0.625186 -0.343184 0.327780 -0.619619
1778755711.725183 0.056279 -30.204732 0.298122 0.691168 -0.205882 0.182688 -0.668225
1778755711.866813 -0.070836 -30.149765 0.306291 0.711635 -0.041785 0.051967 -0.699378
1778755712.000175 -0.188133 -30.147931 0.308583 -0.700318 -0.110555 0.068914 0.701842
1778755712.146992 -0.312061 -30.198548 0.288119 0.682018 0.264914 -0.192284 -0.653987
1778755712.280794 -0.381304 -30.242470 0.292937 0.642951 0.331353 -0.284667 -0.629113
1778755712.422515 -0.442929 -30.277380 0.311286 -0.597789 -0.389349 0.338454 0.613599
1778755712.567732 -0.534805 -30.286599 0.312209 -0.579483 -0.413826 0.385182 0.587012
1778755712.701826 -0.635647 -30.274442 0.319353 -0.561444 -0.424006 0.403718 0.584817
1778755712.843941 -0.731013 -30.215605 0.307618 -0.589636 -0.401118 0.370846 0.594900
1778755712.981817 -0.823736 -30.146922 0.292906 0.620271 0.364371 -0.362258 -0.592677
1778755713.125464 -0.905240 -30.029296 0.310671 0.641450 0.305045 -0.317819 -0.628077
1778755713.260751 -0.933442 -29.912472 0.320314 -0.656033 -0.227987 0.224113 0.683678
1778755713.400386 -0.940416 -29.781779 0.306273 0.698918 0.118060 -0.188738 -0.679672
1778755713.538141 -0.938876 -29.628252 0.304060 0.713952 0.066431 -0.113467 -0.687739
1778755713.693506 -0.993331 -29.482903 0.302457 0.707890 0.081662 -0.097589 -0.694766
1778755713.824579 -1.060547 -29.370987 0.321583 -0.692102 -0.126746 0.127462 0.699059
1778755713.961240 -1.131030 -29.247715 0.302673 0.693000 0.155674 -0.142112 -0.689435
1778755714.103589 -1.208049 -29.119796 0.301691 -0.684011 -0.169095 0.157877 0.691817
1778755714.244819 -1.253951 -28.954974 0.316256 -0.687654 -0.135590 0.130672 0.701194
1778755714.382841 -1.289966 -28.821274 0.319245 -0.689829 -0.107997 0.122581 0.705299
1778755714.523777 -1.375879 -28.714220 0.306481 0.691169 0.150796 -0.165396 -0.687161
1778755714.661547 -1.451796 -28.634846 0.299920 -0.671603 -0.184300 0.193484 0.691047
1778755714.800524 -1.535434 -28.540897 0.325010 -0.658400 -0.217507 0.196783 0.693165
1778755714.941046 -1.611474 -28.451466 0.310562 -0.670303 -0.226978 0.221292 0.670973
1778755715.086958 -1.707357 -28.351291 0.300774 -0.660965 -0.241790 0.223591 0.674293
1778755715.230667 -1.852710 -28.261617 0.321982 -0.637326 -0.289489 0.260758 0.664844
1778755715.367733 -1.982972 -28.222721 0.317921 -0.608079 -0.349792 0.313996 0.639759
1778755715.505195 -2.083026 -28.198855 0.297970 -0.591049 -0.389120 0.334718 0.622262
1778755715.645779 -2.184227 -28.168600 0.311499 -0.575942 -0.398691 0.360112 0.616162
1778755715.787004 -2.201766 -28.163515 0.307959 -0.575319 -0.400018 0.363347 0.613980
1778755715.930813 -2.219611 -28.158345 0.304362 -0.574675 -0.401363 0.366635 0.611747
1778755716.081797 -2.334003 -28.123963 0.317953 -0.562497 -0.407773 0.391096 0.603624
1778755716.264086 -2.608566 -28.041861 0.303170 -0.564708 -0.432954 0.413187 0.568271
1778755716.367440 -2.707778 -28.012874 0.317406 -0.553539 -0.437331 0.411047 0.577388
1778755716.489419 -2.788152 -27.990739 0.318793 -0.554181 -0.433435 0.413626 0.577868
1778755716.631521 -2.911424 -27.961371 0.315203 -0.551167 -0.427692 0.430058 0.573013
1778755716.772073 -3.050431 -27.927854 0.323369 -0.549340 -0.430535 0.429364 0.573159
1778755716.919155 -3.184334 -27.903739 0.308676 -0.541755 -0.461955 0.429624 0.555448
1778755717.049887 -3.334570 -27.931883 0.309455 -0.507442 -0.496368 0.473460 0.521495
1778755717.192970 -3.470023 -27.979209 0.311986 0.455787 0.529213 -0.510818 -0.501255
1778755717.336385 -3.558620 -28.062626 0.309265 0.395195 0.602434 -0.539508 -0.435689
1778755717.476210 -3.629143 -28.202437 0.307874 0.284465 0.656581 -0.604353 -0.350341
1778755717.615689 -3.620655 -28.321804 0.286238 0.173980 0.712032 -0.633150 -0.248722
1778755717.753742 -3.635188 -28.429291 0.290761 0.093865 0.722079 -0.661983 -0.177681
1778755717.892907 -3.658365 -28.528793 0.303661 0.059710 0.711372 -0.689791 -0.120717
1778755718.036657 -3.688207 -28.615936 0.298294 0.069462 0.721355 -0.677645 -0.124980
1778755718.182053 -3.722712 -28.699186 0.299191 0.087852 0.712509 -0.683034 -0.134455
1778755718.322326 -3.764805 -28.767635 0.300982 0.110635 0.706663 -0.686852 -0.128927
1778755718.460671 -3.809350 -28.830838 0.312671 -0.132764 -0.691362 0.698670 0.127484
1778755718.600949 -3.842894 -28.896962 0.305294 0.137370 0.701131 -0.686187 -0.136721
1778755718.743522 -3.873156 -28.976133 0.308987 0.129419 0.696757 -0.690582 -0.144492
1778755718.891804 -3.910414 -29.049962 0.305038 0.132198 0.698687 -0.688760 -0.141316
1778755719.027618 -3.958000 -29.107827 0.308628 0.149276 0.692349 -0.685712 -0.167838
1778755719.163499 -4.010701 -29.165544 0.309657 0.169706 0.690750 -0.676312 -0.191484
1778755719.310957 -4.064213 -29.226237 0.296199 0.188566 0.696547 -0.664240 -0.195065
1778755719.446315 -4.115772 -29.286306 0.297960 0.200608 0.689012 -0.667973 -0.197056
1778755719.585577 -4.161901 -29.340476 0.305649 0.206082 0.681357 -0.671151 -0.206976
1778755719.759497 -4.206355 -29.417818 0.303921 0.189441 0.690510 -0.664865 -0.212751
1778755719.865990 -4.224925 -29.479305 0.308997 0.167869 0.691158 -0.672421 -0.204868
1778755720.017582 -4.261778 -29.563463 0.301413 0.156495 0.695758 -0.675327 -0.188054
1778755720.147076 -4.287368 -29.619908 0.309338 0.155625 0.691273 -0.683208 -0.176493
1778755720.290653 -4.322633 -29.696349 0.305400 0.146376 0.696800 -0.677986 -0.182697
1778755720.438585 -4.341086 -29.743040 0.304688 0.144497 0.701886 -0.674092 -0.179098
1778755720.570077 -4.402630 -29.822283 0.294091 0.171170 0.698751 -0.668271 -0.189372
1778755720.713351 -4.458459 -29.871633 0.309386 0.195240 0.683446 -0.675116 -0.197486
1778755720.874389 -4.511645 -29.922822 0.311021 -0.210207 -0.672280 0.679097 0.206592
1778755720.991961 -4.558251 -29.980911 0.308806 0.212755 0.679910 -0.666218 -0.220482
1778755721.133446 -4.608644 -30.049602 0.306839 0.213036 0.677870 -0.666971 -0.224181
1778755721.268805 -4.652454 -30.108721 0.304115 0.211173 0.681327 -0.666242 -0.217536
1778755721.411881 -4.673115 -30.181034 0.310551 -0.183221 -0.681254 0.682730 0.190273
1778755721.551695 -4.686737 -30.263991 0.303347 0.149397 0.698436 -0.678470 -0.171893
1778755721.691090 -4.688902 -30.340738 0.313574 0.114766 0.696747 -0.689638 -0.160534
1778755721.839328 -4.703310 -30.422281 0.303184 0.111502 0.704917 -0.688640 -0.128197
1778755721.988339 -4.723691 -30.497664 0.309967 0.103881 0.698402 -0.698123 -0.118608
1778755722.116531 -4.730497 -30.568855 0.301229 0.082465 0.709720 -0.690618 -0.112002
1778755722.251588 -4.707628 -30.649333 0.310567 0.034078 0.714106 -0.694849 -0.077953
1778755722.403857 -4.685515 -30.738952 0.297721 -0.000829 0.707435 -0.705602 -0.040748
1778755722.540172 -4.667584 -30.804825 0.307438 0.021372 -0.697074 0.716157 0.027395
1778755722.680827 -4.649971 -30.878808 0.322824 0.035178 -0.689935 0.722863 0.014843
1778755722.820679 -4.635819 -30.944341 0.331576 0.042546 -0.691238 0.721370 0.002186
1778755722.960252 -4.618371 -31.020906 0.325603 0.046900 -0.683892 0.728032 -0.007840
1778755723.097172 -4.605208 -31.076004 0.332162 0.047470 -0.669335 0.741307 -0.014188
1778755723.239053 -4.586230 -31.156814 0.337189 0.063442 -0.665607 0.743572 -0.006617
1778755723.381759 -4.562645 -31.220553 0.327855 0.078379 -0.673014 0.735233 -0.018475
1778755723.528800 -4.533888 -31.286431 0.320888 0.087556 -0.669984 0.736672 -0.027763
1778755723.656618 -4.504284 -31.355479 0.332453 0.089530 -0.679261 0.727175 -0.042493
1778755723.800982 -4.475272 -31.429821 0.331344 0.100094 -0.678892 0.726543 -0.034967
1778755723.935909 -4.452935 -31.493223 0.318799 0.104299 -0.692769 0.712786 -0.033612
1778755724.075534 -4.427640 -31.568155 0.298545 -0.104758 0.704450 -0.701025 0.036611
1778755724.216162 -4.402097 -31.647386 0.285243 -0.098675 0.722065 -0.682812 0.051509
1778755724.356801 -4.384853 -31.744112 0.301823 -0.089129 0.715890 -0.689728 0.061916
1778755724.497348 -4.362220 -31.856894 0.260479 -0.099423 0.745983 -0.657365 0.038674
1778755724.652788 -4.334002 -31.983896 0.252147 -0.107891 0.749063 -0.652461 0.039468
1778755724.777553 -4.328046 -32.057519 0.279469 -0.100812 0.733546 -0.670121 0.051817
1778755724.919671 -4.308893 -32.166597 0.285498 -0.087100 0.725767 -0.679835 0.059164
1778755725.062339 -4.271512 -32.327301 0.303341 -0.086132 0.705931 -0.699722 0.068057
1778755725.199516 -4.217892 -32.443404 0.301999 -0.112345 0.712374 -0.685511 0.099885
1778755725.336986 -4.133950 -32.498141 0.289109 -0.203547 0.706796 -0.663600 0.136538
1778755725.474014 -3.980632 -32.551073 0.293244 -0.312451 0.659924 -0.644122 0.227996
1778755725.615532 -3.857161 -32.501659 0.285976 0.432680 -0.577142 0.604731 -0.337633
1778755725.756480 -3.792671 -32.457012 0.283140 -0.495435 0.548032 -0.540846 0.402107
1778755725.902839 -3.653021 -32.438388 0.305794 0.508510 -0.490237 0.527899 -0.471601
1778755726.037794 -3.590268 -32.412935 0.299015 0.538788 -0.468963 0.502374 -0.487239
1778755726.196148 -3.424949 -32.388788 0.303028 0.530218 -0.472740 0.482259 -0.512651
1778755726.316848 -3.340318 -32.397761 0.302784 0.517946 -0.497935 0.489120 -0.494524
1778755726.459219 -3.322632 -32.405185 0.304454 0.513599 -0.501457 0.497844 -0.486732
1778755726.598859 -3.305459 -32.412463 0.306157 0.509251 -0.504829 0.506320 -0.479010
1778755726.743654 -3.192747 -32.506290 0.306790 -0.422014 0.572847 -0.566626 0.415554
1778755726.854352 -3.116297 -32.645600 0.280026 -0.321969 0.667031 -0.589711 0.321942
1778755726.955969 -3.051095 -32.714706 0.295633 -0.298766 0.663324 -0.621181 0.291332
1778755727.096607 -2.967899 -32.784630 0.294872 -0.299607 0.656276 -0.623397 0.301519
1778755727.237204 -2.869359 -32.805663 0.319660 0.336270 -0.615879 0.619760 -0.351444
1778755727.374685 -2.716137 -32.794839 0.296886 -0.439247 0.585523 -0.568538 0.375486
1778755727.523151 -2.562910 -32.797001 0.298983 -0.464119 0.552775 -0.548741 0.421802
1778755727.655394 -2.471262 -32.783174 0.290533 0.485268 -0.521534 0.536627 -0.452270
1778755727.794360 -2.341804 -32.776546 0.304323 0.496371 -0.505508 0.526381 -0.470107
1778755727.934906 -2.207686 -32.771999 0.313479 0.500458 -0.499017 0.508057 -0.492344
1778755728.075318 -2.072229 -32.774055 0.303688 0.507235 -0.501992 0.498579 -0.492072
1778755728.212993 -1.908490 -32.764631 0.310891 0.511560 -0.489738 0.502242 -0.496202
1778755728.353273 -1.776726 -32.757620 0.311517 0.511378 -0.487032 0.499820 -0.501470
1778755728.495142 -1.630915 -32.743792 0.310543 0.512407 -0.480929 0.496694 -0.509354
1778755728.635283 -1.513111 -32.705777 0.307318 0.538180 -0.455412 0.469549 -0.531494
1778755728.770890 -1.440943 -32.654002 0.315687 0.568406 -0.413397 0.435943 -0.562113
1778755728.914685 -1.370304 -32.558891 0.315407 0.611737 -0.342791 0.391634 -0.595731
1778755729.057740 -1.337585 -32.453537 0.317455 0.652143 -0.271052 0.330573 -0.626068
1778755729.193167 -1.306727 -32.357157 0.316863 0.671051 -0.221246 0.266982 -0.655333
1778755729.337085 -1.278858 -32.269820 0.322500 -0.669358 0.190315 -0.229123 0.680620
1778755729.475361 -1.262898 -32.198694 0.315622 0.681231 -0.172952 0.207248 -0.680486
1778755729.616055 -1.245010 -32.120960 0.320076 -0.681512 0.154931 -0.197196 0.687497
1778755729.755900 -1.202490 -32.057674 0.311818 -0.681505 0.171380 -0.201837 0.682233
1778755729.915677 -1.148011 -32.007746 0.328067 -0.664360 0.187884 -0.224009 0.687856
1778755730.036344 -1.091220 -31.967577 0.326352 -0.658836 0.212423 -0.255542 0.674915
1778755730.182385 -1.020109 -31.933262 0.313273 -0.653369 0.259575 -0.278452 0.654365
1778755730.320913 -0.955884 -31.897620 0.308991 -0.643863 0.278821 -0.297125 0.647623
1778755730.454680 -0.893231 -31.859125 0.315067 -0.632993 0.300782 -0.302942 0.645814
1778755730.597557 -0.846849 -31.803214 0.312380 -0.643775 0.281054 -0.299408 0.645691
1778755730.737298 -0.820400 -31.715272 0.321374 0.662897 -0.224013 0.268208 -0.662156
1778755730.881128 -0.798371 -31.612529 0.323864 -0.671651 0.189187 -0.217370 0.682527
1778755731.023112 -0.779497 -31.552533 0.329835 -0.671412 0.170635 -0.198490 0.693319
1778755731.154459 -0.776863 -31.544437 0.330980 -0.670732 0.167659 -0.198260 0.694768
1778755731.319266 -0.773570 -31.534290 0.332411 -0.669867 0.163922 -0.197969 0.696575
1778755731.436446 -0.771237 -31.527082 0.333424 -0.669244 0.161264 -0.197760 0.697852
1778755731.577554 -0.716374 -31.372761 0.311104 0.697516 -0.138810 0.173346 -0.681289
1778755731.758159 -0.662299 -31.205050 0.302392 0.701197 -0.130961 0.153763 -0.683761
1778755731.858274 -0.622061 -31.176062 0.306264 0.693632 -0.147781 0.195952 -0.677229
1778755731.996659 -0.577367 -31.141598 0.303183 0.686634 -0.179017 0.208289 -0.673129
1778755732.136132 -0.528387 -31.095240 0.304045 0.678001 -0.195978 0.219515 -0.673588
1778755732.281207 -0.465562 -31.069509 0.318180 -0.656357 0.236663 -0.251517 0.670764
1778755732.412928 -0.380359 -31.057463 0.321568 -0.634326 0.280877 -0.317693 0.646383
1778755732.557240 -0.293984 -31.071128 0.311558 0.612510 -0.347516 0.377837 -0.601085
1778755732.709395 -0.204472 -31.097782 0.304403 0.571780 -0.408417 0.424156 -0.571275
1778755732.845443 -0.154100 -31.118867 0.310089 -0.542299 0.449761 -0.442351 0.554934
1778755732.978352 -0.120582 -31.132807 0.306450 0.537182 -0.466483 0.462233 -0.529311
1778755733.121485 -0.106876 -31.139665 0.300367 0.529914 -0.472712 0.474208 -0.520444
1778755733.255109 -0.099403 -31.158132 0.304900 0.515161 -0.490165 0.493143 -0.501155
1778755733.394075 -0.093092 -31.180951 0.301655 0.499189 -0.509198 0.513602 -0.477222
1778755733.539298 -0.089089 -31.190650 0.302542 0.488103 -0.515411 0.523344 -0.471400
1778755733.676687 -0.089387 -31.197485 0.311337 0.478851 -0.522153 0.526276 -0.470203
1778755733.818580 -0.090566 -31.205193 0.312954 0.470513 -0.528039 0.529558 -0.468358
1778755733.975405 -0.088843 -31.204147 0.311230 0.471617 -0.526647 0.530058 -0.468251
1778755734.099293 -0.086693 -31.196552 0.312515 0.479990 -0.518539 0.529508 -0.469413
1778755734.242589 -0.083190 -31.178220 0.314687 0.501628 -0.497543 0.512175 -0.488362
1778755734.381942 -0.078706 -31.134937 0.320410 0.534035 -0.457433 0.482474 -0.522283
1778755734.523492 -0.061221 -31.072824 0.317879 0.573791 -0.413864 0.422553 -0.566506
1778755734.653973 -0.039725 -31.001742 0.313138 0.614008 -0.362229 0.355924 -0.604237
1778755734.794027 -0.043019 -30.908160 0.317935 -0.645890 0.277581 -0.289696 0.649501
1778755734.937178 -0.059031 -30.816469 0.311327 0.678751 -0.203047 0.233936 -0.665840
1778755735.071321 -0.068571 -30.728914 0.312027 0.689398 -0.148464 0.187515 -0.683760
1778755735.215339 -0.051833 -30.655598 0.318754 0.691807 -0.136780 0.166262 -0.689239
1778755735.356568 0.000270 -30.592789 0.319239 -0.680649 0.155940 -0.198692 0.687693
1778755735.496027 0.061787 -30.563345 0.310266 0.677534 -0.205718 0.243202 -0.662933
1778755735.634987 0.139188 -30.557679 0.302954 0.655978 -0.271883 0.292313 -0.640567
1778755735.774917 0.199752 -30.586445 0.316255 -0.613560 0.348982 -0.343098 0.619710
1778755735.915337 0.253175 -30.643295 0.315488 0.570514 -0.420375 0.416546 -0.569463
1778755736.053332 0.279114 -30.705186 0.307538 0.527740 -0.485051 0.478330 -0.507362
1778755736.200191 0.276080 -30.769832 0.294409 -0.473988 0.542144 -0.532921 0.444309
1778755736.335021 0.252435 -30.802332 0.300836 -0.429459 0.575992 -0.564292 0.406659
1778755736.477757 0.223072 -30.817356 0.301060 -0.394305 0.598282 -0.588524 0.374462
1778755736.616024 0.214649 -30.824863 0.298859 -0.386492 0.602581 -0.602261 0.353273
1778755736.755170 0.208511 -30.833494 0.297383 -0.379243 0.607802 -0.606921 0.344091
1778755736.898841 0.208305 -30.830776 0.297767 0.376616 -0.607383 0.609868 -0.342502
1778755737.045244 0.211255 -30.825085 0.300712 0.378587 -0.603950 0.609859 -0.346394
1778755737.179101 0.213494 -30.822781 0.301318 0.380201 -0.602573 0.608578 -0.349266
1778755737.319363 0.215662 -30.820906 0.301848 0.381689 -0.601216 0.607723 -0.351462
1778755737.458091 0.217837 -30.819258 0.302463 0.383135 -0.599816 0.607060 -0.353423
1778755737.607869 0.220325 -30.817721 0.302899 0.384564 -0.598616 0.606138 -0.355480
1778755737.742346 0.222442 -30.816624 0.303125 0.385574 -0.597802 0.604906 -0.357847
1778755737.877748 0.231715 -30.801754 0.305734 0.400780 -0.585577 0.597118 -0.374065
1778755738.012882 0.247222 -30.774542 0.310470 0.426233 -0.565150 0.579145 -0.404378
1778755738.177837 0.268515 -30.716589 0.314147 0.480290 -0.518071 0.534083 -0.464413
1778755738.300459 0.268913 -30.644738 0.311837 0.540819 -0.452040 0.468163 -0.532915
1778755738.433895 0.229706 -30.545974 0.302835 0.621779 -0.352674 0.359347 -0.599902
1778755738.575795 0.153614 -30.452342 0.307087 0.684170 -0.201040 0.260422 -0.650903
1778755738.715849 0.050494 -30.342738 0.326062 0.701971 -0.062880 0.133759 -0.696700
1778755738.851981 -0.015793 -30.253936 0.315915 0.710769 0.004213 0.039656 -0.702294
1778755738.993633 -0.046623 -30.150354 0.303631 0.716448 0.019825 0.016600 -0.697161
1778755739.134519 -0.010190 -30.028664 0.308836 0.708182 -0.025117 0.053644 -0.703541
1778755739.277267 0.098967 -29.943012 0.326725 0.693869 -0.137596 0.136894 -0.693450
1778755739.415306 0.215084 -29.899426 0.316671 0.664722 -0.240409 0.244377 -0.663798
1778755739.554163 0.335201 -29.840356 0.303184 0.647747 -0.317820 0.263972 -0.640104
1778755739.699184 0.421467 -29.723478 0.315977 0.651723 -0.294174 0.261239 -0.648439
1778755739.834881 0.504970 -29.623913 0.304845 0.658150 -0.264152 0.255755 -0.657001
1778755739.977567 0.583854 -29.496350 0.316421 -0.666359 0.222373 -0.229941 0.673530
1778755740.122374 0.637181 -29.390042 0.301495 0.686195 -0.198456 0.217355 -0.665213
1778755740.265201 0.751988 -29.261679 0.309856 -0.657561 0.211292 -0.259310 0.675077
1778755740.399424 0.866340 -29.185124 0.319536 -0.652449 0.268374 -0.270026 0.655264
1778755740.544538 1.010069 -29.152867 0.313272 -0.611213 0.343158 -0.335876 0.629165
1778755740.676371 1.130910 -29.149849 0.303316 -0.568890 0.409852 -0.386818 0.598963
1778755740.831222 1.260701 -29.175294 0.317045 -0.525078 0.463526 -0.445358 0.557757
1778755740.958696 1.336584 -29.208216 0.320888 -0.489963 0.494542 -0.500774 0.514382
1778755741.098454 1.416311 -29.267441 0.319755 0.436970 -0.535514 0.552405 -0.465972
1778755741.240125 1.460193 -29.328958 0.306488 -0.400232 0.578481 -0.570641 0.423724
1778755741.383094 1.463830 -29.336732 0.309768 -0.393259 0.580654 -0.574236 0.422424
1778755741.519220 1.467226 -29.344120 0.312869 -0.386595 0.582685 -0.577623 0.421158
1778755741.659794 1.470665 -29.351734 0.316047 -0.379688 0.584745 -0.581083 0.419825
1778755741.846060 1.594394 -29.483657 0.315703 0.331429 -0.611765 0.622633 -0.358086
1778755741.950948 1.641312 -29.551827 0.312211 0.322226 -0.623019 0.631675 -0.330158
1778755742.091839 1.651870 -29.612872 0.313172 -0.279976 0.649654 -0.649411 0.278978
1778755742.219315 1.664964 -29.651558 0.289699 -0.249401 0.666902 -0.654665 0.253879
1778755742.376091 1.694540 -29.696126 0.307441 0.232829 -0.663203 0.676425 -0.220004
1778755742.504848 1.727820 -29.739700 0.301942 0.214542 -0.647233 0.704779 -0.195825
1778755742.649768 1.714533 -29.806078 0.330383 0.148306 -0.644599 0.729819 -0.172805
1778755742.782749 1.682815 -29.884344 0.336391 0.074920 -0.661450 0.735733 -0.124773
1778755742.921783 1.656631 -29.956751 0.317072 -0.001492 -0.666782 0.738000 -0.103712
1778755743.064629 1.641913 -30.025576 0.322593 -0.021334 -0.662772 0.745817 -0.063521
1778755743.205251 1.666322 -30.092367 0.310489 0.003883 -0.697936 0.714437 -0.049504
1778755743.344117 1.688285 -30.163395 0.313975 0.031830 -0.693065 0.719286 -0.035729
1778755743.496395 1.706207 -30.236717 0.306869 0.044000 -0.704274 0.707222 -0.043583
1778755743.622073 1.702033 -30.300351 0.316888 0.032266 -0.697121 0.715585 -0.030307
1778755743.773519 1.667140 -30.384075 0.318870 -0.004825 -0.698429 0.715160 0.026820
1778755743.909704 1.614528 -30.449494 0.303707 0.069508 0.710629 -0.697052 -0.065530
1778755744.045384 1.567545 -30.516833 0.301436 -0.084287 -0.683595 0.715326 0.117905
1778755744.183847 1.539311 -30.553524 0.322071 -0.110986 -0.624582 0.764417 0.115094
1778755744.324101 1.524573 -30.578596 0.404728 -0.112804 -0.567722 0.807366 0.114579
1778755744.468276 1.508586 -30.619188 0.386717 -0.095201 -0.550723 0.817912 0.136604
1778755744.630672 1.503017 -30.650682 0.432378 -0.068124 -0.522590 0.830798 0.178980
1778755744.754319 1.480479 -30.691514 0.412753 -0.061005 -0.519955 0.825879 0.209402
1778755744.894281 1.470144 -30.732146 0.406368 -0.061629 -0.522300 0.824951 0.207028
1778755745.036375 1.475674 -30.799738 0.421379 -0.045555 -0.536263 0.822716 0.182989
1778755745.172898 1.489251 -30.885198 0.374840 -0.033907 -0.562654 0.808000 0.171483
1778755745.310630 1.493804 -30.955589 0.405426 -0.026516 -0.556105 0.814668 0.162358
1778755745.456025 1.487414 -31.021580 0.394588 -0.029739 -0.542652 0.827357 0.141861
1778755745.594631 1.451094 -31.075915 0.397895 -0.061155 -0.543132 0.822981 0.154822
1778755745.731542 1.404139 -31.123325 0.391477 -0.097101 -0.547705 0.811895 0.177247
1778755745.871660 1.370553 -31.175896 0.335011 -0.127271 -0.542510 0.812664 0.170476
1778755746.008381 1.335866 -31.187686 0.371421 -0.143552 -0.497309 0.838116 0.172158
1778755746.153169 1.332164 -31.221803 0.415396 -0.120067 -0.490078 0.849434 0.154494
1778755746.293635 1.329529 -31.271903 0.448844 -0.088231 -0.519771 0.831066 0.177153
1778755746.431024 1.323507 -31.338695 0.423960 -0.073404 -0.542540 0.823188 0.150415
1778755746.572299 1.319396 -31.401694 0.424942 -0.054881 -0.555221 0.817148 0.144868
1778755746.709877 1.320919 -31.465730 0.344177 -0.055881 -0.578050 0.807301 0.104883
1778755746.851704 1.306352 -31.498659 0.361937 -0.064757 -0.546583 0.829844 0.091718
1778755746.990284 1.283245 -31.535109 0.385722 -0.074171 -0.537195 0.834573 0.097001
1778755747.128144 1.263504 -31.602585 0.412019 -0.056360 -0.569841 0.808495 0.135797
1778755747.267144 1.241266 -31.675340 0.354084 -0.045364 -0.600817 0.785040 0.143778
1778755747.408500 1.221608 -31.746147 0.345817 -0.050317 -0.626741 0.767504 0.124906
1778755747.553406 1.205587 -31.828762 0.328593 -0.068177 -0.666381 0.735863 0.098967
1778755747.703036 1.192203 -31.915112 0.322368 -0.068951 -0.684556 0.718223 0.103847
1778755747.828553 1.179661 -31.984066 0.322664 -0.064894 -0.693170 0.709813 0.107094
1778755747.967917 1.159529 -32.060535 0.309621 0.066432 0.705602 -0.698487 -0.099139
1778755748.109146 1.152866 -32.149326 0.298519 0.048132 0.715144 -0.693162 -0.076018
1778755748.245093 1.165796 -32.221383 0.302414 0.027672 0.714201 -0.697086 -0.056756
1778755748.395953 1.197272 -32.308408 0.306697 -0.018091 0.714152 -0.699231 -0.027103
1778755748.524567 1.229951 -32.380814 0.309484 -0.050900 0.708778 -0.703581 -0.004231
1778755748.666780 1.264580 -32.477240 0.311248 -0.063712 0.711085 -0.699297 0.035817
1778755748.811615 1.319633 -32.581931 0.326021 0.100615 -0.688360 0.713694 -0.081717
1778755748.946061 1.374652 -32.682122 0.311198 -0.139168 0.699128 -0.695971 0.086469
1778755749.085093 1.453328 -32.814226 0.309232 -0.153029 0.696200 -0.691353 0.117978
1778755749.228027 1.492687 -32.941399 0.311321 0.141945 -0.693761 0.697330 -0.110810
1778755749.370994 1.515392 -33.094269 0.315540 0.099137 -0.697047 0.704838 -0.086604
1778755749.515861 1.548691 -33.238296 0.308319 -0.080696 0.705972 -0.696883 0.097190
1778755749.647918 1.609151 -33.317453 0.309815 0.127649 -0.690532 0.701914 -0.119111
1778755749.783782 1.692794 -33.434667 0.308381 -0.165525 0.692759 -0.685757 0.149749
1778755749.926429 1.768588 -33.546180 0.313144 0.190099 -0.681607 0.686845 -0.165884
1778755750.066239 1.839164 -33.624183 0.302620 0.211028 -0.679417 0.680701 -0.174658
1778755750.206605 1.943905 -33.750819 0.300697 0.217622 -0.671925 0.681389 -0.192006
1778755750.345294 1.999179 -33.840568 0.322063 0.215790 -0.662540 0.687756 -0.203635
1778755750.489323 2.056480 -33.926230 0.307642 -0.223539 0.675319 -0.675106 0.195462
1778755750.627095 2.166693 -34.009073 0.314736 0.255577 -0.659541 0.667579 -0.232433
1778755750.766519 2.280087 -34.085502 0.310502 0.296252 -0.642019 0.655635 -0.264931
1778755750.907074 2.369448 -34.145053 0.309424 0.316957 -0.634534 0.647528 -0.278588
1778755751.049875 2.477657 -34.216815 0.309378 0.323812 -0.630174 0.637670 -0.302331
1778755751.195857 2.600429 -34.302557 0.310452 0.333355 -0.623474 0.636749 -0.307742
1778755751.334257 2.694843 -34.360513 0.318185 0.337347 -0.614854 0.639867 -0.314200
1778755751.483437 2.854558 -34.455782 0.313429 0.341993 -0.620591 0.627167 -0.323370
1778755751.612221 2.939715 -34.518541 0.307554 0.340482 -0.623160 0.625460 -0.323331
1778755751.769036 3.093270 -34.610200 0.314633 0.341359 -0.611269 0.632660 -0.331006
1778755751.890923 3.217998 -34.674532 0.314192 -0.354134 0.615055 -0.614419 0.344653
1778755752.030817 3.313168 -34.678190 0.302959 0.415892 -0.582000 0.593124 -0.369477
1778755752.172209 3.457186 -34.690880 0.308764 0.439881 -0.553448 0.578817 -0.406413
1778755752.314543 3.587366 -34.692987 0.296650 0.462795 -0.534547 0.559532 -0.432440
1778755752.457063 3.693967 -34.695021 0.306654 0.475380 -0.527261 0.544187 -0.447069
1778755752.609119 3.809431 -34.703789 0.308316 0.477903 -0.523741 0.530502 -0.464620
1778755752.735042 3.932305 -34.720770 0.310967 0.472494 -0.524355 0.533998 -0.465455
1778755752.873021 4.031093 -34.772522 0.332445 0.432939 -0.534685 0.579525 -0.436837
1778755753.049898 4.156548 -34.842412 0.306027 -0.396561 0.591846 -0.560145 0.422724
1778755753.168867 4.258174 -34.908881 0.309035 -0.383706 0.599085 -0.582405 0.393283
1778755753.298272 4.425110 -35.003645 0.312462 0.366861 -0.594250 0.608747 -0.376439
1778755753.442055 4.561205 -35.074396 0.312987 -0.365009 0.606481 -0.596025 0.379082
1778755753.585315 4.672500 -35.075867 0.306630 0.427809 -0.572473 0.579147 -0.392227
1778755753.715950 4.817594 -35.076551 0.316162 0.461204 -0.532921 0.565529 -0.428326
1778755753.855432 4.935426 -35.022213 0.302844 0.519635 -0.465629 0.519255 -0.493501
1778755753.998005 5.030343 -34.971160 0.295806 0.564552 -0.442775 0.463464 -0.520032
1778755754.143363 5.178255 -34.903205 0.304280 0.578937 -0.405809 0.439368 -0.554173
1778755754.288698 5.290530 -34.826822 0.302532 0.604681 -0.374330 0.410292 -0.570876
1778755754.423633 5.373334 -34.749124 0.300953 0.628358 -0.343287 0.368002 -0.593207
1778755754.559141 5.447677 -34.671090 0.312820 0.637536 -0.304317 0.335694 -0.623095
1778755754.700335 5.498293 -34.609694 0.314047 0.644859 -0.283276 0.321432 -0.632924
1778755754.842409 5.536732 -34.510810 0.312411 0.672705 -0.234386 0.280883 -0.643145
1778755754.982543 5.563024 -34.402897 0.305755 0.690011 -0.183579 0.218623 -0.665123
1778755755.121347 5.568980 -34.319726 0.312465 0.693455 -0.142900 0.186561 -0.681098
1778755755.270381 5.559646 -34.231192 0.309966 0.705116 -0.094834 0.147701 -0.687024
1778755755.405400 5.523051 -34.129061 0.305120 0.713995 -0.027228 0.079215 -0.695122
1778755755.543616 5.485079 -34.051421 0.308813 0.711934 0.020101 0.017969 -0.701728
1778755755.684887 5.449061 -33.975803 0.310589 -0.703151 -0.054600 0.011417 0.708849
1778755755.824650 5.408076 -33.909930 0.310081 0.706322 0.090642 -0.036264 -0.701126
1778755755.965774 5.354173 -33.842501 0.298700 0.708085 0.124463 -0.081398 -0.690290
1778755756.105627 5.304986 -33.776677 0.304829 0.698907 0.146584 -0.120219 -0.689630
1778755756.250314 5.271722 -33.704700 0.311569 -0.688870 -0.149808 0.123995 0.698313
1778755756.413865 5.255766 -33.603093 0.306680 0.702848 0.129429 -0.090263 -0.693618
1778755756.527803 5.234894 -33.498004 0.299234 0.706542 0.105943 -0.088194 -0.694116
1778755756.668862 5.219205 -33.371390 0.308695 0.709590 0.082635 -0.084268 -0.694660
1778755756.814132 5.199509 -33.235186 0.300743 0.715077 0.074766 -0.067221 -0.691778
1778755756.957929 5.173084 -33.100637 0.303073 0.708183 0.080983 -0.067065 -0.698155
1778755757.087896 5.115823 -33.008654 0.314041 -0.689948 -0.115989 0.106010 0.706597
1778755757.229365 5.042516 -32.925027 0.300070 0.702947 0.162861 -0.130102 -0.680011
1778755757.372399 4.962160 -32.850330 0.304890 0.681476 0.213266 -0.163396 -0.680742
1778755757.531064 4.807982 -32.778434 0.316210 -0.641141 -0.286413 0.253909 0.665159
1778755757.655893 4.690478 -32.728909 0.288705 0.642530 0.339952 -0.287937 -0.623442
1778755757.794028 4.554203 -32.672948 0.304766 -0.612027 -0.366950 0.327529 0.619270
1778755757.937871 4.440530 -32.636801 0.298480 -0.604362 -0.382965 0.347417 0.606124
1778755758.074020 4.325043 -32.600203 0.305948 -0.594912 -0.395396 0.366579 0.596122
1778755758.222488 4.233864 -32.549592 0.303914 0.598603 0.392438 -0.370014 -0.592248
1778755758.359197 4.158113 -32.501854 0.305436 -0.601015 -0.383728 0.354281 0.604995
1778755758.499836 4.084180 -32.462066 0.312997 -0.603046 -0.376369 0.347900 0.611267
1778755758.644802 4.004965 -32.417321 0.302192 0.609916 0.372771 -0.346283 -0.607562
1778755758.790278 3.962614 -32.361996 0.306279 0.624251 0.345697 -0.333087 -0.616326
1778755758.917340 3.924027 -32.283591 0.310615 -0.640412 -0.305150 0.292018 0.641468
1778755759.058639 3.883696 -32.215899 0.314743 0.654316 0.281002 -0.258505 -0.652751
1778755759.198063 3.839705 -32.147803 0.303724 0.665707 0.261029 -0.248349 -0.653468
1778755759.340033 3.800250 -32.082524 0.304768 0.669491 0.249853 -0.239785 -0.657159
1778755759.482583 3.752304 -32.005650 0.309967 0.668783 0.236663 -0.232204 -0.665433
1778755759.627138 3.701797 -31.930869 0.306798 0.677063 0.237922 -0.215414 -0.662251
1778755759.763939 3.604898 -31.816086 0.307488 0.671120 0.233757 -0.222975 -0.667261
1778755759.911912 3.524215 -31.712192 0.308097 0.677093 0.231829 -0.225481 -0.661029
1778755760.046187 3.448935 -31.672002 0.297938 0.669016 0.279398 -0.246890 -0.642961
1778755760.190655 3.308572 -31.598887 0.306468 -0.635217 -0.326135 0.291521 0.636515
1778755760.321681 3.198679 -31.538027 0.307465 -0.612693 -0.340382 0.327428 0.633670
1778755760.465981 3.073734 -31.481155 0.299200 0.620040 0.373762 -0.327726 -0.606999
1778755760.607897 2.956490 -31.416839 0.303978 0.609348 0.377195 -0.349257 -0.603688
1778755760.750262 2.845783 -31.373607 0.301791 0.605283 0.383012 -0.358813 -0.598487
1778755760.888577 2.734049 -31.361289 0.307448 -0.582018 -0.420367 0.381191 0.582443
1778755761.023769 2.629182 -31.367222 0.304307 -0.547035 -0.461720 0.424060 0.554743
1778755761.165788 2.541900 -31.420391 0.311828 -0.492193 -0.515158 0.474728 0.516713
1778755761.307516 2.472511 -31.491432 0.311471 0.432059 0.570167 -0.516996 -0.470053
1778755761.446097 2.408459 -31.562062 0.302362 0.387570 0.606599 -0.551789 -0.421135
1778755761.601335 2.337832 -31.636256 0.307413 0.356118 0.623969 -0.584397 -0.377257
1778755761.730555 2.277812 -31.693133 0.302256 0.337033 0.631509 -0.597139 -0.361981
1778755761.873192 2.227155 -31.749143 0.305466 0.321478 0.641593 -0.602961 -0.348496
1778755762.028687 2.155371 -31.812859 0.296095 0.317310 0.645445 -0.611027 -0.330697
1778755762.158699 2.097759 -31.839690 0.304691 0.333965 0.633404 -0.610904 -0.337732
1778755762.290148 2.031006 -31.869069 0.303956 0.344052 0.625047 -0.603129 -0.356622
1778755762.431587 1.970003 -31.896588 0.305451 0.353586 0.622464 -0.593492 -0.367808
1778755762.569015 1.885165 -31.906638 0.299217 0.387961 0.602298 -0.581804 -0.385005
1778755762.712375 1.803303 -31.903043 0.308614 0.417173 0.575866 -0.574148 -0.405831
1778755762.850139 1.727551 -31.904710 0.309140 -0.433678 -0.559101 0.565608 0.423577
1778755762.991606 1.649801 -31.912096 0.309850 0.443047 0.558952 -0.548198 -0.436762
1778755763.132686 1.571244 -31.928804 0.310414 0.440109 0.552310 -0.548666 -0.447464
1778755763.273391 1.495473 -31.937622 0.309531 0.445980 0.549282 -0.548652 -0.445391
1778755763.409690 1.423508 -31.945277 0.308703 0.448187 0.545763 -0.542807 -0.454567
1778755763.566529 1.335465 -31.959205 0.309977 0.448691 0.551786 -0.530249 -0.461568
1778755763.701428 1.235864 -31.982272 0.311351 0.443906 0.547665 -0.538027 -0.462102
1778755763.836245 1.119162 -32.001074 0.308749 0.461236 0.545251 -0.530450 -0.456713
1778755763.970807 0.987051 -31.959051 0.309363 -0.503555 -0.503307 0.503685 0.489302
1778755764.109131 0.845247 -31.925140 0.308460 0.525191 0.478845 -0.473019 -0.520706
1778755764.252825 0.757259 -31.899713 0.299821 0.550248 0.467409 -0.455127 -0.521167
1778755764.391364 0.642661 -31.875390 0.298335 0.556346 0.453525 -0.443648 -0.536628
1778755764.531467 0.531784 -31.850004 0.306171 0.551566 0.450642 -0.437023 -0.549279
1778755764.678595 0.443650 -31.822398 0.311436 -0.548594 -0.447227 0.436293 0.555590
1778755764.819831 0.352688 -31.820548 0.312543 -0.531941 -0.464841 0.440508 0.553998
1778755764.958455 0.271251 -31.837655 0.314561 -0.512670 -0.488167 0.456552 0.538908
1778755765.109659 0.183452 -31.860281 0.314709 -0.489607 -0.505732 0.478856 0.524612
1778755765.241581 0.108454 -31.901615 0.311245 0.461837 0.537760 -0.515528 -0.481405
1778755765.384346 0.049313 -31.960158 0.311340 0.418066 0.565237 -0.553043 -0.447069
1778755765.517752 -0.009711 -32.019555 0.307749 0.389008 0.595442 -0.564481 -0.418906
1778755765.672914 -0.075989 -32.088214 0.306306 0.360066 0.610420 -0.584377 -0.395277
1778755765.800250 -0.131468 -32.137436 0.305615 0.353051 0.619747 -0.595215 -0.370118
1778755765.940021 -0.187911 -32.193405 0.308173 0.333210 0.624757 -0.609226 -0.357062
1778755766.078269 -0.228876 -32.273779 0.291160 0.295065 0.676157 -0.587850 -0.331935
1778755766.216106 -0.268509 -32.352561 0.256736 0.298318 0.715150 -0.559138 -0.294843
1778755766.355784 -0.317936 -32.428994 0.262151 0.289034 0.737647 -0.555868 -0.251687
1778755766.497540 -0.366961 -32.485816 0.242346 0.268760 0.745687 -0.560578 -0.239731
1778755766.638781 -0.393567 -32.554238 0.252247 0.247593 0.753137 -0.564250 -0.230444
1778755766.774255 -0.366230 -32.573946 0.132717 0.257577 0.772142 -0.550249 -0.186218
1778755766.915916 -0.358987 -32.578760 0.184655 0.237469 0.763452 -0.571712 -0.184106
1778755767.056004 -0.385962 -32.599669 0.166811 0.245158 0.768849 -0.566856 -0.165659
1778755767.202018 -0.403190 -32.596300 0.165323 0.263876 0.807990 -0.507423 -0.141572
1778755767.347436 -0.443224 -32.646705 0.199476 0.234099 0.784144 -0.551816 -0.160669
1778755767.475845 -0.510956 -32.727119 0.164459 0.250480 0.788375 -0.528280 -0.191429
1778755767.617378 -0.536403 -32.698196 0.143878 0.288133 0.793662 -0.491185 -0.214052
1778755767.756043 -0.574974 -32.720440 0.147051 0.313094 0.769980 -0.517278 -0.203782
1778755767.895834 -0.633103 -32.714131 0.139047 0.345089 0.751044 -0.540248 -0.158046
1778755768.038924 -0.681962 -32.740578 0.191966 0.347664 0.742079 -0.542426 -0.184995
1778755768.176507 -0.704363 -32.809196 0.180637 0.359236 0.720578 -0.570913 -0.160548
1778755768.314922 -0.667345 -32.900919 0.217434 0.199916 0.737458 -0.604848 -0.224384
1778755768.455619 -0.691526 -32.990330 0.282128 0.142491 0.705747 -0.651325 -0.239569
1778755768.595331 -0.771318 -33.059164 0.325114 -0.170157 -0.664579 0.668666 0.286822
1778755768.741445 -0.916383 -33.100042 0.283407 0.350536 0.644021 -0.635221 -0.242603
1778755768.891636 -1.029311 -33.145884 0.195666 0.470088 0.685414 -0.490511 -0.261961
1778755769.022204 -1.171397 -33.132022 0.147588 0.565956 0.617523 -0.447871 -0.312683
1778755769.163279 -1.309721 -33.089765 0.192721 0.608029 0.555841 -0.423774 -0.376507
1778755769.294676 -1.387988 -33.027156 0.254763 0.597703 0.457906 -0.418118 -0.508184
1778755769.437158 -1.507707 -32.984807 0.268385 0.626645 0.417155 -0.376460 -0.539977
1778755769.579475 -1.609405 -32.909552 0.317079 -0.603553 -0.361936 0.330526 0.628870
1778755769.714610 -1.683844 -32.770960 0.318309 0.672530 0.255060 -0.292914 -0.629959
1778755769.857191 -1.681696 -32.606848 0.317772 0.703665 0.123032 -0.152496 -0.682982
1778755769.997677 -1.558064 -32.586990 0.291599 0.719044 -0.038298 -0.024202 -0.693486
1778755770.134577 -1.460344 -32.549053 0.304514 0.717905 -0.148803 0.120755 -0.669245
1778755770.275299 -1.382726 -32.526050 0.316174 0.671483 -0.231775 0.248816 -0.658393
1778755770.459013 -1.326604 -32.462201 0.307525 -0.654977 0.276969 -0.228745 0.664808
1778755770.627988 -1.309685 -32.267197 0.298524 0.702569 -0.146260 0.159913 -0.677815
1778755770.769237 -1.355161 -32.118133 0.315492 0.706538 -0.008383 0.083409 -0.702692
1778755770.910234 -1.404763 -32.050581 0.293212 0.710069 0.066095 0.005375 -0.701003
1778755771.046479 -1.409065 -31.949693 0.302502 -0.700979 -0.065764 -0.025777 0.709675
1778755771.187975 -1.374615 -31.798473 0.322580 -0.701638 0.023548 -0.033519 0.711355
1778755771.328272 -1.260055 -31.685990 0.320203 -0.684895 0.143357 -0.124712 0.703430
1778755771.467664 -1.179401 -31.644893 0.289556 -0.670264 0.228318 -0.176213 0.683789
1778755771.606590 -1.147002 -31.567082 0.302791 -0.674075 0.225616 -0.166849 0.683287
1778755771.764748 -1.061909 -31.430349 0.316348 -0.671311 0.218022 -0.185918 0.683551
1778755771.900716 -1.047285 -31.342695 0.311226 -0.683842 0.168755 -0.169440 0.689327
1778755772.028069 -1.010117 -31.223852 0.309272 -0.691936 0.132546 -0.156880 0.692131
1778755772.168184 -0.968555 -31.086184 0.306930 -0.692125 0.109337 -0.143223 0.698924
1778755772.313828 -0.909104 -30.950744 0.314254 -0.691614 0.126704 -0.138222 0.697503
1778755772.447335 -0.792076 -30.854862 0.322442 -0.668612 0.202791 -0.199156 0.687147
1778755772.586929 -0.656579 -30.810930 0.313158 -0.621879 0.293223 -0.291728 0.664967
1778755772.726435 -0.513342 -30.787830 0.324695 -0.593178 0.379548 -0.336572 0.625142
1778755772.883533 -0.367050 -30.712104 0.312369 -0.592998 0.381363 -0.337865 0.623509
1778755773.012622 -0.290267 -30.595859 0.318641 -0.627941 0.306614 -0.302820 0.648057
1778755773.148913 -0.247312 -30.484917 0.301393 -0.658129 0.242435 -0.263837 0.662180
1778755773.290851 -0.137530 -30.378270 0.306400 -0.653240 0.243773 -0.282623 0.658770
1778755773.428968 -0.019608 -30.314842 0.310335 -0.638378 0.298295 -0.307823 0.639327
1778755773.567591 0.083756 -30.287693 0.308150 -0.607652 0.352372 -0.361746 0.612971
1778755773.713679 0.169971 -30.307778 0.306801 0.569017 -0.422250 0.420829 -0.566416
1778755773.856146 0.207186 -30.361835 0.303972 0.521035 -0.483268 0.486437 -0.508284
1778755773.986850 0.191882 -30.411728 0.309242 -0.462505 0.539080 -0.532546 0.460300
1778755774.128713 0.154414 -30.463641 0.302647 0.395685 -0.583310 0.593871 -0.387943
1778755774.267474 0.085012 -30.507609 0.304653 -0.325221 0.640733 -0.616037 0.322786
1778755774.406535 0.030261 -30.518897 0.302007 -0.284838 0.661471 -0.639533 0.268925
1778755774.547562 0.002159 -30.528750 0.297422 -0.251387 0.678777 -0.645389 0.244006
1778755774.687480 -0.016524 -30.533353 0.295323 -0.236380 0.682795 -0.653855 0.224477
1778755774.829413 -0.026774 -30.534146 0.297348 -0.228467 0.676519 -0.668484 0.207976
1778755774.969691 -0.029814 -30.531330 0.297773 -0.226411 0.676312 -0.669975 0.206092
1778755775.108289 -0.030371 -30.528015 0.299614 -0.228443 0.674559 -0.671315 0.205234
1778755775.250386 -0.043992 -30.536867 0.303484 0.209702 -0.679195 0.679847 -0.180354
1778755775.386653 -0.074521 -30.562809 0.311964 -0.157631 0.691327 -0.690718 0.141872
1778755775.528905 -0.120797 -30.614358 0.321656 0.091716 -0.691787 0.713374 -0.064169
1778755775.681471 -0.169430 -30.670144 0.315391 0.040143 -0.700356 0.712374 0.020333
1778755775.812771 -0.210338 -30.725771 0.299869 0.022902 0.712222 -0.700853 -0.031946
1778755775.949873 -0.224414 -30.788967 0.299643 0.034041 0.710552 -0.701967 -0.034635
1778755776.088763 -0.204402 -30.849372 0.301445 0.012766 0.713195 -0.700810 -0.007424
1778755776.228499 -0.152478 -30.904779 0.300144 -0.049087 0.711547 -0.700056 0.034836
1778755776.369625 -0.093679 -30.927297 0.303851 -0.117735 0.707857 -0.689623 0.097452
1778755776.506229 -0.042882 -30.935299 0.301929 -0.169197 0.698938 -0.678997 0.147717
1778755776.648257 0.001533 -30.922849 0.298496 -0.230241 0.684582 -0.661885 0.200612
1778755776.787737 0.046851 -30.889442 0.292877 -0.294832 0.665249 -0.634157 0.261463
1778755776.930883 0.085896 -30.859134 0.299117 -0.344740 0.630728 -0.614328 0.325481
1778755777.091067 0.102291 -30.826386 0.304137 -0.378504 0.607752 -0.595839 0.363797
1778755777.207617 0.106016 -30.811975 0.302076 -0.395231 0.595438 -0.588008 0.378804
1778755777.352303 0.108973 -30.804967 0.301173 -0.404333 0.587979 -0.582897 0.388622
1778755777.503948 0.109905 -30.803435 0.301483 -0.407410 0.585261 -0.581189 0.392053
1778755777.630533 0.116869 -30.787652 0.301069 -0.424048 0.574431 -0.565936 0.412224
1778755777.772758 0.130447 -30.750084 0.302039 -0.462134 0.543417 -0.539354 0.447468
1778755777.909273 0.139273 -30.709688 0.299730 -0.497504 0.511937 -0.507699 0.482340
1778755778.048448 0.139420 -30.670612 0.298782 0.525446 -0.487406 0.477590 -0.508183
1778755778.191464 0.138599 -30.639622 0.288748 0.546163 -0.476404 0.453190 -0.519003
1778755778.331380 0.137369 -30.649303 0.291871 0.536264 -0.482199 0.467486 -0.511236
1778755778.473612 0.135148 -30.672227 0.302059 0.514867 -0.502937 0.489571 -0.492226
1778755778.619894 0.131149 -30.707967 0.305462 -0.481655 0.538315 -0.526668 0.448158
1778755778.751714 0.122390 -30.748620 0.304167 -0.436852 0.575613 -0.568346 0.393463
1778755778.887572 0.098143 -30.803186 0.312168 0.366970 -0.613797 0.617881 -0.326818
1778755779.048767 0.070393 -30.837821 0.308129 0.314499 -0.638194 0.649530 -0.268159
1778755779.169209 0.044147 -30.859436 0.305444 0.264193 -0.659199 0.660440 -0.243883
1778755779.315898 0.037291 -30.861856 0.307103 0.240091 -0.666590 0.666718 -0.231304
1778755779.449335 0.034856 -30.866615 0.306622 -0.228637 0.673186 -0.668357 0.218735
1778755779.606216 0.032423 -30.864303 0.306324 -0.221060 0.675366 -0.669550 0.216139
1778755779.743413 0.035371 -30.864996 0.305393 -0.222374 0.675588 -0.668444 0.217517
1778755779.881566 0.038588 -30.864533 0.305462 -0.224937 0.674988 -0.667644 0.219195
1778755780.018065 0.041784 -30.863100 0.305942 -0.227344 0.673862 -0.666930 0.222325
1778755780.155622 0.044427 -30.861936 0.306299 -0.229420 0.672950 -0.666177 0.225195
1778755780.296878 0.047193 -30.860866 0.306731 -0.231619 0.671896 -0.665631 0.227692
1778755780.436642 0.050058 -30.859985 0.307164 -0.234112 0.670762 -0.665130 0.229939
1778755780.575951 0.053617 -30.857962 0.308169 -0.238655 0.668670 -0.664515 0.233117
1778755780.715646 0.074536 -30.840847 0.311992 0.268321 -0.654999 0.656886 -0.259771
1778755780.850590 0.107741 -30.808191 0.318060 0.315293 -0.630780 0.638346 -0.308579
1778755780.992128 0.159018 -30.728681 0.319768 0.403607 -0.573234 0.578976 -0.416283
1778755781.135364 0.173988 -30.602751 0.313514 0.515243 -0.483029 0.485678 -0.515096
1778755781.284420 0.143169 -30.466201 0.311018 0.614821 -0.336322 0.385672 -0.600117
1778755781.413350 0.100333 -30.333457 0.311978 0.674424 -0.229163 0.278389 -0.644311
1778755781.555886 0.078258 -30.218902 0.292419 0.697821 -0.187826 0.180485 -0.667227
1778755781.696948 0.109631 -30.123156 0.290242 0.693546 -0.166020 0.178858 -0.677821
1778755781.832529 0.141509 -30.011867 0.320336 -0.677719 0.137802 -0.176862 0.700305
1778755781.973268 0.177092 -29.903177 0.308660 -0.690942 0.148569 -0.150919 0.691195
1778755782.113256 0.231912 -29.775676 0.306328 0.694739 -0.146289 0.151361 -0.687770
1778755782.253699 0.292489 -29.645390 0.319441 -0.682028 0.141658 -0.166878 0.697799
1778755782.395122 0.388655 -29.529074 0.316102 0.682196 -0.190180 0.188016 -0.680507
1778755782.542118 0.495812 -29.418472 0.313102 -0.670075 0.224148 -0.213124 0.674786
1778755782.694130 0.584733 -29.299116 0.316986 -0.666941 0.217468 -0.228231 0.675136
1778755782.818814 0.624673 -29.181350 0.327735 -0.674140 0.175680 -0.197539 0.689674
1778755782.956666 0.655828 -29.085705 0.307782 0.694301 -0.148073 0.178702 -0.681238
1778755783.099561 0.706307 -28.929052 0.307081 0.694333 -0.127716 0.154304 -0.691216
1778755783.233618 0.746301 -28.782613 0.322648 -0.691121 0.109912 -0.148264 0.698777
1778755783.372738 0.783013 -28.653322 0.314044 -0.693806 0.104940 -0.141950 0.698191
1778755783.513439 0.823107 -28.495823 0.311247 -0.696511 0.099574 -0.126140 0.699318
1778755783.653439 0.870340 -28.335185 0.320961 -0.694693 0.097931 -0.117148 0.702914
1778755783.791699 0.928366 -28.207247 0.323112 -0.684510 0.116238 -0.144932 0.704932
1778755783.941024 1.027824 -28.069477 0.313343 -0.681701 0.176188 -0.158499 0.692184
1778755784.072412 1.120305 -27.957870 0.323384 -0.671414 0.197812 -0.189807 0.688511
1778755784.214391 1.213495 -27.842744 0.326894 -0.656319 0.213426 -0.208000 0.693132
1778755784.360582 1.305939 -27.723597 0.320006 -0.656388 0.226061 -0.211467 0.687992
1778755784.510106 1.387021 -27.635761 0.318574 -0.656582 0.226771 -0.229662 0.681711
1778755784.636249 1.503064 -27.499179 0.330272 -0.647164 0.224771 -0.245028 0.686016
1778755784.782691 1.608422 -27.350114 0.322551 -0.656313 0.232521 -0.240938 0.676118
1778755784.916531 1.703429 -27.238446 0.314794 -0.657794 0.233613 -0.249845 0.671050
1778755785.054444 1.799433 -27.114079 0.321212 -0.649138 0.229154 -0.249544 0.681055
1778755785.193722 1.868573 -27.033237 0.329456 -0.647573 0.230002 -0.246347 0.683419
1778755785.342890 1.965392 -26.931917 0.316888 -0.656194 0.236470 -0.249672 0.671680
1778755785.478416 2.073880 -26.796355 0.325503 -0.646336 0.228406 -0.252058 0.683042
1778755785.614460 2.142030 -26.679854 0.332747 -0.651854 0.211579 -0.236330 0.688816
1778755785.753125 2.169661 -26.561137 0.318463 -0.680739 0.149646 -0.205363 0.687042
1778755785.890991 2.205212 -26.401744 0.317476 -0.685319 0.110278 -0.160769 0.701662
1778755786.034344 2.230412 -26.262327 0.333758 -0.684389 0.079750 -0.141558 0.710783
1778755786.171977 2.273497 -26.148995 0.322594 -0.686379 0.099948 -0.156877 0.703053
1778755786.322192 2.358128 -26.019394 0.308156 -0.683320 0.162540 -0.151183 0.695556
1778755786.457531 2.447823 -25.899816 0.331298 -0.671079 0.176048 -0.187660 0.695301
1778755786.607118 2.540057 -25.775159 0.327122 -0.659929 0.190105 -0.207825 0.696536
1778755786.739358 2.611168 -25.677437 0.312952 -0.661308 0.214828 -0.215640 0.685579
1778755786.872372 2.747958 -25.606366 0.321442 -0.632145 0.272509 -0.272313 0.672292
1778755787.014554 2.882628 -25.533174 0.317340 -0.608838 0.312657 -0.325785 0.652246
1778755787.155775 3.004136 -25.472833 0.329338 -0.588454 0.347728 -0.333582 0.649254
1778755787.296270 3.132547 -25.423196 0.324602 -0.584070 0.364135 -0.355491 0.632372
1778755787.435058 3.270060 -25.359078 0.325959 -0.577682 0.360799 -0.375971 0.628295
1778755787.574930 3.378443 -25.309180 0.329378 -0.568762 0.367559 -0.381932 0.628918
1778755787.713145 3.508684 -25.254968 0.320665 -0.570459 0.373022 -0.393471 0.616937
1778755787.855138 3.650143 -25.186734 0.334814 -0.562518 0.364495 -0.401922 0.623840
1778755788.011955 3.811881 -25.112145 0.332476 -0.572441 0.375040 -0.393087 0.614116
1778755788.134381 3.931483 -25.064088 0.321322 -0.572106 0.377876 -0.398028 0.609490
1778755788.274645 4.047235 -24.974499 0.341936 -0.578576 0.348751 -0.378080 0.632991
1778755788.422689 4.135218 -24.858936 0.344711 -0.608905 0.289366 -0.348792 0.651034
1778755788.553569 4.221924 -24.762281 0.327164 -0.624192 0.269607 -0.327948 0.655855
1778755788.701762 4.330190 -24.633277 0.329275 -0.627231 0.250483 -0.304286 0.671751
1778755788.833019 4.407498 -24.555557 0.342061 -0.626088 0.243965 -0.303195 0.675698
1778755788.983628 4.539003 -24.478055 0.342460 -0.598431 0.295934 -0.329824 0.667473
1778755789.113266 4.656572 -24.408841 0.337724 -0.581711 0.322516 -0.342666 0.663457
1778755789.254059 4.811848 -24.372367 0.333107 -0.560907 0.384885 -0.374205 0.630252
1778755789.396071 4.961561 -24.365198 0.324850 -0.534531 0.421937 -0.420542 0.599492
1778755789.532931 5.116874 -24.386707 0.325598 -0.491615 0.455860 -0.486657 0.560063
1778755789.673423 5.241999 -24.444436 0.342416 -0.429939 0.514470 -0.515794 0.533319
1778755789.816962 5.391537 -24.498109 0.312417 -0.423552 0.546619 -0.526283 0.494811
1778755789.957739 5.543337 -24.483534 0.321258 0.453299 -0.503692 0.520117 -0.519896
1778755790.098387 5.684325 -24.450887 0.330887 -0.490463 0.458899 -0.515971 0.531631
1778755790.241289 5.826346 -24.411281 0.346145 -0.499581 0.427127 -0.504973 0.559450
1778755790.378144 5.916721 -24.324936 0.345095 -0.546364 0.389473 -0.454614 0.585767
1778755790.516390 6.038078 -24.226961 0.347601 -0.576828 0.331039 -0.430850 0.609961
1778755790.617995 6.104859 -24.173324 0.338820 -0.581210 0.313714 -0.416508 0.624739
1778755790.727646 6.216735 -24.073986 0.347552 -0.586485 0.293091 -0.391768 0.645485
1778755790.867384 6.329543 -23.991811 0.349051 -0.586512 0.292828 -0.389415 0.647002
1778755791.007154 6.488569 -23.964758 0.337581 -0.547984 0.365550 -0.434434 0.614291
1778755791.143088 6.616166 -23.991060 0.320547 -0.496181 0.441887 -0.491144 0.563310
1778755791.300614 6.701151 -24.023179 0.300429 -0.453075 0.529994 -0.491387 0.521890
1778755791.427598 6.785282 -24.136013 0.317322 -0.371066 0.583591 -0.579784 0.430792
1778755791.569894 6.816306 -24.226374 0.303367 0.296575 -0.627096 0.636115 -0.337863
1778755791.705963 6.814605 -24.326303 0.308995 0.207425 -0.662821 0.669499 -0.263467
1778755791.844879 6.798236 -24.405494 0.318035 0.139814 -0.681743 0.686691 -0.210081
1778755791.986929 6.786073 -24.470727 0.321262 0.101247 -0.691424 0.695847 -0.165766
1778755792.136425 6.745489 -24.542946 0.306434 -0.042384 0.703812 -0.702380 0.097540
1778755792.267444 6.698906 -24.579659 0.306948 0.001283 0.708667 -0.704640 0.035671
1778755792.405952 6.663767 -24.593641 0.299594 0.032397 0.716663 -0.696562 -0.012075
1778755792.547020 6.643690 -24.602961 0.297894 0.049963 0.719210 -0.692197 -0.033220
1778755792.695946 6.636362 -24.608497 0.295484 0.059608 0.719263 -0.690690 -0.045339
1778755792.829649 6.618771 -24.609143 0.294484 0.069276 0.717144 -0.690690 -0.062066
1778755792.968054 6.583245 -24.606498 0.302911 0.111460 0.711931 -0.686128 -0.099793
1778755793.107373 6.544757 -24.595965 0.302143 0.161899 0.704398 -0.674305 -0.151408
1778755793.247267 6.522958 -24.589612 0.299511 0.190533 0.695633 -0.668881 -0.179972
1778755793.397095 6.497525 -24.600352 0.291502 0.209696 0.694437 -0.659298 -0.197764
1778755793.537138 6.459213 -24.629324 0.280115 0.228352 0.692484 -0.653083 -0.204459
1778755793.673413 6.424965 -24.661803 0.288715 0.235078 0.688948 -0.652363 -0.210977
1778755793.819422 6.401365 -24.689289 0.274002 0.236794 0.696843 -0.640663 -0.218835
1778755793.963901 6.382324 -24.713847 0.281504 0.240630 0.696105 -0.638476 -0.223346
1778755794.092916 6.371705 -24.732252 0.280575 0.234119 0.695799 -0.640210 -0.226237
1778755794.237656 6.346970 -24.764462 0.278012 0.229598 0.695050 -0.642447 -0.226831
1778755794.376186 6.302586 -24.804925 0.281775 0.240811 0.691713 -0.639618 -0.233307
1778755794.516966 6.244297 -24.836624 0.285248 0.267962 0.681725 -0.635870 -0.243138
1778755794.655767 6.192602 -24.876323 0.274639 0.275326 0.683287 -0.624641 -0.259110
1778755794.813114 6.140794 -24.919025 0.281086 0.287728 0.686552 -0.612602 -0.265665
1778755794.939414 6.098595 -24.953024 0.273118 0.291608 0.685572 -0.610971 -0.267714
1778755795.088878 6.043877 -24.989424 0.283849 0.294596 0.686541 -0.608660 -0.267223
1778755795.217212 6.021324 -25.009504 0.274944 0.294618 0.687224 -0.610480 -0.261223
1778755795.361791 6.004902 -25.020143 0.281158 0.303944 0.684113 -0.609123 -0.261869
1778755795.493752 6.005274 -25.026409 0.263754 0.290479 0.687225 -0.614425 -0.256564
1778755795.637961 6.001690 -25.027418 0.267172 0.276759 0.692555 -0.614066 -0.258251
1778755795.787353 5.980737 -25.037922 0.276444 0.265410 0.691541 -0.613650 -0.273427
1778755795.919195 5.954061 -25.073562 0.271678 0.249922 0.696073 -0.623530 -0.253440
1778755796.069368 5.924482 -25.099069 0.274177 0.241374 0.692997 -0.643224 -0.218534
1778755796.196072 5.916718 -25.124660 0.232467 0.208131 0.688164 -0.665665 -0.200003
1778755796.334452 5.930439 -25.149625 0.298561 0.181299 0.699044 -0.668047 -0.179393
1778755796.475705 5.953073 -25.158596 0.333841 0.157608 0.705077 -0.671368 -0.165202
1778755796.617555 5.957312 -25.161465 0.338443 0.157026 0.704140 -0.673516 -0.160952
1778755796.759808 5.989426 -25.156060 0.333298 0.124502 0.713105 -0.676559 -0.135083
1778755796.895454 6.022360 -25.151064 0.315217 0.105458 0.715103 -0.678493 -0.130973
1778755797.036302 6.052794 -25.146198 0.300041 0.082249 0.716226 -0.683310 -0.115514
1778755797.174273 6.086250 -25.143758 0.303352 0.044086 0.708872 -0.696891 -0.099503
1778755797.319254 6.093383 -25.149159 0.316879 0.040685 0.712704 -0.695236 -0.083936
1778755797.461839 6.068400 -25.175285 0.323897 0.066148 0.717391 -0.686503 -0.098428
1778755797.614229 6.022879 -25.210961 0.262626 -0.113451 -0.694460 0.701257 0.114424
1778755797.743881 5.969689 -25.196680 0.323641 -0.159038 -0.617597 0.753635 0.159106
1778755797.878075 5.883269 -25.150959 0.405972 -0.223558 -0.548221 0.769280 0.240174
1778755798.019681 5.799274 -25.128422 0.397824 -0.267264 -0.542898 0.727947 0.322374
1778755798.157149 5.721873 -25.139260 0.353280 -0.296477 -0.533317 0.706417 0.358677
1778755798.301409 5.645781 -25.156467 0.309411 -0.372511 -0.586092 0.656980 0.293442
1778755798.438315 5.588946 -25.171532 0.327272 0.416264 0.644077 -0.591490 -0.249056
1778755798.579745 5.536692 -25.193752 0.216345 0.425459 0.628414 -0.604404 -0.242438
1778755798.718157 5.510487 -25.230588 0.302604 0.402720 0.629379 -0.628585 -0.215822
1778755798.857353 5.493722 -25.277242 0.225924 0.378876 0.666750 -0.621193 -0.161297
1778755799.012446 5.458112 -25.329799 0.344859 -0.321210 -0.658856 0.668987 0.123244
1778755799.140750 5.431185 -25.380618 0.250584 -0.271372 -0.663871 0.686316 0.120843
1778755799.277012 5.396201 -25.426851 0.233007 -0.254770 -0.654281 0.703132 0.112311
1778755799.417969 5.364833 -25.471536 0.287559 -0.234249 -0.607931 0.753417 0.088940
1778755799.563776 5.369309 -25.500334 0.331249 -0.190038 -0.565395 0.799503 0.070776
1778755799.713454 5.402824 -25.533122 0.391112 -0.154998 -0.554244 0.816509 0.045856
1778755799.841352 5.419700 -25.560364 0.311387 -0.138530 -0.594718 0.788982 0.068022
1778755799.981520 5.387573 -25.595889 0.257478 -0.161713 -0.658358 0.727002 0.109005
1778755800.122577 5.342298 -25.630508 0.276484 -0.179606 -0.667213 0.709646 0.137732
1778755800.260509 5.291541 -25.675651 0.273246 0.197048 0.693590 -0.677214 -0.146580
1778755800.405326 5.249278 -25.728478 0.278247 0.227390 0.700313 -0.657626 -0.159321
1778755800.547093 5.215161 -25.767958 0.284558 0.238565 0.700516 -0.650396 -0.171314
1778755800.685029 5.198052 -25.784977 0.277652 0.241345 0.694349 -0.653183 -0.181613
1778755800.825493 5.185738 -25.791824 0.277136 0.236626 0.687462 -0.656593 -0.200722
1778755800.970140 5.166710 -25.798358 0.272892 0.241701 0.683746 -0.652856 -0.218750
1778755801.103894 5.144139 -25.787204 0.272996 0.267772 0.677787 -0.641249 -0.240215
1778755801.248547 5.131529 -25.776442 0.273029 0.289522 0.669388 -0.636722 -0.250362
1778755801.384019 5.127431 -25.772060 0.271802 0.298002 0.665989 -0.634889 -0.254105
1778755801.525810 5.125892 -25.771970 0.271777 0.299476 0.664676 -0.635175 -0.255092
1778755801.663237 5.113107 -25.780207 0.270189 0.301873 0.664755 -0.632803 -0.257941
1778755801.801744 5.090854 -25.793384 0.258660 0.308598 0.665869 -0.629500 -0.255177
1778755801.941599 5.072867 -25.808636 0.279513 0.312612 0.668650 -0.626175 -0.251168
1778755802.085448 5.061152 -25.816690 0.254145 0.317727 0.667100 -0.624525 -0.252974
1778755802.230029 5.038237 -25.830531 0.261836 0.317628 0.661867 -0.628000 -0.258186
1778755802.373878 5.014615 -25.855406 0.276525 0.301490 0.658580 -0.634015 -0.270925
1778755802.511955 4.978658 -25.892588 0.270683 0.294814 0.660848 -0.635672 -0.268858
1778755802.641270 4.932020 -25.933986 0.283172 0.301999 0.660754 -0.636744 -0.258375
1778755802.789598 4.874206 -25.975494 0.290155 0.314613 0.649865 -0.644918 -0.250547
1778755802.922420 4.820903 -26.018510 0.289705 0.307996 0.660480 -0.630595 -0.266935
1778755803.066551 4.759290 -26.076179 0.279880 0.301395 0.660973 -0.633296 -0.266856
1778755803.204044 4.708575 -26.116488 0.289731 0.310259 0.662183 -0.633197 -0.253603
1778755803.343036 4.652810 -26.161792 0.303524 0.319440 0.664753 -0.628977 -0.245864
1778755803.496810 4.611943 -26.195719 0.278180 0.316440 0.664487 -0.630862 -0.245633
1778755803.623427 4.582180 -26.213562 0.266150 0.311899 0.674426 -0.622336 -0.246104
1778755803.767143 4.550881 -26.232826 0.273702 0.305455 0.673888 -0.626224 -0.245797
1778755803.912287 4.524869 -26.254866 0.273871 0.300358 0.666960 -0.636243 -0.245243
1778755804.043814 4.503448 -26.276502 0.277888 0.304358 0.662981 -0.640407 -0.240211
1778755804.182966 4.483850 -26.293069 0.254430 0.305943 0.662604 -0.640979 -0.237699
1778755804.323543 4.460382 -26.302169 0.255864 0.308349 0.656009 -0.641883 -0.250119
1778755804.463362 4.431484 -26.291382 0.259074 0.333006 0.649892 -0.624935 -0.276051
1778755804.601202 4.407031 -26.288059 0.259099 0.342207 0.649018 -0.612213 -0.294728
1778755804.741545 4.391647 -26.291681 0.258223 0.345078 0.646906 -0.607009 -0.306553
1778755804.886592 4.368701 -26.300598 0.252322 0.350355 0.642702 -0.609638 -0.304184
1778755805.047022 4.332375 -26.315934 0.264096 0.357596 0.636384 -0.612928 -0.302423
1778755805.165950 4.303650 -26.331212 0.263322 0.367657 0.627405 -0.619497 -0.295659
1778755805.303769 4.257151 -26.354731 0.258041 -0.369379 -0.620759 0.621373 0.303503
1778755805.450779 4.219303 -26.378982 0.281165 0.363780 0.624891 -0.615399 -0.313782
1778755805.583159 4.190052 -26.416613 0.282558 0.335558 0.643697 -0.622145 -0.293242
1778755805.722249 4.172398 -26.447397 0.281207 0.297117 0.659642 -0.637457 -0.265034
1778755805.863407 4.165429 -26.463360 0.316473 -0.271638 -0.655243 0.660176 0.247056
1778755806.003434 4.162835 -26.469890 0.321585 -0.259746 -0.648283 0.676200 0.234551
1778755806.151168 4.159155 -26.479846 0.288462 -0.262915 -0.648179 0.679900 0.220173
1778755806.287127 4.151583 -26.496681 0.286621 -0.266147 -0.644050 0.686189 0.208590
1778755806.423884 4.104074 -26.511166 0.284167 -0.281282 -0.641571 0.671410 0.241819
1778755806.574794 4.050203 -26.530845 0.299717 -0.295994 -0.635886 0.661324 0.265871
1778755806.704082 3.993081 -26.560514 0.295285 -0.308519 -0.636977 0.651567 0.273015
1778755806.846081 3.954218 -26.584922 0.295573 -0.312949 -0.640362 0.646244 0.272707
1778755806.986822 3.936285 -26.596683 0.277190 -0.322874 -0.637502 0.646233 0.267817
1778755807.124151 3.922678 -26.604544 0.285490 -0.319870 -0.639378 0.644987 0.269947
1778755807.268956 3.913193 -26.607697 0.278060 -0.314668 -0.635447 0.651143 0.270561
1778755807.402750 3.908244 -26.607300 0.280644 -0.318752 -0.636063 0.649373 0.268580
1778755807.543123 3.907541 -26.606758 0.266887 -0.322357 -0.637428 0.644042 0.273826
1778755807.682698 3.908877 -26.605916 0.266083 -0.323464 -0.638132 0.641092 0.277777
1778755807.828334 3.910251 -26.604906 0.265898 -0.323581 -0.638735 0.639169 0.280670
1778755807.962392 3.911404 -26.604213 0.266067 0.323503 0.639061 -0.638356 -0.281866
1778755808.109197 3.913832 -26.604682 0.266355 0.322082 0.639938 -0.638517 -0.281138
1778755808.244041 3.920956 -26.610836 0.268717 -0.314466 -0.641911 0.643391 0.274061
1778755808.383329 3.926537 -26.614680 0.271105 -0.308960 -0.642846 0.646216 0.271474
1778755808.524381 3.928172 -26.614058 0.271476 -0.308364 -0.643004 0.646141 0.271954
1778755808.662445 3.928317 -26.612850 0.271528 -0.309161 -0.642748 0.645472 0.273241
1778755808.803470 3.928020 -26.613232 0.272480 -0.308337 -0.641584 0.646476 0.274532
1778755808.942140 3.916011 -26.625679 0.288451 -0.305447 -0.635719 0.655971 0.268822
1778755809.087475 3.885256 -26.643755 0.276174 -0.314763 -0.632754 0.658464 0.258788
1778755809.249775 3.856466 -26.660881 0.263516 -0.315307 -0.628173 0.660859 0.263148
1778755809.376379 3.817714 -26.701083 0.286701 -0.302074 -0.640379 0.648596 0.279266
1778755809.505609 3.779195 -26.740245 0.301238 -0.289538 -0.640191 0.652188 0.284560
1778755809.659518 3.719159 -26.792642 0.291090 0.291078 0.652267 -0.643858 -0.274353
1778755809.791033 3.662616 -26.833641 0.289433 0.302825 0.649804 -0.646601 -0.260689
1778755809.927041 3.600510 -26.882513 0.287219 0.306781 0.656569 -0.636388 -0.264221
1778755810.065941 3.548316 -26.932417 0.298670 0.299077 0.658546 -0.635867 -0.269339
1778755810.206146 3.484228 -26.989861 0.291123 0.296521 0.663528 -0.633701 -0.265008
1778755810.371078 3.417947 -27.036346 0.291439 0.309449 0.662124 -0.635764 -0.248269
1778755810.484857 3.367651 -27.081891 0.288820 0.308123 0.671386 -0.625382 -0.251394
1778755810.624746 3.308405 -27.129293 0.295637 0.306250 0.662063 -0.636176 -0.251323
1778755810.776531 3.239958 -27.182888 0.290896 0.300067 0.660170 -0.639124 -0.256232
1778755810.905582 3.184460 -27.225425 0.291210 0.307656 0.663311 -0.637467 -0.242904
1778755811.050389 3.114329 -27.284544 0.277907 0.308323 0.671140 -0.628620 -0.243608
1778755811.191650 3.044354 -27.347316 0.294001 0.296821 0.662143 -0.639688 -0.253499
1778755811.328032 2.962226 -27.436050 0.289689 0.294634 0.669863 -0.637882 -0.239958
1778755811.466066 2.917033 -27.531269 0.277784 0.258298 0.673342 -0.660739 -0.208130
1778755811.604507 2.870067 -27.644877 0.283738 0.221755 0.694891 -0.657783 -0.187811
1778755811.745911 2.824913 -27.747894 0.301730 0.195970 0.691643 -0.671518 -0.179693
1778755811.885321 2.771210 -27.851941 0.284053 0.187963 0.698472 -0.667039 -0.178510
1778755812.023276 2.673023 -27.960756 0.293028 -0.207420 -0.672860 0.675196 0.219878
1778755812.165154 2.591222 -28.015230 0.289972 0.262347 0.680167 -0.652927 -0.205506
1778755812.309533 2.482844 -28.104809 0.282019 0.282854 0.677147 -0.643323 -0.218176
1778755812.445030 2.387333 -28.192827 0.281487 0.276655 0.673700 -0.639288 -0.246785
1778755812.582440 2.285590 -28.280392 0.290464 0.292279 0.664740 -0.643864 -0.241107
1778755812.727554 2.176330 -28.341341 0.287987 0.326820 0.655197 -0.624271 -0.272382
1778755812.869395 2.003927 -28.350028 0.284730 0.414842 0.601544 -0.593647 -0.337097
1778755813.004976 1.845045 -28.302822 0.267822 0.518219 0.554005 -0.502863 -0.414315
1778755813.144316 1.731907 -28.213085 0.273772 0.586124 0.458487 -0.400143 -0.534915
1778755813.281155 1.793646 -28.071925 0.198861 0.742452 0.300995 -0.375667 -0.465876
1778755813.425498 1.821582 -27.984382 0.209256 0.864184 0.207306 -0.274911 -0.366924
1778755813.561093 1.765276 -27.897723 0.185195 0.829238 0.055122 -0.289487 -0.474892
1778755813.700048 1.704121 -27.820220 0.288652 0.718770 0.060089 -0.293623 -0.627332
1778755813.844911 1.571956 -27.819726 0.307557 0.689499 0.218737 -0.287996 -0.627538
1778755813.986076 1.397583 -27.865757 0.292819 0.615530 0.372805 -0.348418 -0.600620
1778755814.132080 1.242821 -27.902537 0.295168 -0.539888 -0.480419 0.411410 0.555391
1778755814.266073 1.201535 -27.951079 0.288215 0.492529 0.533988 -0.450166 -0.519253
1778755814.410559 1.065405 -28.012688 0.291473 0.440143 0.572678 -0.496514 -0.481444
1778755814.543927 0.998716 -28.098352 0.293727 0.369004 0.600857 -0.565726 -0.427506
1778755814.693815 0.936162 -28.217024 0.291061 0.302276 0.673031 -0.585500 -0.335928
1778755814.832507 0.847894 -28.347785 0.295931 0.272974 0.672928 -0.621397 -0.294142
1778755814.973185 0.749481 -28.420775 0.301898 0.290549 0.654411 -0.618510 -0.323687
1778755815.107758 0.640817 -28.469741 0.288185 0.326437 0.630647 -0.615196 -0.342428
1778755815.250051 0.516970 -28.524720 0.304289 0.360050 0.620268 -0.602689 -0.349853
1778755815.389310 0.382875 -28.573507 0.305336 0.376750 0.612323 -0.591287 -0.365377
1778755815.528422 0.229085 -28.594494 0.304967 0.421715 0.579563 -0.572489 -0.398145
1778755815.668421 0.065335 -28.544368 0.301168 -0.504112 -0.510739 0.517873 0.465644
1778755815.808280 -0.031947 -28.452493 0.306452 -0.556794 -0.416288 0.438810 0.569325
1778755815.957325 -0.139362 -28.352800 0.288442 0.640984 0.351206 -0.382155 -0.565465
1778755816.107322 -0.213640 -28.245768 0.289093 0.650660 0.295975 -0.346100 -0.607664
1778755816.252319 -0.298074 -28.185514 0.291992 0.640184 0.299143 -0.324149 -0.628971
1778755816.383834 -0.308410 -28.180309 0.294002 0.641025 0.300616 -0.327881 -0.625468
1778755816.512710 -0.318522 -28.175228 0.295986 0.641831 0.302051 -0.331528 -0.622018
1778755816.652967 -0.329509 -28.169720 0.298161 0.642688 0.303603 -0.335487 -0.618244
1778755816.891712 -0.622039 -28.310002 0.274599 0.472879 0.547152 -0.448422 -0.525288
1778755817.021917 -0.762574 -28.357997 0.290309 0.454517 0.576772 -0.511214 -0.446553
1778755817.169097 -0.908019 -28.417120 0.306789 0.422645 0.573004 -0.551200 -0.434990
1778755817.299573 -1.005747 -28.460851 0.309305 0.407824 0.578684 -0.556612 -0.434727
1778755817.429514 -1.131408 -28.515855 0.311812 0.395899 0.575737 -0.570145 -0.432118
1778755817.573763 -1.282462 -28.531040 0.320501 0.431383 0.554882 -0.546183 -0.455739
1778755817.709150 -1.411925 -28.471218 0.317397 -0.504481 -0.481463 0.496830 0.516578
1778755817.852164 -1.514236 -28.366872 0.314243 0.588774 0.377647 -0.438624 -0.564213
1778755817.989829 -1.561419 -28.210259 0.323330 0.652512 0.258440 -0.320879 -0.635982
1778755818.139874 -1.542535 -28.059588 0.300569 -0.684138 -0.119110 0.177354 0.697362
1778755818.270630 -1.494332 -27.924276 0.300534 0.727693 0.007279 -0.077653 -0.681455
1778755818.409010 -1.432503 -27.832370 0.285532 0.719541 -0.086497 -0.001741 -0.689040
1778755818.553932 -1.461866 -27.710997 0.293997 0.721375 -0.064665 -0.008459 -0.689468
1778755818.691108 -1.553486 -27.636207 0.286245 0.719269 0.033552 -0.048198 -0.692245
1778755818.839216 -1.683243 -27.524235 0.303130 0.693943 0.157222 -0.140332 -0.688500
1778755818.973353 -1.805199 -27.445309 0.289879 -0.659400 -0.252724 0.196555 0.680212
1778755819.121452 -1.896914 -27.405111 0.307196 -0.639636 -0.300419 0.242414 0.664717
1778755819.256055 -1.992440 -27.383687 0.302887 -0.614960 -0.345868 0.297797 0.643053
1778755819.395940 -2.107989 -27.411877 0.301749 -0.546092 -0.430454 0.382825 0.608226
1778755819.534318 -2.236063 -27.476974 0.308760 -0.486939 -0.502614 0.454866 0.550787
1778755819.676232 -2.372604 -27.553946 0.318903 0.408639 0.560978 -0.530718 -0.486473
1778755819.818319 -2.390559 -27.624169 0.293979 0.342041 0.634674 -0.560871 -0.406966
1778755819.960561 -2.493394 -27.754473 0.289062 0.272628 0.657859 -0.607764 -0.351451
1778755820.097905 -2.581493 -27.851146 0.315321 0.243808 0.655426 -0.638478 -0.321434
1778755820.240517 -2.678534 -27.944205 0.319952 0.250017 0.650423 -0.639091 -0.325582
1778755820.382679 -2.782197 -28.037745 0.306157 0.272304 0.654580 -0.637970 -0.300616
1778755820.521536 -2.914166 -28.138522 0.309488 0.281648 0.647283 -0.641739 -0.299782
1778755820.666258 -3.028993 -28.253661 0.307704 0.270703 0.654311 -0.642345 -0.293240
1778755820.820973 -3.112301 -28.384581 0.317100 0.229840 0.665542 -0.662915 -0.254504
1778755820.945319 -3.189708 -28.505341 0.303876 0.202451 0.687038 -0.656132 -0.237662
1778755821.087664 -3.276367 -28.649417 0.293345 0.188143 0.693426 -0.661594 -0.214607
1778755821.229242 -3.355236 -28.775621 0.320047 -0.177527 -0.678609 0.682170 0.206439
1778755821.380087 -3.433696 -28.884541 0.304683 0.184627 0.690934 -0.665602 -0.213300
1778755821.503274 -3.521795 -28.951085 0.302037 0.216261 0.673594 -0.660032 -0.252704
1778755821.640833 -3.626282 -29.013538 0.314369 -0.264108 -0.654218 0.658424 0.262154
1778755821.788109 -3.742533 -29.080533 0.309111 0.286958 0.649682 -0.642697 -0.287245
1778755821.927158 -3.860195 -29.164586 0.304468 0.297030 0.643225 -0.642825 -0.291225
1778755822.075345 -3.990012 -29.248428 0.309032 0.303281 0.641263 -0.633403 -0.309196
1778755822.205683 -4.099326 -29.319262 0.304257 0.306805 0.641527 -0.629391 -0.313336
1778755822.345318 -4.179449 -29.391107 0.307703 0.295302 0.645022 -0.636479 -0.302718
1778755822.492567 -4.258181 -29.532289 0.302231 0.241993 0.670079 -0.647661 -0.270128
1778755822.641021 -4.344378 -29.675531 0.302200 0.203741 0.686018 -0.652585 -0.249002
1778755822.774327 -4.390244 -29.771407 0.315001 0.193120 0.677220 -0.674029 -0.223076
1778755822.915415 -4.416911 -29.847865 0.302573 0.153097 0.701779 -0.666939 -0.198141
1778755823.050398 -4.412494 -30.010562 0.297793 0.059595 0.713081 -0.685010 -0.136836
1778755823.189321 -4.388383 -30.138193 0.284868 -0.008937 0.713572 -0.696725 -0.072870
1778755823.330757 -4.384535 -30.149371 0.286184 -0.015280 0.715622 -0.695380 -0.064024
1778755823.471759 -4.381972 -30.152452 0.287649 -0.018334 0.717700 -0.693657 -0.058398
1778755823.612718 -4.379402 -30.155479 0.289128 -0.021386 0.719742 -0.691902 -0.052771
1778755823.737580 -4.356330 -30.277440 0.286699 -0.062241 0.720373 -0.690535 -0.018715
1778755823.873843 -4.295517 -30.423573 0.320112 0.105618 -0.693058 0.712372 -0.032261
1778755823.985476 -4.278975 -30.456192 0.312236 0.118672 -0.690338 0.712505 -0.041073
1778755824.110145 -4.252686 -30.502899 0.320156 0.116058 -0.683445 0.718495 -0.056557
1778755824.242710 -4.230354 -30.552105 0.325879 0.113430 -0.672503 0.728028 -0.069636
1778755824.390261 -4.211664 -30.619023 0.329303 0.115628 -0.662172 0.737256 -0.067908
1778755824.532753 -4.191027 -30.683511 0.317487 0.125364 -0.666692 0.732237 -0.060295
1778755824.681807 -4.168266 -30.740063 0.315831 0.127713 -0.668321 0.730402 -0.059581
1778755824.808925 -4.138467 -30.808976 0.324710 0.119558 -0.674286 0.724453 -0.078820
1778755824.947355 -4.119184 -30.864653 0.329125 0.115484 -0.668670 0.729417 -0.086579
1778755825.093833 -4.072035 -30.937062 0.334091 0.148329 -0.663605 0.727327 -0.092858
1778755825.234685 -4.028521 -30.996962 0.315948 0.170293 -0.669460 0.715865 -0.101791
1778755825.371330 -3.985112 -31.053016 0.310845 0.182746 -0.666914 0.713524 -0.112754
1778755825.517209 -3.939889 -31.122404 0.320287 0.180708 -0.677863 0.699403 -0.136678
1778755825.660219 -3.931901 -31.138274 0.323792 0.177953 -0.676669 0.700336 -0.141356
1778755825.788734 -3.928104 -31.145391 0.324707 0.176959 -0.676401 0.700638 -0.142389
1778755825.994498 -3.922027 -31.156786 0.326173 0.175365 -0.675968 0.701118 -0.144041
1778755826.200863 -3.789728 -31.438213 0.270078 -0.197167 0.730450 -0.640659 0.130857
1778755826.343104 -3.748026 -31.498856 0.266956 -0.203400 0.733056 -0.636670 0.126126
1778755826.457317 -3.692800 -31.594412 0.249121 -0.200934 0.721553 -0.647996 0.138160
1778755826.564864 -3.651435 -31.665933 0.258500 -0.192882 0.734605 -0.632031 0.153914
1778755826.697633 -3.603070 -31.775929 0.261896 -0.187847 0.726177 -0.643609 0.152142
1778755826.841009 -3.552076 -31.874611 0.284293 -0.186510 0.709755 -0.661117 0.156162
1778755826.978202 -3.480422 -32.004641 0.295541 -0.187377 0.701788 -0.666629 0.167299
1778755827.133569 -3.379401 -32.088324 0.289683 -0.242661 0.686911 -0.656293 0.196337
1778755827.258908 -3.279034 -32.169740 0.284179 -0.273092 0.680928 -0.640458 0.227093
1778755827.363930 -3.181555 -32.225628 0.307615 -0.306827 0.653846 -0.636328 0.270978
1778755827.479408 -3.111130 -32.214125 0.286630 0.381430 -0.615199 0.617230 -0.308334
1778755827.607055 -2.978342 -32.246930 0.287503 -0.415972 0.603644 -0.579870 0.355431
1778755827.751131 -2.847834 -32.270963 0.298941 -0.430246 0.574129 -0.570884 0.399194
1778755827.890893 -2.767356 -32.270873 0.290376 -0.457950 0.566741 -0.552914 0.404195
1778755828.031505 -2.605329 -32.295099 0.293600 -0.464989 0.554628 -0.543203 0.425562
1778755828.182936 -2.499259 -32.312473 0.296912 -0.467688 0.551789 -0.535756 0.435617
1778755828.322100 -2.381009 -32.329882 0.297369 -0.477124 0.546932 -0.534711 0.432784
1778755828.450380 -2.265677 -32.342186 0.292161 -0.476310 0.539864 -0.533245 0.444214
1778755828.591538 -2.069314 -32.370364 0.298182 -0.476580 0.543611 -0.525609 0.448435
1778755828.735885 -1.965574 -32.387007 0.301162 -0.482610 0.536761 -0.529735 0.445373
1778755828.873794 -1.851686 -32.364503 0.305878 0.511653 -0.506011 0.502809 -0.478902
1778755829.011386 -1.746354 -32.300919 0.307295 0.544275 -0.450491 0.466588 -0.532089
1778755829.158991 -1.627470 -32.230468 0.303950 0.585636 -0.409722 0.429346 -0.552106
1778755829.323169 -1.523726 -32.177708 0.316276 0.591319 -0.385579 0.403594 -0.582050
1778755829.456148 -1.392286 -32.105728 0.301641 0.614207 -0.373459 0.387982 -0.576844
1778755829.583677 -1.311955 -32.054094 0.311900 0.610104 -0.359681 0.384563 -0.592042
1778755829.717765 -1.122966 -31.936653 0.311949 0.615698 -0.360695 0.356902 -0.602857
1778755829.855873 -1.041177 -31.890555 0.299306 0.624041 -0.360909 0.352786 -0.596540
1778755830.000368 -0.899073 -31.796915 0.307529 0.615448 -0.349896 0.349114 -0.613934
1778755830.133817 -0.800791 -31.705663 0.312917 -0.621543 0.316818 -0.331894 0.634946
1778755830.272764 -0.753037 -31.620164 0.300214 0.663710 -0.274415 0.299989 -0.627847
1778755830.411800 -0.667750 -31.476332 0.307804 0.664883 -0.241904 0.275540 -0.650761
1778755830.557529 -0.577361 -31.338134 0.319056 0.666283 -0.217108 0.260669 -0.664066
1778755830.695390 -0.496463 -31.210739 0.316302 0.670389 -0.210416 0.243976 -0.668416
1778755830.834140 -0.435388 -31.122135 0.305683 0.677904 -0.214179 0.216088 -0.669238
1778755830.975317 -0.367476 -31.019605 0.296606 0.678316 -0.207422 0.216408 -0.670844
1778755831.116825 -0.309615 -30.917314 0.322475 -0.669852 0.195016 -0.222384 0.681038
1778755831.255243 -0.229291 -30.784594 0.314846 0.679851 -0.205943 0.213856 -0.670564
1778755831.394176 -0.102885 -30.708152 0.311910 0.658806 -0.265704 0.263761 -0.652538
1778755831.533722 0.021765 -30.665521 0.300246 -0.620442 0.327864 -0.332714 0.629966
1778755831.672741 0.167916 -30.621920 0.309247 -0.594321 0.392725 -0.343775 0.611857
1778755831.814499 0.307989 -30.643616 0.301357 -0.546821 0.450308 -0.419074 0.567968
1778755831.958418 0.412740 -30.698811 0.296891 -0.476294 0.519094 -0.492773 0.510746
1778755832.096462 0.481001 -30.749660 0.305533 -0.440055 0.570652 -0.530464 0.446447
1778755832.234298 0.538245 -30.795627 0.304807 -0.401727 0.594391 -0.565914 0.406271
1778755832.390502 0.559047 -30.848483 0.302793 -0.366263 0.618884 -0.590866 0.365667
1778755832.516963 0.556293 -30.895976 0.304649 -0.332899 0.631216 -0.624912 0.316589
1778755832.653597 0.532597 -30.936373 0.309745 -0.280600 0.655182 -0.649114 0.265802
1778755832.795633 0.505670 -30.964741 0.309521 -0.241917 0.672321 -0.666167 0.213734
1778755832.936767 0.496130 -30.986122 0.308727 -0.223790 0.677061 -0.676547 0.183824
1778755833.074869 0.486221 -31.006380 0.305001 -0.210712 0.683315 -0.677929 0.170567
1778755833.215322 0.484196 -31.013429 0.304504 -0.208578 0.684490 -0.678631 0.165615
1778755833.362275 0.487520 -31.011459 0.305600 -0.211487 0.682389 -0.680067 0.164706
1778755833.507400 0.487672 -31.012042 0.305196 -0.211891 0.682853 -0.678691 0.167906
1778755833.641724 0.489631 -31.011212 0.304979 -0.214111 0.682154 -0.678145 0.170124
1778755833.775540 0.491988 -31.009477 0.305426 -0.216250 0.681192 -0.677666 0.173153
1778755833.931143 0.493362 -31.008330 0.305479 -0.218158 0.680616 -0.676928 0.175893
1778755834.059031 0.494713 -31.006772 0.305742 -0.220219 0.679857 -0.676437 0.178130
1778755834.205859 0.496212 -31.005216 0.306088 -0.222823 0.678859 -0.676003 0.180334
1778755834.347317 0.497102 -31.004029 0.306191 -0.224654 0.678241 -0.675498 0.182271
1778755834.476968 0.498072 -31.002914 0.306403 -0.225432 0.677703 -0.675117 0.184704
1778755834.633939 0.499477 -31.001354 0.306405 -0.226312 0.677290 -0.674037 0.189035
1778755834.756959 0.500750 -31.000225 0.306664 -0.227272 0.676715 -0.673691 0.191164
1778755834.896186 0.502387 -30.999216 0.307168 -0.228479 0.675849 -0.673602 0.193095
1778755835.042350 0.503652 -30.998271 0.307442 -0.229747 0.675149 -0.673241 0.195284
1778755835.182866 0.504578 -30.997685 0.307405 -0.231068 0.674765 -0.672706 0.196890
1778755835.343018 0.505251 -30.997127 0.307494 -0.232485 0.674267 -0.672490 0.197665
1778755835.462483 0.505433 -30.996720 0.307585 -0.233459 0.673984 -0.672233 0.198355
