1779361284.948678 0.000000 0.000000 0.000000 0.00000000 0.00000000 0.00000000 1.00000000
1779361288.942846 -0.007842 -0.000643 0.015151 -0.00457300 -0.03360151 -0.01646636 0.99928919
1779361289.104096 -0.023719 -0.002989 -0.004825 -0.00101101 -0.14432286 -0.02266168 0.98927061
1779361289.225799 -0.022782 -0.002598 -0.017127 -0.00301303 -0.17762226 -0.01199333 0.98402104
1779361289.327857 -0.011065 -0.001258 -0.026273 -0.00945236 -0.27221276 -0.00574157 0.96217353
1779361289.445089 0.001002 -0.000446 -0.031522 -0.01113530 -0.38024409 -0.00572731 0.92480140
1779361289.628358 -0.032713 -0.004191 -0.034715 -0.00763007 -0.50187156 0.00409963 0.86489879
1779361289.732609 -0.042604 -0.002568 -0.041413 -0.01463891 -0.62668100 0.00670365 0.77910955
1779361289.868535 -0.045872 -0.001311 -0.077478 0.01105771 0.70720255 0.00566310 -0.70690184
1779361290.013012 0.009604 -0.004944 -0.066747 -0.02166763 0.80272555 0.01354777 -0.59580086
1779361290.155654 0.003089 -0.003521 -0.076901 -0.02711616 0.87654370 0.02028312 -0.48012962
1779361290.288138 0.000329 -0.002963 -0.081595 -0.02824218 0.93560041 0.03121401 -0.35054234
1779361290.432838 -0.017881 0.003640 -0.078654 -0.00548768 0.96796077 0.02189814 -0.25008459
1779361290.711580 -0.029076 0.001673 -0.090872 -0.00440908 0.94443455 0.00764624 -0.32858099
1779361290.858349 -0.039344 0.000660 -0.097980 0.00092770 0.90522270 0.02346767 -0.42428797
1779361290.994174 -0.035480 0.005012 -0.101332 0.02739583 0.87107378 -0.00315856 -0.49037736
1779361291.159359 -0.056870 0.005342 -0.079237 0.02871421 0.85952495 -0.00950564 -0.51019801
1779361291.159359 -0.056870 0.005342 -0.079237 0.02871421 0.85952495 -0.00950564 -0.51019801
1779361291.560313 -0.089412 0.003790 -0.107529 -0.00906793 0.86824953 0.01775348 -0.49572708
1779361292.350778 -0.132619 0.002852 -0.125876 -0.00840031 0.84996750 -0.00189416 -0.52676475
1779361296.756166 -0.499637 -0.005479 -0.321168 -0.00837158 0.84102003 0.02399315 -0.54040685
1779361299.285888 -0.707222 -0.007699 -0.431857 -0.02776944 0.84981596 0.02030989 -0.52595552
1779361302.515476 -0.714869 -0.010215 -0.412267 -0.02749894 0.81705733 0.02377721 -0.57540922
1779361302.937691 -0.744951 -0.010468 -0.419553 -0.02652172 0.78496131 0.02064836 -0.61863235
1779361304.066494 -0.870824 -0.015145 -0.445215 -0.00095886 0.77764495 0.03205788 -0.62788510
1779361304.369343 -0.877589 -0.019004 -0.430489 -0.01793982 0.75809465 0.01836342 -0.65163905
1779361304.484917 -0.963559 -0.014473 -0.424033 0.02198582 0.71539788 0.00312753 -0.69836432
1779361304.625489 -0.962181 -0.012245 -0.380034 -0.02668235 -0.69419212 -0.00080589 0.71929459
1779361304.780503 -0.962613 -0.022779 -0.350410 -0.00313520 -0.67901445 0.00160330 0.73411646
1779361304.905265 -0.998113 -0.005887 -0.324227 -0.04148934 -0.67624550 0.00038047 0.73550698
1779361305.331453 -1.000756 -0.001608 -0.293362 -0.01351274 -0.65890243 -0.02034016 0.75183194
1779361306.312823 -1.047919 -0.003985 -0.247776 0.01448902 -0.67138796 -0.00365090 0.74095543
1779361307.039056 -1.100323 0.004906 -0.210138 -0.00445069 -0.67719269 -0.01753987 0.73558317
1779361307.544255 -1.145844 0.010462 -0.234068 -0.01198874 -0.67162320 -0.04403808 0.73948576
1779361307.544255 -1.145844 0.010462 -0.234068 -0.01198874 -0.67162320 -0.04403808 0.73948576
1779361307.691296 -1.132599 0.003067 -0.234683 0.01627601 -0.67480498 -0.01890681 0.73757431
1779361307.990689 -1.125481 -0.008032 -0.239692 0.05708799 -0.67214869 0.01075193 0.73813379
1779361308.143133 -1.181552 0.000313 -0.237015 0.00083113 -0.68018985 0.00299545 0.73302940
1779361308.841534 -1.248738 0.001914 -0.246076 -0.00729603 -0.68165167 -0.01502975 0.73148608
1779361310.101299 -1.306711 -0.009946 -0.232022 0.03815076 -0.69820886 0.01604867 0.71469669
1779361310.383082 -1.323403 -0.010170 -0.199091 0.02185607 -0.63963545 0.01128389 0.76828476
1779361310.531795 -1.348441 -0.011474 -0.170164 -0.03873338 -0.58340950 0.02463425 0.81087992
1779361310.666155 -1.347229 -0.009629 -0.154014 -0.04902042 -0.48747206 0.01347623 0.87165726
1779361310.807796 -1.358865 -0.014657 -0.128969 -0.03424364 -0.42549284 0.00874312 0.90427140
1779361310.946464 -1.322767 -0.012160 -0.152798 -0.04312430 -0.33017107 0.00685533 0.94291058
1779361311.088942 -1.360217 -0.007232 -0.141067 -0.01712784 -0.24207140 -0.00138803 0.97010626
1779361311.231443 -1.373155 -0.002711 -0.142518 -0.02495117 -0.20036284 0.02208999 0.97915484
1779361311.513355 -1.368539 -0.002244 -0.132335 -0.00128126 -0.16119878 -0.01856108 0.98674657
1779361312.072777 -1.372608 -0.005237 -0.083916 -0.02563892 -0.15718777 -0.02063185 0.98702025
1779361313.621787 -1.418759 -0.005882 0.043337 -0.02280230 -0.11590300 -0.02104815 0.99277567
1779361313.774413 -1.410681 -0.005934 0.063872 -0.01421555 -0.03015321 -0.01993911 0.99924528
1779361313.774413 -1.410681 -0.005934 0.063872 -0.01421555 -0.03015321 -0.01993911 0.99924528
1779361313.899282 -1.406893 -0.005516 0.063122 -0.02113834 0.03173809 0.02191044 0.99903243
1779361314.041727 -1.402379 -0.006020 0.071171 -0.02761208 0.07430119 0.01764601 0.99669731
1779361314.179012 -1.389685 -0.007124 0.074333 -0.01468368 0.10688107 0.00091541 0.99416296
1779361314.317345 -1.390346 -0.005470 0.076374 -0.01352062 0.19985816 0.03824900 0.97898464
1779361314.464063 -1.397407 -0.004200 0.077054 -0.00658240 0.32554344 0.00731209 0.94547590
1779361314.602084 -1.405147 -0.005859 0.058705 0.00192458 0.45449313 0.03404589 0.89009728
1779361314.746002 -1.383788 -0.004851 0.055741 -0.00752500 0.57524361 0.05075000 0.81637161
1779361314.885666 -1.378211 -0.003966 0.047769 0.00799828 0.66269097 0.04868797 0.74726581
1779361315.023451 -1.394774 -0.004670 0.067365 -0.01161701 0.72542823 0.02487160 0.68775019
1779361315.443816 -1.315244 0.002029 0.019299 -0.01864228 0.84066899 0.05490059 0.53843667
1779361315.584744 -1.362827 -0.004825 0.034717 0.04203750 0.93348580 0.00832129 0.35604476
1779361315.726666 -1.291503 -0.009854 0.038924 0.05304143 0.96070731 -0.00671001 0.27236564
1779361315.867064 -1.562205 0.005370 -0.023546 -0.04938205 -0.39991401 -0.01659693 0.91507090
1779361316.008860 -1.463932 -0.001886 0.068519 -0.02971071 -0.32920593 -0.01697203 0.94363800
1779361316.144218 -1.479930 -0.003812 0.038413 -0.04293952 -0.50140824 -0.00042485 0.86414455
1779361316.286191 -1.434968 -0.007956 -0.029546 -0.04420139 -0.56249640 -0.00918202 0.82556631
1779361316.286191 -1.434968 -0.007956 -0.029546 -0.04420139 -0.56249640 -0.00918202 0.82556631
1779361316.432302 -1.434338 -0.007639 -0.028328 -0.03913212 -0.51747233 -0.00682531 0.85477745
1779361316.715155 -1.457227 -0.007769 -0.018036 -0.01566745 -0.46505144 -0.02297994 0.88484666
1779361317.557721 -1.491636 -0.006883 0.002362 -0.00748777 -0.44987747 -0.04028800 0.89214969
1779361317.832694 -1.518597 -0.006128 0.008867 -0.02057277 -0.48819566 -0.05949260 0.87046102
1779361317.973508 -1.532199 -0.005715 0.006368 0.01326582 -0.58496257 -0.07643658 0.80734148
1779361318.117319 -1.527460 -0.005664 0.000825 -0.03661887 0.70263763 0.11145844 -0.70180940
1779361318.254562 -1.553183 -0.002682 0.001025 -0.01743920 0.75150681 0.08795023 -0.65360396
1779361318.396055 -1.559120 -0.005179 -0.009982 -0.02987651 0.75515704 0.05274953 -0.65273481
1779361318.537854 -1.564464 -0.003468 -0.009234 -0.01894791 0.79005104 0.06177256 -0.60962651
1779361318.678451 -1.572556 -0.004274 -0.018784 -0.01111098 0.81461505 0.05771440 -0.57701639
1779361318.816675 -1.581150 -0.003635 -0.028651 -0.02960120 0.84187089 0.06675356 -0.53471594
1779361319.098069 -1.578083 -0.005372 -0.034865 -0.02184650 0.87944953 0.05467719 -0.47233639
1779361319.659987 -1.604524 -0.004240 -0.059059 -0.01854442 0.93962798 0.04792113 -0.33831779
1779361319.801705 -1.616090 -0.003077 -0.066539 -0.00842897 0.95920838 0.04330938 -0.27923562
1779361320.083128 -1.629777 -0.001696 -0.081542 -0.00866712 0.97620152 0.04044959 -0.21288330
1779361320.785035 -1.651275 -0.002184 -0.100833 -0.02960440 0.97287064 -0.00735583 -0.22932988
1779361320.785035 -1.651275 -0.002184 -0.100833 -0.02960440 0.97287064 -0.00735583 -0.22932988
1779361320.961570 -1.655916 -0.001504 -0.106567 -0.04228476 0.96047187 0.00675535 -0.27506389
1779361321.260339 -1.660230 -0.002961 -0.115745 -0.01378663 0.97660081 0.02114825 -0.21357326
1779361321.416542 -1.658475 -0.005430 -0.126731 -0.03709386 0.99737552 0.03333624 -0.05248629
1779361321.586575 -1.590443 -0.001378 -0.121774 -0.04039454 0.99662475 -0.00240713 0.07142541
1779361321.698736 -1.535502 0.002894 -0.123757 -0.02878898 0.99559523 0.02899846 0.08438256
1779361321.840641 -1.495265 -0.002215 -0.107590 -0.03572076 0.99172602 -0.00923408 0.12295636
1779361321.981085 -1.438130 -0.001967 -0.083251 -0.04169201 0.98961161 -0.03048181 0.13416969
1779361322.090043 -1.386856 0.005743 -0.057897 -0.10933531 0.98741138 0.02839881 0.11071610
1779361322.205333 -1.348080 -0.003111 -0.060090 -0.07193311 0.99082821 0.04111290 0.10674652
1779361322.334326 -1.348826 -0.003690 -0.056142 -0.04743079 0.99080426 0.01344110 0.12600232
1779361322.640707 -1.359189 -0.008120 -0.069885 0.00495224 0.99390723 0.01270574 0.10937301
1779361322.749985 -1.409008 -0.005423 -0.085874 0.01933848 0.99468548 0.00430683 0.10103601
1779361322.892274 -1.430409 -0.004897 -0.090952 0.03935793 0.99588519 0.00791666 0.08124636
1779361323.037983 -1.457268 -0.006183 -0.107636 0.05351486 0.99483673 0.02631443 0.08211941
1779361323.178014 -1.486022 -0.006763 -0.124151 0.03067196 0.99586888 0.01760997 0.08363195
1779361323.319326 -1.528335 -0.009155 -0.135936 0.05248271 0.99468438 0.02118502 0.08602182
1779361323.319326 -1.528335 -0.009155 -0.135936 0.05248271 0.99468438 0.02118502 0.08602182
1779361323.475737 -1.553902 -0.008444 -0.139261 0.04609305 0.99835844 0.02376842 0.02430881
1779361323.606510 -1.564569 -0.005060 -0.152294 0.04183624 0.99440936 0.01528815 -0.09573941
1779361323.741957 -1.564806 -0.004802 -0.144864 0.06387816 0.97636615 0.04267017 -0.20200985
1779361323.876258 -1.574104 -0.004124 -0.155181 0.03869260 0.94980452 0.02852600 -0.30912865
1779361324.264495 -1.581383 -0.002886 -0.151736 0.08143581 0.91236178 0.02110697 -0.40064783
1779361324.590117 -1.598847 -0.002629 -0.160167 0.01004490 0.93044574 0.04629646 -0.36335446
1779361326.600897 -1.658086 0.001148 -0.202862 0.01394155 0.95803204 0.05115355 -0.28171540
1779361326.891804 -1.663584 0.002516 -0.205667 0.00053943 0.99120932 0.02828711 -0.12924253
1779361327.105001 -1.692810 0.005332 -0.227645 -0.01136447 0.99274190 0.07103638 -0.09637536
1779361327.317262 -1.675150 0.004259 -0.216977 0.01696527 0.97332721 0.04356874 -0.22460651
1779361327.551075 -1.668302 0.005969 -0.216937 0.03887592 0.95783424 0.01621985 -0.28421674
1779361328.032357 -1.686331 0.006881 -0.225210 0.00219169 0.94431470 0.03290670 -0.32738675
1779361329.259979 -1.713070 0.007973 -0.241509 0.00123826 0.96662623 0.03027607 -0.25439253
1779361331.045418 -1.765150 0.012064 -0.281002 0.00586028 0.97863062 0.03044751 -0.20327499
1779361332.884259 -1.792549 0.015733 -0.312619 0.01163109 0.98070889 0.02603556 -0.19338290
1779361333.589841 -1.809868 0.013307 -0.325822 0.02501205 0.98077883 0.02833066 -0.19142797
1779361333.589841 -1.809868 0.013307 -0.325822 0.02501205 0.98077883 0.02833066 -0.19142797
1779361333.997996 -1.821610 0.015456 -0.335771 0.00698016 0.97211408 0.02015872 -0.23353612
1779361334.278133 -1.834591 0.017048 -0.341594 0.05387641 0.95200175 0.02966223 -0.29985023
1779361334.981979 -1.849105 0.017847 -0.353938 0.00910081 0.96706790 0.02214459 -0.25338997
1779361336.562808 -1.885105 0.019837 -0.380964 0.03421878 0.97101752 0.03352493 -0.23415834
1779361339.848062 -1.948162 0.023766 -0.429854 0.02958180 0.97686458 0.03588436 -0.20874104
1779361340.529975 -1.959436 0.023473 -0.447661 0.01436668 0.99557910 0.01459550 -0.09166693
1779361340.632759 -1.960225 0.024532 -0.452877 0.00769691 0.99626304 0.03586074 -0.07819673
1779361341.027223 -1.962398 0.023573 -0.454562 0.03888896 0.99559157 0.00756594 -0.08501661
1779361341.359931 -1.966057 0.023294 -0.457829 0.06058779 0.99191896 -0.00905887 -0.11110280
1779361342.055125 -1.744935 0.007275 -0.334038 0.03697319 0.99828183 0.03643108 0.02718716
1779361342.571797 -1.753701 0.016431 -0.383540 0.01170106 0.99865992 0.03322635 -0.03791394
1779361343.034163 -1.851709 0.017541 -0.376894 0.02159452 0.98979208 0.04097442 0.13478285
1779361343.188684 -1.830781 0.006549 -0.323891 0.02856254 0.98781420 0.05054170 0.14440508
1779361343.300391 -1.816228 0.001692 -0.340640 0.03950959 0.98252789 0.01319013 0.18139449
1779361343.466448 -1.955484 0.024254 -0.435460 0.01288505 0.83085683 -0.02109234 0.55593706
1779361344.157714 -1.972314 0.023814 -0.422384 0.01088943 0.79663280 -0.00372515 0.60435398
1779361344.157714 -1.972314 0.023814 -0.422384 0.01088943 0.79663280 -0.00372515 0.60435398
1779361344.394860 -1.948996 0.021407 -0.421839 0.02893510 0.78281706 -0.00144636 0.62157712
1779361344.802486 -1.920041 0.019094 -0.414471 0.01632161 0.72932988 -0.01339427 0.68383633
1779361345.175527 -1.910543 0.018777 -0.422202 0.05262649 0.77561582 0.02768278 0.62839814
1779361345.318035 -1.916509 0.019411 -0.432049 0.05590745 0.81698389 0.02575192 0.57336595
1779361345.494917 -1.936965 0.019343 -0.462360 0.05908335 0.82902682 0.01919790 0.55574737
1779361345.599792 -1.946783 0.026379 -0.511404 0.07665873 0.84692137 0.03294471 0.52513073
1779361345.742454 -1.978541 0.033741 -0.544287 0.03290172 0.84134841 0.02498830 0.53891179
1779361345.944736 -1.974815 0.036117 -0.562890 0.01891458 0.86725534 0.01841872 0.49716311
1779361346.187337 -1.988344 0.035168 -0.584518 0.06775827 0.87012273 0.04869498 0.48572014
1779361346.402235 -1.998899 0.039148 -0.618740 0.04913335 0.86433407 0.02627628 0.49982205
1779361347.854488 -1.981716 0.041385 -0.631479 0.04996564 0.87401660 0.03207641 0.48225462
1779361348.691101 -1.953134 0.041452 -0.634516 0.02172373 0.86933625 0.02241366 0.49323441
1779361349.055766 -1.917147 0.037754 -0.614040 -0.00923767 0.79509756 -0.02391437 0.60593946
1779361349.180900 -1.905600 0.039009 -0.611630 0.00286179 0.74928706 -0.01883473 0.66197127
1779361349.562982 -1.907817 0.035161 -0.616720 0.05346972 0.78361692 0.01479332 0.61876221
1779361350.024173 -1.897691 0.039988 -0.621645 0.05721543 0.79740385 0.02211336 0.60032033
1779361350.024173 -1.897691 0.039988 -0.621645 0.05721543 0.79740385 0.02211336 0.60032033
1779361350.263200 -1.893201 0.041104 -0.622975 0.10657330 0.79002097 0.07288727 0.59933000
1779361351.096872 -1.872822 0.039193 -0.620827 0.03944563 0.77856450 0.00632750 0.62629172
1779361351.640018 -1.870354 0.039336 -0.626631 0.05008725 0.79825664 0.01069127 0.60013606
1779361352.344063 -1.863515 0.038711 -0.630242 0.03593702 0.81125718 -0.00613747 0.58355176
1779361353.197871 -1.848586 0.037010 -0.624652 0.04189711 0.77863125 0.00124530 0.62608024
1779361354.177466 -1.837793 0.035638 -0.627892 0.05719852 0.78341854 0.01223275 0.61873588
1779361354.480561 -1.835462 0.033937 -0.616610 0.04258665 0.77566752 -0.01094979 0.62960811
1779361354.776760 -1.824504 0.034465 -0.611008 0.05394190 0.76782452 0.00807552 0.63833421
1779361354.954158 -1.825205 0.032492 -0.607335 0.05504186 0.76347814 0.00150055 0.64348215
1779361355.203671 -1.815864 0.029015 -0.597124 0.03027724 0.75188114 -0.01215324 0.65849095
1779361355.472222 -1.817804 0.027145 -0.596667 0.02658993 0.71436887 -0.01350944 0.69913346
1779361356.700189 -1.796039 0.027961 -0.594024 0.03401350 0.73910368 -0.01116270 0.67263974
1779361357.158056 -1.788841 0.026032 -0.596378 0.05467397 0.75905030 0.00409100 0.64871925
1779361357.631028 -1.779706 0.025481 -0.595673 0.05901317 0.76963895 0.01512907 0.63556623
1779361357.862441 -1.777225 0.025544 -0.600186 0.04857801 0.78715861 -0.00109025 0.61483356
1779361358.142242 -1.777821 0.025895 -0.604314 0.09051304 0.86886130 0.04271308 0.48483298
1779361358.142242 -1.777821 0.025895 -0.604314 0.09051304 0.86886130 0.04271308 0.48483298
1779361358.349652 -1.776832 0.026492 -0.606827 0.10034154 0.88442921 0.04586067 0.45344608
1779361358.603313 -1.775431 0.026150 -0.607548 0.07626474 0.90394344 0.03032314 0.41970282
1779361360.070448 -1.755708 0.025275 -0.623558 0.05053148 0.92434038 0.01791135 0.37778383
1779361360.226044 -1.754810 0.025860 -0.625840 0.07445752 0.93535571 0.03846036 0.34363727
1779361360.489850 -1.753180 0.026185 -0.630234 0.05964940 0.95239519 0.02361025 0.29804012
1779361360.771769 -1.751810 0.026474 -0.632851 0.05931257 0.95653082 0.03322052 0.28359689
1779361361.200155 -1.750457 0.027149 -0.639072 0.02702289 0.97681099 0.02357088 0.21107929
1779361361.330799 -1.750462 0.027667 -0.641672 0.06879561 0.98044830 0.04198916 0.17951379
1779361361.475033 -1.750750 0.028373 -0.643283 0.04599860 0.98710722 0.03935099 0.14817205
1779361361.614512 -1.752389 0.028785 -0.643285 0.00051276 0.99653407 0.02642564 0.07887499
1779361361.753591 -1.752445 0.029092 -0.647096 0.08343787 0.99504966 0.04276704 0.03294364
1779361361.896004 -1.753164 0.029270 -0.648078 0.07454845 0.99619162 0.04486098 -0.00568094
1779361362.598635 -1.755720 0.031296 -0.659885 -0.00221166 0.99655339 0.03183421 0.07657042
1779361362.738038 -1.753868 0.032511 -0.663266 -0.00372454 0.99370239 0.03153259 0.10745871
1779361362.877551 -1.754450 0.031503 -0.663677 0.00757202 0.98623074 0.02434962 0.16339736
1779361363.025364 -1.755449 0.031236 -0.660473 -0.01123678 0.97870495 0.02252291 0.20372304
1779361363.025364 -1.755449 0.031236 -0.660473 -0.01123678 0.97870495 0.02252291 0.20372304
1779361363.261594 -1.752768 0.031542 -0.663396 0.01692428 0.96326958 0.02374606 0.26694834
1779361363.758569 -1.752618 0.031024 -0.662004 0.01025074 0.94331610 0.01407063 0.33143879
1779361364.705333 -1.750764 0.030891 -0.666763 0.03277857 0.95638131 0.01845567 0.28968904
1779361364.844682 -1.750464 0.031397 -0.667026 0.03301612 0.96438525 0.02803929 0.26093067
1779361365.128337 -1.751604 0.031115 -0.665927 0.06506245 0.97119769 0.03367611 0.22673299
1779361365.408459 -1.751567 0.031292 -0.667954 0.03254148 0.96498540 0.02303079 0.25925625
1779361365.547021 -1.750177 0.030964 -0.666884 0.04404522 0.95766377 0.02560917 0.28334483
1779361365.827943 -1.750594 0.031430 -0.668693 0.04128408 0.96528161 0.02932997 0.25625530
1779361365.972693 -1.752368 0.031381 -0.667843 0.07151676 0.97189755 0.04282506 0.22015112
1779361366.118200 -1.753444 0.031756 -0.671763 0.06396370 0.98288627 0.04384191 0.16709614
1779361366.288860 -1.758050 0.032199 -0.678236 0.01721515 0.99548403 0.03504734 0.08652665
1779361366.407706 -1.757834 0.032232 -0.678200 0.02607127 0.99884822 0.03113358 0.02555809
1779361366.638754 -1.759444 0.033092 -0.678395 0.06137144 0.97680901 0.05389228 -0.19792252
1779361366.759833 -1.763313 0.033947 -0.682318 -0.00726174 0.93569989 0.06705619 -0.34628956
1779361366.931425 -1.763338 0.033971 -0.680046 -0.00319979 0.83218352 0.09567962 -0.54617374
1779361367.065333 -1.763858 0.033657 -0.676539 -0.07253273 0.70547958 0.12349628 -0.69410823
1779361367.065333 -1.763858 0.033657 -0.676539 -0.07253273 0.70547958 0.12349628 -0.69410823
1779361367.182054 -1.762715 0.033293 -0.675316 0.00565836 -0.59555289 -0.05027715 0.80172124
1779361367.307592 -1.654871 0.019696 -0.683480 0.01745064 -0.43583224 -0.10758731 0.89340400
1779361368.378041 -1.660520 0.020262 -0.684129 0.03980589 -0.47299124 -0.12381787 0.87141489
1779361370.368602 -1.670909 0.021961 -0.681594 0.03147552 -0.50954998 -0.12772413 0.85032621
1779361372.650784 -1.676603 0.020722 -0.681224 0.03677076 -0.53857228 -0.12295020 0.83274909
1779361374.333684 -1.688701 0.023329 -0.680396 0.02460787 -0.55542411 -0.11019076 0.82386680
1779361376.445459 -1.700406 0.025587 -0.680744 0.00991604 -0.51530825 -0.09244981 0.85194607
1779361376.580097 -1.699393 0.024269 -0.677264 0.00100065 -0.49020501 -0.07791633 0.86811698
1779361376.725139 -1.699000 0.024448 -0.679397 0.03185953 -0.45179738 -0.09797779 0.88615148
1779361377.004953 -1.700188 0.025427 -0.676843 0.00861865 -0.40874515 -0.07387626 0.90961279
1779361377.282364 -1.698850 0.025446 -0.678323 0.02365596 -0.37872126 -0.08548360 0.92125087
1779361378.415732 -1.709429 0.025727 -0.675575 0.04534994 -0.43778073 -0.12794843 0.88877478
1779361378.835782 -1.711078 0.026789 -0.673620 0.03162447 -0.47839650 -0.12421881 0.86873838
1779361379.403755 -1.712703 0.025854 -0.670712 0.03365633 -0.44691126 -0.11600109 0.88638667
1779361379.956584 -1.715860 0.026111 -0.671363 0.03090068 -0.49887803 -0.13169732 0.85605004
1779361380.235788 -1.719001 0.027083 -0.671756 0.05985935 -0.53698280 -0.14820517 0.82831248
1779361380.235788 -1.719001 0.027083 -0.671756 0.05985935 -0.53698280 -0.14820517 0.82831248
1779361382.205291 -1.725171 0.027397 -0.670842 0.03381447 -0.51608391 -0.12501319 0.84669102
1779361383.899478 -1.736507 0.028925 -0.670421 0.03577022 -0.57135979 -0.12422845 0.81045405
1779361384.871937 -1.742221 0.029954 -0.670716 0.05133923 -0.52863541 -0.13729920 0.83609677
1779361385.577797 -1.744257 0.030032 -0.670353 0.02674204 -0.55807639 -0.13244780 0.81871435
1779361385.857997 -1.746337 0.030484 -0.669922 0.03043994 -0.51749113 -0.11463401 0.84742869
1779361386.572566 -1.749886 0.030648 -0.669644 0.04035742 -0.56113737 -0.13051372 0.81637142
1779361387.299470 -1.752042 0.031311 -0.669762 0.00239928 -0.52966425 -0.08755396 0.84367312
1779361387.942649 -1.757637 0.031907 -0.670089 0.03211672 -0.58045994 -0.12912981 0.80334318
1779361388.444832 -1.760918 0.032427 -0.670301 0.02639298 -0.61508415 -0.12429863 0.77815471
1779361389.169381 -1.763583 0.032869 -0.670139 0.01811581 -0.53313323 -0.09547333 0.84043181
1779361389.380697 -1.765456 0.033257 -0.670046 0.02432007 -0.49601921 -0.09489576 0.86276780
1779361390.717834 -1.772850 0.034041 -0.668393 0.02566300 -0.51305426 -0.11782605 0.84984337
1779361391.081467 -1.775611 0.034892 -0.668928 0.02357475 -0.64016680 -0.12873525 0.75700590
1779361391.318835 -1.777061 0.034949 -0.670002 0.05351416 -0.69607970 -0.13420042 0.70327771
1779361391.581367 -1.776889 0.035124 -0.670566 -0.02999172 0.72558915 0.12390842 -0.67621564
1779361391.713289 -1.779004 0.035895 -0.670791 0.00549719 -0.69358153 -0.10046770 0.71331667
1779361391.713289 -1.779004 0.035895 -0.670791 0.00549719 -0.69358153 -0.10046770 0.71331667
1779361391.832623 -1.779634 0.035995 -0.670969 0.02865454 -0.67554719 -0.10361003 0.72943806
1779361392.116479 -1.781611 0.036370 -0.671329 0.00340155 -0.65186143 -0.09265162 0.75264917
1779361393.448365 -1.788446 0.037508 -0.672667 0.01417878 -0.61513857 -0.09681030 0.78232428
1779361393.728625 -1.790510 0.037826 -0.672453 0.00510990 -0.58588771 -0.09641153 0.80462059
1779361394.296421 -1.792756 0.038007 -0.672241 0.03131627 -0.57083769 -0.09739863 0.81466381
1779361394.852462 -1.795145 0.038238 -0.672085 0.01680751 -0.56261071 -0.11369687 0.81869391
1779361396.829078 -1.801767 0.039395 -0.671422 0.01909849 -0.51540347 -0.10114031 0.85074388
1779361397.239964 -1.802947 0.039490 -0.670943 0.02842367 -0.49146403 -0.11290273 0.86308063
1779361398.869961 -1.806851 0.040367 -0.669901 0.01437434 -0.53997485 -0.11385619 0.83382091
1779361399.136558 -1.807884 0.040370 -0.670095 0.03371598 -0.57433363 -0.12563469 0.80822029
1779361399.997694 -1.810227 0.040692 -0.670262 0.03625978 -0.59972345 -0.14434826 0.78624461
