# camera_optical trajectory from onboard odometry (NOT ground truth)
1779361284.948678 0.300000 0.000000 0.000000 0.500000 -0.500000 0.500000 -0.500000
1779361285.086595 0.300000 0.000000 0.000000 0.500000 -0.500000 0.500000 -0.500000
1779361285.234977 0.300000 0.000000 0.000000 0.500000 -0.500000 0.500000 -0.500000
1779361285.370133 0.300000 0.000000 0.000000 0.500000 -0.500000 0.500000 -0.500000
1779361285.557552 0.300000 0.000000 0.000000 0.500000 -0.500000 0.500000 -0.500000
1779361285.670573 0.300000 0.000000 0.000000 0.500000 -0.500000 0.500000 -0.500000
1779361285.794225 0.300000 0.000000 0.000000 0.500000 -0.500000 0.500000 -0.500000
1779361285.983471 0.300000 0.000000 0.000000 0.500000 -0.500000 0.500000 -0.500000
1779361286.160418 0.300000 0.000000 0.000000 0.500000 -0.500000 0.500000 -0.500000
1779361286.291017 0.300000 0.000000 0.000000 0.500000 -0.500000 0.500000 -0.500000
1779361286.448025 0.300000 0.000000 0.000000 0.500000 -0.500000 0.500000 -0.500000
1779361286.596248 0.300000 0.000000 0.000000 0.500000 -0.500000 0.500000 -0.500000
1779361286.704665 0.300000 0.000000 0.000000 0.500000 -0.500000 0.500000 -0.500000
1779361286.962142 0.300000 0.000000 0.000000 0.500000 -0.500000 0.500000 -0.500000
1779361287.091116 0.300000 0.000000 0.000000 0.500000 -0.500000 0.500000 -0.500000
1779361287.197650 0.300000 0.000000 0.000000 0.500000 -0.500000 0.500000 -0.500000
1779361287.336966 0.300000 0.000000 0.000000 0.500000 -0.500000 0.500000 -0.500000
1779361287.524883 0.300000 0.000000 0.000000 0.500000 -0.500000 0.500000 -0.500000
1779361287.646872 0.300000 0.000000 0.000000 0.500000 -0.500000 0.500000 -0.500000
1779361287.808248 0.300000 0.000000 0.000000 0.500000 -0.500000 0.500000 -0.500000
1779361287.917647 0.300000 0.000000 0.000000 0.500000 -0.500000 0.500000 -0.500000
1779361288.042205 0.300000 0.000000 0.000000 0.500000 -0.500000 0.500000 -0.500000
1779361288.182480 0.300000 0.000000 0.000000 0.500000 -0.500000 0.500000 -0.500000
1779361288.326761 0.300000 0.000000 0.000000 0.500000 -0.500000 0.500000 -0.500000
1779361288.474046 0.300000 0.000000 0.000000 0.500000 -0.500000 0.500000 -0.500000
1779361288.622861 0.300000 0.000000 0.000000 0.500000 -0.500000 0.500000 -0.500000
1779361288.747967 0.300000 0.000000 0.000000 0.500000 -0.500000 0.500000 -0.500000
1779361288.942846 0.300000 0.000000 0.000000 0.500000 -0.500000 0.500000 -0.500000
1779361289.104096 0.300000 0.000000 0.000000 0.500000 -0.500000 0.500000 -0.500000
1779361289.225799 0.300000 0.000000 0.000000 0.500000 -0.500000 0.500000 -0.500000
1779361289.327857 0.300000 0.000000 0.000000 0.500000 -0.500000 0.500000 -0.500000
1779361289.445089 0.300000 0.000000 0.000000 0.500000 -0.500000 0.500000 -0.500000
1779361289.628358 0.300000 0.000000 0.000000 0.500000 -0.500000 0.500000 -0.500000
1779361289.732609 0.300000 0.000000 0.000000 0.500000 -0.500000 0.500000 -0.500000
1779361289.868535 0.300000 0.000000 0.000000 0.500000 -0.500000 0.500000 -0.500000
1779361290.013012 0.300000 0.000000 0.000000 0.500000 -0.500000 0.500000 -0.500000
1779361290.155654 0.300000 0.000000 0.000000 0.500000 -0.500000 0.500000 -0.500000
1779361290.288138 0.300000 0.000000 0.000000 0.500000 -0.500000 0.500000 -0.500000
1779361290.432838 0.300000 0.000000 0.000000 0.500000 -0.500000 0.500000 -0.500000
1779361290.572736 0.300000 0.000000 0.000000 0.500000 -0.500000 0.500000 -0.500000
1779361290.711580 0.300000 0.000000 0.000000 0.500000 -0.500000 0.500000 -0.500000
1779361290.858349 0.300000 0.000000 0.000000 0.500000 -0.500000 0.500000 -0.500000
1779361290.994174 0.300000 0.000000 0.000000 0.500000 -0.500000 0.500000 -0.500000
1779361291.159359 0.300000 0.000000 0.000000 0.500000 -0.500000 0.500000 -0.500000
1779361291.276759 0.300000 0.000000 0.000000 0.500000 -0.500000 0.500000 -0.500000
1779361291.413896 0.300000 0.000000 0.000000 0.500000 -0.500000 0.500000 -0.500000
1779361291.560313 0.300000 0.000000 0.000000 0.500000 -0.500000 0.500000 -0.500000
1779361291.706541 0.300000 0.000000 0.000000 0.500000 -0.500000 0.500000 -0.500000
1779361291.851377 0.300000 0.000000 0.000000 0.500000 -0.500000 0.500000 -0.500000
1779361291.974605 0.300000 0.000000 0.000000 0.500000 -0.500000 0.500000 -0.500000
1779361292.089449 0.300000 0.000000 0.000000 0.500000 -0.500000 0.500000 -0.500000
1779361292.190748 0.300000 0.000000 0.000000 0.500000 -0.500000 0.500000 -0.500000
1779361292.350778 0.300000 0.000000 0.000000 0.500000 -0.500000 0.500000 -0.500000
1779361292.470476 0.300000 0.000000 0.000000 0.500000 -0.500000 0.500000 -0.500000
1779361292.612462 0.300000 0.000000 0.000000 0.500000 -0.500000 0.500000 -0.500000
1779361292.754452 0.300000 0.000000 0.000000 0.500000 -0.500000 0.500000 -0.500000
1779361292.887649 0.300000 0.000000 0.000000 0.500000 -0.500000 0.500000 -0.500000
1779361293.039789 0.300000 0.000000 0.000000 0.500000 -0.500000 0.500000 -0.500000
1779361293.178779 0.300000 0.000000 0.000000 0.500000 -0.500000 0.500000 -0.500000
1779361293.312583 0.300000 0.000000 0.000000 0.500000 -0.500000 0.500000 -0.500000
1779361293.454578 0.300000 0.000000 0.000000 0.500000 -0.500000 0.500000 -0.500000
1779361293.614554 0.300000 0.000000 0.000000 0.500000 -0.500000 0.500000 -0.500000
1779361293.753854 0.300000 0.000000 0.000000 0.500000 -0.500000 0.500000 -0.500000
1779361293.870942 0.300000 0.000000 0.000000 0.500000 -0.500000 0.500000 -0.500000
1779361294.017568 0.300000 0.000000 0.000000 0.500000 -0.500000 0.500000 -0.500000
1779361294.123271 0.300000 0.000000 0.000000 0.500000 -0.500000 0.500000 -0.500000
1779361294.242204 0.300000 0.000000 0.000000 0.500000 -0.500000 0.500000 -0.500000
1779361294.367014 0.300000 0.000000 0.000000 0.500000 -0.500000 0.500000 -0.500000
1779361294.545003 0.300000 0.000000 0.000000 0.500000 -0.500000 0.500000 -0.500000
1779361294.651107 0.300000 0.000000 0.000000 0.500000 -0.500000 0.500000 -0.500000
1779361294.792792 0.300000 0.000000 0.000000 0.500000 -0.500000 0.500000 -0.500000
1779361294.935744 0.300000 0.000000 0.000000 0.500000 -0.500000 0.500000 -0.500000
1779361295.072737 0.300000 0.000000 0.000000 0.500000 -0.500000 0.500000 -0.500000
1779361295.210213 0.300000 0.000000 0.000000 0.500000 -0.500000 0.500000 -0.500000
1779361295.351213 0.300000 0.000000 0.000000 0.500000 -0.500000 0.500000 -0.500000
1779361295.490302 0.300000 0.000000 0.000000 0.500000 -0.500000 0.500000 -0.500000
1779361295.628135 0.300000 0.000000 0.000000 0.500000 -0.500000 0.500000 -0.500000
1779361295.773192 0.300000 0.000000 0.000000 0.500000 -0.500000 0.500000 -0.500000
1779361295.913936 0.300000 0.000000 0.000000 0.500000 -0.500000 0.500000 -0.500000
1779361296.073301 0.300000 0.000000 0.000000 0.500000 -0.500000 0.500000 -0.500000
1779361296.198729 0.300000 0.000000 0.000000 0.500000 -0.500000 0.500000 -0.500000
1779361296.341733 0.300000 0.000000 0.000000 0.500000 -0.500000 0.500000 -0.500000
1779361296.472939 0.300000 0.000000 0.000000 0.500000 -0.500000 0.500000 -0.500000
1779361296.613097 0.300000 0.000000 0.000000 0.500000 -0.500000 0.500000 -0.500000
1779361296.756166 0.300000 0.000000 0.000000 0.500000 -0.500000 0.500000 -0.500000
1779361296.898930 0.300000 0.000000 0.000000 0.500000 -0.500000 0.500000 -0.500000
1779361297.036474 0.300000 0.000000 0.000000 0.500000 -0.500000 0.500000 -0.500000
1779361297.176860 0.300000 0.000000 0.000000 0.500000 -0.500000 0.500000 -0.500000
1779361297.317374 0.300000 0.000000 0.000000 0.500000 -0.500000 0.500000 -0.500000
1779361297.456366 0.300000 0.000000 0.000000 0.500000 -0.500000 0.500000 -0.500000
1779361297.609626 0.300000 0.000000 0.000000 0.500000 -0.500000 0.500000 -0.500000
1779361297.776901 0.300000 0.000000 0.000000 0.500000 -0.500000 0.500000 -0.500000
1779361297.880379 0.300000 0.000000 0.000000 0.500000 -0.500000 0.500000 -0.500000
1779361298.020701 0.300000 0.000000 0.000000 0.500000 -0.500000 0.500000 -0.500000
1779361298.170911 0.300000 0.000000 0.000000 0.500000 -0.500000 0.500000 -0.500000
1779361298.299756 0.300000 0.000000 0.000000 0.500000 -0.500000 0.500000 -0.500000
1779361298.444020 0.300000 0.000000 0.000000 0.500000 -0.500000 0.500000 -0.500000
1779361298.581893 0.300000 0.000000 0.000000 0.500000 -0.500000 0.500000 -0.500000
1779361298.723114 0.300000 0.000000 0.000000 0.500000 -0.500000 0.500000 -0.500000
1779361298.866346 0.300000 0.000000 0.000000 0.500000 -0.500000 0.500000 -0.500000
1779361299.012272 0.300000 0.000000 0.000000 0.500000 -0.500000 0.500000 -0.500000
1779361299.145974 0.300000 0.000000 0.000000 0.500000 -0.500000 0.500000 -0.500000
1779361299.285888 0.300000 0.000000 0.000000 0.500000 -0.500000 0.500000 -0.500000
1779361299.424098 0.300000 0.000000 0.000000 0.500000 -0.500000 0.500000 -0.500000
1779361299.567010 0.300000 0.000000 0.000000 0.500000 -0.500000 0.500000 -0.500000
1779361299.705259 0.300000 0.000000 0.000000 0.500000 -0.500000 0.500000 -0.500000
1779361299.847899 0.300000 0.000000 0.000000 0.500000 -0.500000 0.500000 -0.500000
1779361299.986474 0.300000 0.000000 0.000000 0.500000 -0.500000 0.500000 -0.500000
1779361300.130594 0.300000 0.000000 0.000000 0.500000 -0.500000 0.500000 -0.500000
1779361300.267849 0.300000 0.000000 0.000000 0.500000 -0.500000 0.500000 -0.500000
1779361300.407122 0.300000 0.000000 0.000000 0.500000 -0.500000 0.500000 -0.500000
1779361300.556287 0.300000 0.000000 0.000000 0.500000 -0.500000 0.500000 -0.500000
1779361300.688469 0.300000 0.000000 0.000000 0.500000 -0.500000 0.500000 -0.500000
1779361300.826306 0.300000 0.000000 0.000000 0.500000 -0.500000 0.500000 -0.500000
1779361300.974996 0.300000 0.000000 0.000000 0.500000 -0.500000 0.500000 -0.500000
1779361301.110955 0.300000 0.000000 0.000000 0.500000 -0.500000 0.500000 -0.500000
1779361301.251435 0.300000 0.000000 0.000000 0.500000 -0.500000 0.500000 -0.500000
1779361301.391912 0.300000 0.000000 0.000000 0.500000 -0.500000 0.500000 -0.500000
1779361301.532507 0.300000 0.000000 0.000000 0.500000 -0.500000 0.500000 -0.500000
1779361301.674300 0.300000 0.000000 0.000000 0.500000 -0.500000 0.500000 -0.500000
1779361301.813825 0.300000 0.000000 0.000000 0.500000 -0.500000 0.500000 -0.500000
1779361301.954983 0.300000 0.000000 0.000000 0.500000 -0.500000 0.500000 -0.500000
1779361302.097724 0.300000 0.000000 0.000000 0.500000 -0.500000 0.500000 -0.500000
1779361302.237425 0.300000 0.000000 0.000000 0.500000 -0.500000 0.500000 -0.500000
1779361302.381588 0.300000 0.000000 0.000000 0.500000 -0.500000 0.500000 -0.500000
1779361302.515476 0.300000 0.000000 0.000000 0.500000 -0.500000 0.500000 -0.500000
1779361302.664258 0.300000 0.000000 0.000000 0.500000 -0.500000 0.500000 -0.500000
1779361302.796178 0.300000 0.000000 0.000000 0.500000 -0.500000 0.500000 -0.500000
1779361302.937691 0.300000 0.000000 0.000000 0.500000 -0.500000 0.500000 -0.500000
1779361303.080872 0.300000 0.000000 0.000000 0.500000 -0.500000 0.500000 -0.500000
1779361303.221312 0.300000 0.000000 0.000000 0.500000 -0.500000 0.500000 -0.500000
1779361303.360775 0.300000 0.000000 0.000000 0.500000 -0.500000 0.500000 -0.500000
1779361303.508883 0.300000 0.000000 0.000000 0.500000 -0.500000 0.500000 -0.500000
1779361303.640035 0.300000 0.000000 0.000000 0.500000 -0.500000 0.500000 -0.500000
1779361303.791274 0.300000 0.000000 0.000000 0.500000 -0.500000 0.500000 -0.500000
1779361303.919132 0.300000 0.000000 0.000000 0.500000 -0.500000 0.500000 -0.500000
1779361304.066494 0.300000 0.000000 0.000000 0.500000 -0.500000 0.500000 -0.500000
1779361304.205012 0.300000 0.000000 0.000000 0.500000 -0.500000 0.500000 -0.500000
1779361304.369343 0.300000 0.000000 0.000000 0.500000 -0.500000 0.500000 -0.500000
1779361304.484917 0.300000 0.000000 0.000000 0.500000 -0.500000 0.500000 -0.500000
1779361304.625489 0.300000 0.000000 0.000000 0.500000 -0.500000 0.500000 -0.500000
1779361304.780503 0.300000 0.000000 0.000000 0.500000 -0.500000 0.500000 -0.500000
1779361304.905265 0.300000 0.000000 0.000000 0.500000 -0.500000 0.500000 -0.500000
1779361305.048009 0.300000 0.000000 0.000000 0.500000 -0.500000 0.500000 -0.500000
1779361305.193383 0.300000 0.000000 0.000000 0.500000 -0.500000 0.500000 -0.500000
1779361305.331453 0.300000 0.000000 0.000000 0.500000 -0.500000 0.500000 -0.500000
1779361305.473512 0.300000 0.000000 0.000000 0.500000 -0.500000 0.500000 -0.500000
1779361305.609791 0.300000 0.000000 0.000000 0.500000 -0.500000 0.500000 -0.500000
1779361305.745253 0.300000 0.000000 0.000000 0.500000 -0.500000 0.500000 -0.500000
1779361305.907314 0.300000 0.000000 0.000000 0.500000 -0.500000 0.500000 -0.500000
1779361306.029027 0.300000 0.000000 0.000000 0.500000 -0.500000 0.500000 -0.500000
1779361306.193044 0.300000 0.000000 0.000000 0.500000 -0.500000 0.500000 -0.500000
1779361306.312823 0.300000 0.000000 0.000000 0.500000 -0.500000 0.500000 -0.500000
1779361306.454721 0.300000 0.000000 0.000000 0.500000 -0.500000 0.500000 -0.500000
1779361306.589467 0.300000 0.000000 0.000000 0.500000 -0.500000 0.500000 -0.500000
1779361306.744568 0.300000 0.000000 0.000000 0.500000 -0.500000 0.500000 -0.500000
1779361306.881001 0.300000 0.000000 0.000000 0.500000 -0.500000 0.500000 -0.500000
1779361307.039056 0.300000 0.000000 0.000000 0.500000 -0.500000 0.500000 -0.500000
1779361307.225153 0.300000 0.000000 0.000000 0.500000 -0.500000 0.500000 -0.500000
1779361307.363377 0.300000 0.000000 0.000000 0.500000 -0.500000 0.500000 -0.500000
1779361307.544255 0.300000 0.000000 0.000000 0.500000 -0.500000 0.500000 -0.500000
1779361307.691296 0.300000 0.000000 0.000000 0.500000 -0.500000 0.500000 -0.500000
1779361307.857829 0.300000 0.000000 0.000000 0.500000 -0.500000 0.500000 -0.500000
1779361307.990689 0.300000 0.000000 0.000000 0.500000 -0.500000 0.500000 -0.500000
1779361308.143133 0.300000 0.000000 0.000000 0.500000 -0.500000 0.500000 -0.500000
1779361308.286127 0.300000 0.000000 0.000000 0.500000 -0.500000 0.500000 -0.500000
1779361308.442135 0.300000 0.000000 0.000000 0.500000 -0.500000 0.500000 -0.500000
1779361308.563245 0.300000 0.000000 0.000000 0.500000 -0.500000 0.500000 -0.500000
1779361308.699168 0.300000 0.000000 0.000000 0.500000 -0.500000 0.500000 -0.500000
1779361308.841534 0.300000 0.000000 0.000000 0.500000 -0.500000 0.500000 -0.500000
1779361308.977771 0.300000 0.000000 0.000000 0.500000 -0.500000 0.500000 -0.500000
1779361309.119261 0.300000 0.000000 0.000000 0.500000 -0.500000 0.500000 -0.500000
1779361309.274558 0.300000 0.000000 0.000000 0.500000 -0.500000 0.500000 -0.500000
1779361309.408047 0.300000 0.000000 0.000000 0.500000 -0.500000 0.500000 -0.500000
1779361309.546154 0.300000 0.000000 0.000000 0.500000 -0.500000 0.500000 -0.500000
1779361309.680786 0.300000 0.000000 0.000000 0.500000 -0.500000 0.500000 -0.500000
1779361309.822433 0.300000 0.000000 0.000000 0.500000 -0.500000 0.500000 -0.500000
1779361309.968078 0.300000 0.000000 0.000000 0.500000 -0.500000 0.500000 -0.500000
1779361310.101299 0.300000 0.000000 0.000000 0.500000 -0.500000 0.500000 -0.500000
1779361310.244100 0.300000 0.000000 0.000000 0.500000 -0.500000 0.500000 -0.500000
1779361310.383082 0.300000 0.000000 0.000000 0.500000 -0.500000 0.500000 -0.500000
1779361310.531795 0.300000 0.000000 0.000000 0.500000 -0.500000 0.500000 -0.500000
1779361310.666155 0.300000 0.000000 0.000000 0.500000 -0.500000 0.500000 -0.500000
1779361310.807796 0.300000 0.000000 0.000000 0.500000 -0.500000 0.500000 -0.500000
1779361310.946464 0.300000 0.000000 0.000000 0.500000 -0.500000 0.500000 -0.500000
1779361311.088942 0.300000 0.000000 0.000000 0.500000 -0.500000 0.500000 -0.500000
1779361311.231443 0.300000 0.000000 0.000000 0.500000 -0.500000 0.500000 -0.500000
1779361311.371316 0.300000 0.000000 0.000000 0.500000 -0.500000 0.500000 -0.500000
1779361311.513355 0.300000 0.000000 0.000000 0.500000 -0.500000 0.500000 -0.500000
1779361311.653347 0.300000 0.000000 0.000000 0.500000 -0.500000 0.500000 -0.500000
1779361311.793135 0.300000 0.000000 0.000000 0.500000 -0.500000 0.500000 -0.500000
1779361311.935292 0.300000 0.000000 0.000000 0.500000 -0.500000 0.500000 -0.500000
1779361312.072777 0.300000 0.000000 0.000000 0.500000 -0.500000 0.500000 -0.500000
1779361312.213231 0.300000 0.000000 0.000000 0.500000 -0.500000 0.500000 -0.500000
1779361312.354859 0.300000 0.000000 0.000000 0.500000 -0.500000 0.500000 -0.500000
1779361312.505025 0.300000 0.000000 0.000000 0.500000 -0.500000 0.500000 -0.500000
1779361312.668853 0.300000 0.000000 0.000000 0.500000 -0.500000 0.500000 -0.500000
1779361312.777942 0.300000 0.000000 0.000000 0.500000 -0.500000 0.500000 -0.500000
1779361312.921125 0.300000 0.000000 0.000000 0.500000 -0.500000 0.500000 -0.500000
1779361313.061260 0.300000 0.000000 0.000000 0.500000 -0.500000 0.500000 -0.500000
1779361313.198760 0.300000 0.000000 0.000000 0.500000 -0.500000 0.500000 -0.500000
1779361313.337448 0.300000 0.000000 0.000000 0.500000 -0.500000 0.500000 -0.500000
1779361313.478097 0.300000 0.000000 0.000000 0.500000 -0.500000 0.500000 -0.500000
1779361313.621787 0.300000 0.000000 0.000000 0.500000 -0.500000 0.500000 -0.500000
1779361313.774413 0.300000 0.000000 0.000000 0.500000 -0.500000 0.500000 -0.500000
1779361313.899282 0.300000 0.000000 0.000000 0.500000 -0.500000 0.500000 -0.500000
1779361314.041727 0.300000 0.000000 0.000000 0.500000 -0.500000 0.500000 -0.500000
1779361314.179012 0.300000 0.000000 0.000000 0.500000 -0.500000 0.500000 -0.500000
1779361314.317345 0.300000 0.000000 0.000000 0.500000 -0.500000 0.500000 -0.500000
1779361314.464063 0.300000 0.000000 0.000000 0.500000 -0.500000 0.500000 -0.500000
1779361314.602084 0.300000 0.000000 0.000000 0.500000 -0.500000 0.500000 -0.500000
1779361314.746002 0.300000 0.000000 0.000000 0.500000 -0.500000 0.500000 -0.500000
1779361314.885666 0.300000 0.000000 0.000000 0.500000 -0.500000 0.500000 -0.500000
1779361315.023451 0.300000 0.000000 0.000000 0.500000 -0.500000 0.500000 -0.500000
1779361315.164570 0.300000 0.000000 0.000000 0.500000 -0.500000 0.500000 -0.500000
1779361315.304607 0.300000 0.000000 0.000000 0.500000 -0.500000 0.500000 -0.500000
1779361315.443816 0.300000 0.000000 0.000000 0.500000 -0.500000 0.500000 -0.500000
1779361315.584744 0.300000 0.000000 0.000000 0.500000 -0.500000 0.500000 -0.500000
1779361315.726666 0.300000 0.000000 0.000000 0.500000 -0.500000 0.500000 -0.500000
1779361315.867064 0.300000 0.000000 0.000000 0.500000 -0.500000 0.500000 -0.500000
1779361316.008860 0.300000 0.000000 0.000000 0.500000 -0.500000 0.500000 -0.500000
1779361316.144218 0.300000 0.000000 0.000000 0.500000 -0.500000 0.500000 -0.500000
1779361316.286191 0.300000 0.000000 0.000000 0.500000 -0.500000 0.500000 -0.500000
1779361316.432302 0.300000 0.000000 0.000000 0.500000 -0.500000 0.500000 -0.500000
1779361316.571872 0.300000 0.000000 0.000000 0.500000 -0.500000 0.500000 -0.500000
1779361316.715155 0.300000 0.000000 0.000000 0.500000 -0.500000 0.500000 -0.500000
1779361316.852773 0.300000 0.000000 0.000000 0.500000 -0.500000 0.500000 -0.500000
1779361316.991670 0.300000 0.000000 0.000000 0.500000 -0.500000 0.500000 -0.500000
1779361317.134293 0.300000 0.000000 0.000000 0.500000 -0.500000 0.500000 -0.500000
1779361317.273707 0.300000 0.000000 0.000000 0.500000 -0.500000 0.500000 -0.500000
1779361317.411603 0.300000 0.000000 0.000000 0.500000 -0.500000 0.500000 -0.500000
1779361317.557721 0.300000 0.000000 0.000000 0.500000 -0.500000 0.500000 -0.500000
1779361317.691148 0.300000 0.000000 0.000000 0.500000 -0.500000 0.500000 -0.500000
1779361317.832694 0.300000 0.000000 0.000000 0.500000 -0.500000 0.500000 -0.500000
1779361317.973508 0.300000 0.000000 0.000000 0.500000 -0.500000 0.500000 -0.500000
1779361318.117319 0.300000 0.000000 0.000000 0.500000 -0.500000 0.500000 -0.500000
1779361318.254562 0.300000 0.000000 0.000000 0.500000 -0.500000 0.500000 -0.500000
1779361318.396055 0.300000 0.000000 0.000000 0.500000 -0.500000 0.500000 -0.500000
1779361318.537854 0.300000 0.000000 0.000000 0.500000 -0.500000 0.500000 -0.500000
1779361318.678451 0.300000 0.000000 0.000000 0.500000 -0.500000 0.500000 -0.500000
1779361318.816675 0.300000 0.000000 0.000000 0.500000 -0.500000 0.500000 -0.500000
1779361318.958843 0.300000 0.000000 0.000000 0.500000 -0.500000 0.500000 -0.500000
1779361319.098069 0.300000 0.000000 0.000000 0.500000 -0.500000 0.500000 -0.500000
1779361319.239535 0.300000 0.000000 0.000000 0.500000 -0.500000 0.500000 -0.500000
1779361319.385709 0.300000 0.000000 0.000000 0.500000 -0.500000 0.500000 -0.500000
1779361319.517090 0.300000 0.000000 0.000000 0.500000 -0.500000 0.500000 -0.500000
1779361319.659987 0.300000 0.000000 0.000000 0.500000 -0.500000 0.500000 -0.500000
1779361319.801705 0.300000 0.000000 0.000000 0.500000 -0.500000 0.500000 -0.500000
1779361319.943726 0.300000 0.000000 0.000000 0.500000 -0.500000 0.500000 -0.500000
1779361320.083128 0.300000 0.000000 0.000000 0.500000 -0.500000 0.500000 -0.500000
1779361320.224499 0.300000 0.000000 0.000000 0.500000 -0.500000 0.500000 -0.500000
1779361320.362598 0.300000 0.000000 0.000000 0.500000 -0.500000 0.500000 -0.500000
1779361320.506249 0.300000 0.000000 0.000000 0.500000 -0.500000 0.500000 -0.500000
1779361320.642112 0.300000 0.000000 0.000000 0.500000 -0.500000 0.500000 -0.500000
1779361320.785035 0.300000 0.000000 0.000000 0.500000 -0.500000 0.500000 -0.500000
1779361320.961570 0.300000 0.000000 0.000000 0.500000 -0.500000 0.500000 -0.500000
1779361321.081288 0.300000 0.000000 0.000000 0.500000 -0.500000 0.500000 -0.500000
1779361321.260339 0.300000 0.000000 0.000000 0.500000 -0.500000 0.500000 -0.500000
1779361321.416542 0.300000 0.000000 0.000000 0.500000 -0.500000 0.500000 -0.500000
1779361321.586575 0.300000 0.000000 0.000000 0.500000 -0.500000 0.500000 -0.500000
1779361321.698736 0.300000 0.000000 0.000000 0.500000 -0.500000 0.500000 -0.500000
1779361321.840641 0.300000 0.000000 0.000000 0.500000 -0.500000 0.500000 -0.500000
1779361321.981085 0.300000 0.000000 0.000000 0.500000 -0.500000 0.500000 -0.500000
1779361322.090043 0.300000 0.000000 0.000000 0.500000 -0.500000 0.500000 -0.500000
1779361322.205333 0.300000 0.000000 0.000000 0.500000 -0.500000 0.500000 -0.500000
1779361322.334326 0.300000 0.000000 0.000000 0.500000 -0.500000 0.500000 -0.500000
1779361322.475911 0.300000 0.000000 0.000000 0.500000 -0.500000 0.500000 -0.500000
1779361322.640707 0.300000 0.000000 0.000000 0.500000 -0.500000 0.500000 -0.500000
1779361322.749985 0.300000 0.000000 0.000000 0.500000 -0.500000 0.500000 -0.500000
1779361322.892274 0.300000 0.000000 0.000000 0.500000 -0.500000 0.500000 -0.500000
1779361323.037983 0.300000 0.000000 0.000000 0.500000 -0.500000 0.500000 -0.500000
1779361323.178014 0.300000 0.000000 0.000000 0.500000 -0.500000 0.500000 -0.500000
1779361323.319326 0.300000 0.000000 0.000000 0.500000 -0.500000 0.500000 -0.500000
1779361323.475737 0.300000 0.000000 0.000000 0.500000 -0.500000 0.500000 -0.500000
1779361323.606510 0.300000 0.000000 0.000000 0.500000 -0.500000 0.500000 -0.500000
1779361323.741957 0.300000 0.000000 0.000000 0.500000 -0.500000 0.500000 -0.500000
1779361323.876258 0.300000 0.000000 0.000000 0.500000 -0.500000 0.500000 -0.500000
1779361324.029709 0.300000 0.000000 0.000000 0.500000 -0.500000 0.500000 -0.500000
1779361324.264495 0.300000 0.000000 0.000000 0.500000 -0.500000 0.500000 -0.500000
1779361324.429471 0.300000 0.000000 0.000000 0.500000 -0.500000 0.500000 -0.500000
1779361324.590117 0.300000 0.000000 0.000000 0.500000 -0.500000 0.500000 -0.500000
1779361324.753824 0.300000 0.000000 0.000000 0.500000 -0.500000 0.500000 -0.500000
1779361324.933225 0.300000 0.000000 0.000000 0.500000 -0.500000 0.500000 -0.500000
1779361325.168042 0.300000 0.000000 0.000000 0.500000 -0.500000 0.500000 -0.500000
1779361325.403840 0.300000 0.000000 0.000000 0.500000 -0.500000 0.500000 -0.500000
1779361325.649917 0.300000 0.000000 0.000000 0.500000 -0.500000 0.500000 -0.500000
1779361325.885488 0.300000 0.000000 0.000000 0.500000 -0.500000 0.500000 -0.500000
1779361325.986460 0.300000 0.000000 0.000000 0.500000 -0.500000 0.500000 -0.500000
1779361326.123228 0.300000 0.000000 0.000000 0.500000 -0.500000 0.500000 -0.500000
1779361326.397836 0.300000 0.000000 0.000000 0.500000 -0.500000 0.500000 -0.500000
1779361326.600897 0.300000 0.000000 0.000000 0.500000 -0.500000 0.500000 -0.500000
1779361326.891804 0.300000 0.000000 0.000000 0.500000 -0.500000 0.500000 -0.500000
1779361327.105001 0.300000 0.000000 0.000000 0.500000 -0.500000 0.500000 -0.500000
1779361327.317262 0.300000 0.000000 0.000000 0.500000 -0.500000 0.500000 -0.500000
1779361327.551075 0.300000 0.000000 0.000000 0.500000 -0.500000 0.500000 -0.500000
1779361327.819662 0.300000 0.000000 0.000000 0.500000 -0.500000 0.500000 -0.500000
1779361328.032357 0.300000 0.000000 0.000000 0.500000 -0.500000 0.500000 -0.500000
1779361328.281625 0.300000 0.000000 0.000000 0.500000 -0.500000 0.500000 -0.500000
1779361328.468899 0.300000 0.000000 0.000000 0.500000 -0.500000 0.500000 -0.500000
1779361328.584969 0.300000 0.000000 0.000000 0.500000 -0.500000 0.500000 -0.500000
1779361328.724257 0.300000 0.000000 0.000000 0.500000 -0.500000 0.500000 -0.500000
1779361328.868728 0.300000 0.000000 0.000000 0.500000 -0.500000 0.500000 -0.500000
1779361329.054397 0.300000 0.000000 0.000000 0.500000 -0.500000 0.500000 -0.500000
1779361329.259979 0.300000 0.000000 0.000000 0.500000 -0.500000 0.500000 -0.500000
1779361329.359960 0.300000 0.000000 0.000000 0.500000 -0.500000 0.500000 -0.500000
1779361329.501485 0.300000 0.000000 0.000000 0.500000 -0.500000 0.500000 -0.500000
1779361329.748646 0.300000 0.000000 0.000000 0.500000 -0.500000 0.500000 -0.500000
1779361329.850935 0.300000 0.000000 0.000000 0.500000 -0.500000 0.500000 -0.500000
1779361329.973353 0.300000 0.000000 0.000000 0.500000 -0.500000 0.500000 -0.500000
1779361330.216392 0.300000 0.000000 0.000000 0.500000 -0.500000 0.500000 -0.500000
1779361330.510956 0.300000 0.000000 0.000000 0.500000 -0.500000 0.500000 -0.500000
1779361330.699193 0.300000 0.000000 0.000000 0.500000 -0.500000 0.500000 -0.500000
1779361330.943762 0.300000 0.000000 0.000000 0.500000 -0.500000 0.500000 -0.500000
1779361331.045418 0.300000 0.000000 0.000000 0.500000 -0.500000 0.500000 -0.500000
1779361331.210131 0.300000 0.000000 0.000000 0.500000 -0.500000 0.500000 -0.500000
1779361331.443557 0.300000 0.000000 0.000000 0.500000 -0.500000 0.500000 -0.500000
1779361331.544089 0.300000 0.000000 0.000000 0.500000 -0.500000 0.500000 -0.500000
1779361331.691461 0.300000 0.000000 0.000000 0.500000 -0.500000 0.500000 -0.500000
1779361331.923278 0.300000 0.000000 0.000000 0.500000 -0.500000 0.500000 -0.500000
1779361332.041261 0.300000 0.000000 0.000000 0.500000 -0.500000 0.500000 -0.500000
1779361332.168103 0.300000 0.000000 0.000000 0.500000 -0.500000 0.500000 -0.500000
1779361332.437344 0.300000 0.000000 0.000000 0.500000 -0.500000 0.500000 -0.500000
1779361332.682214 0.300000 0.000000 0.000000 0.500000 -0.500000 0.500000 -0.500000
1779361332.884259 0.300000 0.000000 0.000000 0.500000 -0.500000 0.500000 -0.500000
1779361333.126827 0.300000 0.000000 0.000000 0.500000 -0.500000 0.500000 -0.500000
1779361333.445109 0.300000 0.000000 0.000000 0.500000 -0.500000 0.500000 -0.500000
1779361333.589841 0.300000 0.000000 0.000000 0.500000 -0.500000 0.500000 -0.500000
1779361333.718333 0.300000 0.000000 0.000000 0.500000 -0.500000 0.500000 -0.500000
1779361333.870112 0.300000 0.000000 0.000000 0.500000 -0.500000 0.500000 -0.500000
1779361333.997996 0.300000 0.000000 0.000000 0.500000 -0.500000 0.500000 -0.500000
1779361334.174970 0.300000 0.000000 0.000000 0.500000 -0.500000 0.500000 -0.500000
1779361334.278133 0.300000 0.000000 0.000000 0.500000 -0.500000 0.500000 -0.500000
1779361334.396562 0.300000 0.000000 0.000000 0.500000 -0.500000 0.500000 -0.500000
1779361334.506626 0.300000 0.000000 0.000000 0.500000 -0.500000 0.500000 -0.500000
1779361334.654413 0.300000 0.000000 0.000000 0.500000 -0.500000 0.500000 -0.500000
1779361334.881237 0.300000 0.000000 0.000000 0.500000 -0.500000 0.500000 -0.500000
1779361334.981979 0.300000 0.000000 0.000000 0.500000 -0.500000 0.500000 -0.500000
1779361335.138001 0.300000 0.000000 0.000000 0.500000 -0.500000 0.500000 -0.500000
1779361335.360933 0.300000 0.000000 0.000000 0.500000 -0.500000 0.500000 -0.500000
1779361335.474903 0.300000 0.000000 0.000000 0.500000 -0.500000 0.500000 -0.500000
1779361335.592269 0.300000 0.000000 0.000000 0.500000 -0.500000 0.500000 -0.500000
1779361335.848907 0.300000 0.000000 0.000000 0.500000 -0.500000 0.500000 -0.500000
1779361336.088099 0.300000 0.000000 0.000000 0.500000 -0.500000 0.500000 -0.500000
1779361336.334689 0.300000 0.000000 0.000000 0.500000 -0.500000 0.500000 -0.500000
1779361336.562808 0.300000 0.000000 0.000000 0.500000 -0.500000 0.500000 -0.500000
1779361336.669359 0.300000 0.000000 0.000000 0.500000 -0.500000 0.500000 -0.500000
1779361336.815922 0.300000 0.000000 0.000000 0.500000 -0.500000 0.500000 -0.500000
1779361337.046438 0.300000 0.000000 0.000000 0.500000 -0.500000 0.500000 -0.500000
1779361337.158999 0.300000 0.000000 0.000000 0.500000 -0.500000 0.500000 -0.500000
1779361337.286574 0.300000 0.000000 0.000000 0.500000 -0.500000 0.500000 -0.500000
1779361337.554950 0.300000 0.000000 0.000000 0.500000 -0.500000 0.500000 -0.500000
1779361337.807282 0.300000 0.000000 0.000000 0.500000 -0.500000 0.500000 -0.500000
1779361338.029280 0.300000 0.000000 0.000000 0.500000 -0.500000 0.500000 -0.500000
1779361338.285136 0.300000 0.000000 0.000000 0.500000 -0.500000 0.500000 -0.500000
1779361338.493663 0.300000 0.000000 0.000000 0.500000 -0.500000 0.500000 -0.500000
1779361338.707281 0.300000 0.000000 0.000000 0.500000 -0.500000 0.500000 -0.500000
1779361338.848693 0.300000 0.000000 0.000000 0.500000 -0.500000 0.500000 -0.500000
1779361338.959479 0.300000 0.000000 0.000000 0.500000 -0.500000 0.500000 -0.500000
1779361339.059937 0.300000 0.000000 0.000000 0.500000 -0.500000 0.500000 -0.500000
1779361339.198740 0.300000 0.000000 0.000000 0.500000 -0.500000 0.500000 -0.500000
1779361339.382903 0.300000 0.000000 0.000000 0.500000 -0.500000 0.500000 -0.500000
1779361339.574943 0.300000 0.000000 0.000000 0.500000 -0.500000 0.500000 -0.500000
1779361339.744500 0.300000 0.000000 0.000000 0.500000 -0.500000 0.500000 -0.500000
1779361339.848062 0.300000 0.000000 0.000000 0.500000 -0.500000 0.500000 -0.500000
1779361340.038263 0.300000 0.000000 0.000000 0.500000 -0.500000 0.500000 -0.500000
1779361340.297304 0.300000 0.000000 0.000000 0.500000 -0.500000 0.500000 -0.500000
1779361340.529975 0.300000 0.000000 0.000000 0.500000 -0.500000 0.500000 -0.500000
1779361340.632759 0.300000 0.000000 0.000000 0.500000 -0.500000 0.500000 -0.500000
1779361340.816534 0.300000 0.000000 0.000000 0.500000 -0.500000 0.500000 -0.500000
1779361341.027223 0.300000 0.000000 0.000000 0.500000 -0.500000 0.500000 -0.500000
1779361341.248916 0.300000 0.000000 0.000000 0.500000 -0.500000 0.500000 -0.500000
1779361341.359931 0.300000 0.000000 0.000000 0.500000 -0.500000 0.500000 -0.500000
1779361341.774289 0.300000 0.000000 0.000000 0.500000 -0.500000 0.500000 -0.500000
1779361342.055125 0.300000 0.000000 0.000000 0.500000 -0.500000 0.500000 -0.500000
1779361342.301675 0.300000 0.000000 0.000000 0.500000 -0.500000 0.500000 -0.500000
1779361342.571797 0.300000 0.000000 0.000000 0.500000 -0.500000 0.500000 -0.500000
1779361343.034163 0.300000 0.000000 0.000000 0.500000 -0.500000 0.500000 -0.500000
1779361343.188684 0.300000 0.000000 0.000000 0.500000 -0.500000 0.500000 -0.500000
1779361343.300391 0.300000 0.000000 0.000000 0.500000 -0.500000 0.500000 -0.500000
1779361343.466448 0.300000 0.000000 0.000000 0.500000 -0.500000 0.500000 -0.500000
1779361344.157714 0.300000 0.000000 0.000000 0.500000 -0.500000 0.500000 -0.500000
1779361344.287754 0.300000 0.000000 0.000000 0.500000 -0.500000 0.500000 -0.500000
1779361344.394860 0.300000 0.000000 0.000000 0.500000 -0.500000 0.500000 -0.500000
1779361344.500794 0.300000 0.000000 0.000000 0.500000 -0.500000 0.500000 -0.500000
1779361344.672725 0.300000 0.000000 0.000000 0.500000 -0.500000 0.500000 -0.500000
1779361344.802486 0.300000 0.000000 0.000000 0.500000 -0.500000 0.500000 -0.500000
1779361344.999683 0.300000 0.000000 0.000000 0.500000 -0.500000 0.500000 -0.500000
1779361345.175527 0.300000 0.000000 0.000000 0.500000 -0.500000 0.500000 -0.500000
1779361345.318035 0.300000 0.000000 0.000000 0.500000 -0.500000 0.500000 -0.500000
1779361345.494917 0.300000 0.000000 0.000000 0.500000 -0.500000 0.500000 -0.500000
1779361345.599792 0.300000 0.000000 0.000000 0.500000 -0.500000 0.500000 -0.500000
1779361345.742454 0.300000 0.000000 0.000000 0.500000 -0.500000 0.500000 -0.500000
1779361345.944736 0.300000 0.000000 0.000000 0.500000 -0.500000 0.500000 -0.500000
1779361346.187337 0.300000 0.000000 0.000000 0.500000 -0.500000 0.500000 -0.500000
1779361346.402235 0.300000 0.000000 0.000000 0.500000 -0.500000 0.500000 -0.500000
1779361346.520088 0.300000 0.000000 0.000000 0.500000 -0.500000 0.500000 -0.500000
1779361346.702960 0.300000 0.000000 0.000000 0.500000 -0.500000 0.500000 -0.500000
1779361346.914096 0.300000 0.000000 0.000000 0.500000 -0.500000 0.500000 -0.500000
1779361347.016077 0.300000 0.000000 0.000000 0.500000 -0.500000 0.500000 -0.500000
1779361347.125144 0.300000 0.000000 0.000000 0.500000 -0.500000 0.500000 -0.500000
1779361347.379416 0.300000 0.000000 0.000000 0.500000 -0.500000 0.500000 -0.500000
1779361347.662312 0.300000 0.000000 0.000000 0.500000 -0.500000 0.500000 -0.500000
1779361347.854488 0.300000 0.000000 0.000000 0.500000 -0.500000 0.500000 -0.500000
1779361348.097595 0.300000 0.000000 0.000000 0.500000 -0.500000 0.500000 -0.500000
1779361348.339818 0.300000 0.000000 0.000000 0.500000 -0.500000 0.500000 -0.500000
1779361348.571604 0.300000 0.000000 0.000000 0.500000 -0.500000 0.500000 -0.500000
1779361348.691101 0.300000 0.000000 0.000000 0.500000 -0.500000 0.500000 -0.500000
1779361348.842442 0.300000 0.000000 0.000000 0.500000 -0.500000 0.500000 -0.500000
1779361349.055766 0.300000 0.000000 0.000000 0.500000 -0.500000 0.500000 -0.500000
1779361349.180900 0.300000 0.000000 0.000000 0.500000 -0.500000 0.500000 -0.500000
1779361349.306246 0.300000 0.000000 0.000000 0.500000 -0.500000 0.500000 -0.500000
1779361349.562982 0.300000 0.000000 0.000000 0.500000 -0.500000 0.500000 -0.500000
1779361349.670873 0.300000 0.000000 0.000000 0.500000 -0.500000 0.500000 -0.500000
1779361349.810348 0.300000 0.000000 0.000000 0.500000 -0.500000 0.500000 -0.500000
1779361350.024173 0.300000 0.000000 0.000000 0.500000 -0.500000 0.500000 -0.500000
1779361350.263200 0.300000 0.000000 0.000000 0.500000 -0.500000 0.500000 -0.500000
1779361350.516050 0.300000 0.000000 0.000000 0.500000 -0.500000 0.500000 -0.500000
1779361350.652360 0.300000 0.000000 0.000000 0.500000 -0.500000 0.500000 -0.500000
1779361350.789174 0.300000 0.000000 0.000000 0.500000 -0.500000 0.500000 -0.500000
1779361350.952797 0.300000 0.000000 0.000000 0.500000 -0.500000 0.500000 -0.500000
1779361351.096872 0.300000 0.000000 0.000000 0.500000 -0.500000 0.500000 -0.500000
1779361351.216366 0.300000 0.000000 0.000000 0.500000 -0.500000 0.500000 -0.500000
1779361351.354508 0.300000 0.000000 0.000000 0.500000 -0.500000 0.500000 -0.500000
1779361351.493812 0.300000 0.000000 0.000000 0.500000 -0.500000 0.500000 -0.500000
1779361351.640018 0.300000 0.000000 0.000000 0.500000 -0.500000 0.500000 -0.500000
1779361351.760770 0.300000 0.000000 0.000000 0.500000 -0.500000 0.500000 -0.500000
1779361351.922490 0.300000 0.000000 0.000000 0.500000 -0.500000 0.500000 -0.500000
1779361352.067857 0.300000 0.000000 0.000000 0.500000 -0.500000 0.500000 -0.500000
1779361352.201284 0.300000 0.000000 0.000000 0.500000 -0.500000 0.500000 -0.500000
1779361352.344063 0.300000 0.000000 0.000000 0.500000 -0.500000 0.500000 -0.500000
1779361352.477505 0.300000 0.000000 0.000000 0.500000 -0.500000 0.500000 -0.500000
1779361352.622046 0.300000 0.000000 0.000000 0.500000 -0.500000 0.500000 -0.500000
1779361352.762107 0.300000 0.000000 0.000000 0.500000 -0.500000 0.500000 -0.500000
1779361352.905188 0.300000 0.000000 0.000000 0.500000 -0.500000 0.500000 -0.500000
1779361353.049102 0.300000 0.000000 0.000000 0.500000 -0.500000 0.500000 -0.500000
1779361353.197871 0.300000 0.000000 0.000000 0.500000 -0.500000 0.500000 -0.500000
1779361353.340524 0.300000 0.000000 0.000000 0.500000 -0.500000 0.500000 -0.500000
1779361353.481552 0.300000 0.000000 0.000000 0.500000 -0.500000 0.500000 -0.500000
1779361353.607016 0.300000 0.000000 0.000000 0.500000 -0.500000 0.500000 -0.500000
1779361353.757767 0.300000 0.000000 0.000000 0.500000 -0.500000 0.500000 -0.500000
1779361353.890204 0.300000 0.000000 0.000000 0.500000 -0.500000 0.500000 -0.500000
1779361354.026869 0.300000 0.000000 0.000000 0.500000 -0.500000 0.500000 -0.500000
1779361354.177466 0.300000 0.000000 0.000000 0.500000 -0.500000 0.500000 -0.500000
1779361354.320354 0.300000 0.000000 0.000000 0.500000 -0.500000 0.500000 -0.500000
1779361354.480561 0.300000 0.000000 0.000000 0.500000 -0.500000 0.500000 -0.500000
1779361354.588525 0.300000 0.000000 0.000000 0.500000 -0.500000 0.500000 -0.500000
1779361354.776760 0.300000 0.000000 0.000000 0.500000 -0.500000 0.500000 -0.500000
1779361354.954158 0.300000 0.000000 0.000000 0.500000 -0.500000 0.500000 -0.500000
1779361355.203671 0.300000 0.000000 0.000000 0.500000 -0.500000 0.500000 -0.500000
1779361355.472222 0.300000 0.000000 0.000000 0.500000 -0.500000 0.500000 -0.500000
1779361355.713982 0.300000 0.000000 0.000000 0.500000 -0.500000 0.500000 -0.500000
1779361355.936646 0.300000 0.000000 0.000000 0.500000 -0.500000 0.500000 -0.500000
1779361356.248805 0.300000 0.000000 0.000000 0.500000 -0.500000 0.500000 -0.500000
1779361356.446573 0.300000 0.000000 0.000000 0.500000 -0.500000 0.500000 -0.500000
1779361356.700189 0.300000 0.000000 0.000000 0.500000 -0.500000 0.500000 -0.500000
1779361356.989288 0.300000 0.000000 0.000000 0.500000 -0.500000 0.500000 -0.500000
1779361357.158056 0.300000 0.000000 0.000000 0.500000 -0.500000 0.500000 -0.500000
1779361357.267482 0.300000 0.000000 0.000000 0.500000 -0.500000 0.500000 -0.500000
1779361357.390941 0.300000 0.000000 0.000000 0.500000 -0.500000 0.500000 -0.500000
1779361357.631028 0.300000 0.000000 0.000000 0.500000 -0.500000 0.500000 -0.500000
1779361357.862441 0.300000 0.000000 0.000000 0.500000 -0.500000 0.500000 -0.500000
1779361358.142242 0.300000 0.000000 0.000000 0.500000 -0.500000 0.500000 -0.500000
1779361358.349652 0.300000 0.000000 0.000000 0.500000 -0.500000 0.500000 -0.500000
1779361358.603313 0.300000 0.000000 0.000000 0.500000 -0.500000 0.500000 -0.500000
1779361358.885555 0.300000 0.000000 0.000000 0.500000 -0.500000 0.500000 -0.500000
1779361359.056592 0.300000 0.000000 0.000000 0.500000 -0.500000 0.500000 -0.500000
1779361359.298102 0.300000 0.000000 0.000000 0.500000 -0.500000 0.500000 -0.500000
1779361359.512854 0.300000 0.000000 0.000000 0.500000 -0.500000 0.500000 -0.500000
1779361359.654548 0.300000 0.000000 0.000000 0.500000 -0.500000 0.500000 -0.500000
1779361359.786661 0.300000 0.000000 0.000000 0.500000 -0.500000 0.500000 -0.500000
1779361359.924354 0.300000 0.000000 0.000000 0.500000 -0.500000 0.500000 -0.500000
1779361360.070448 0.300000 0.000000 0.000000 0.500000 -0.500000 0.500000 -0.500000
1779361360.226044 0.300000 0.000000 0.000000 0.500000 -0.500000 0.500000 -0.500000
1779361360.345360 0.300000 0.000000 0.000000 0.500000 -0.500000 0.500000 -0.500000
1779361360.489850 0.300000 0.000000 0.000000 0.500000 -0.500000 0.500000 -0.500000
1779361360.629966 0.300000 0.000000 0.000000 0.500000 -0.500000 0.500000 -0.500000
1779361360.771769 0.300000 0.000000 0.000000 0.500000 -0.500000 0.500000 -0.500000
1779361360.911409 0.300000 0.000000 0.000000 0.500000 -0.500000 0.500000 -0.500000
1779361361.058794 0.300000 0.000000 0.000000 0.500000 -0.500000 0.500000 -0.500000
1779361361.200155 0.300000 0.000000 0.000000 0.500000 -0.500000 0.500000 -0.500000
1779361361.330799 0.300000 0.000000 0.000000 0.500000 -0.500000 0.500000 -0.500000
1779361361.475033 0.300000 0.000000 0.000000 0.500000 -0.500000 0.500000 -0.500000
1779361361.614512 0.300000 0.000000 0.000000 0.500000 -0.500000 0.500000 -0.500000
1779361361.753591 0.300000 0.000000 0.000000 0.500000 -0.500000 0.500000 -0.500000
1779361361.896004 0.300000 0.000000 0.000000 0.500000 -0.500000 0.500000 -0.500000
1779361362.037791 0.300000 0.000000 0.000000 0.500000 -0.500000 0.500000 -0.500000
1779361362.177269 0.300000 0.000000 0.000000 0.500000 -0.500000 0.500000 -0.500000
1779361362.313404 0.300000 0.000000 0.000000 0.500000 -0.500000 0.500000 -0.500000
1779361362.456050 0.300000 0.000000 0.000000 0.500000 -0.500000 0.500000 -0.500000
1779361362.598635 0.300000 0.000000 0.000000 0.500000 -0.500000 0.500000 -0.500000
1779361362.738038 0.300000 0.000000 0.000000 0.500000 -0.500000 0.500000 -0.500000
1779361362.877551 0.300000 0.000000 0.000000 0.500000 -0.500000 0.500000 -0.500000
1779361363.025364 0.300000 0.000000 0.000000 0.500000 -0.500000 0.500000 -0.500000
1779361363.142541 0.300000 0.000000 0.000000 0.500000 -0.500000 0.500000 -0.500000
1779361363.261594 0.300000 0.000000 0.000000 0.500000 -0.500000 0.500000 -0.500000
1779361363.657090 0.300000 0.000000 0.000000 0.500000 -0.500000 0.500000 -0.500000
1779361363.758569 0.300000 0.000000 0.000000 0.500000 -0.500000 0.500000 -0.500000
1779361363.861304 0.300000 0.000000 0.000000 0.500000 -0.500000 0.500000 -0.500000
1779361364.001115 0.300000 0.000000 0.000000 0.500000 -0.500000 0.500000 -0.500000
1779361364.140147 0.300000 0.000000 0.000000 0.500000 -0.500000 0.500000 -0.500000
1779361364.285007 0.300000 0.000000 0.000000 0.500000 -0.500000 0.500000 -0.500000
1779361364.420485 0.300000 0.000000 0.000000 0.500000 -0.500000 0.500000 -0.500000
1779361364.576228 0.300000 0.000000 0.000000 0.500000 -0.500000 0.500000 -0.500000
1779361364.705333 0.300000 0.000000 0.000000 0.500000 -0.500000 0.500000 -0.500000
1779361364.844682 0.300000 0.000000 0.000000 0.500000 -0.500000 0.500000 -0.500000
1779361364.986569 0.300000 0.000000 0.000000 0.500000 -0.500000 0.500000 -0.500000
1779361365.128337 0.300000 0.000000 0.000000 0.500000 -0.500000 0.500000 -0.500000
1779361365.272082 0.300000 0.000000 0.000000 0.500000 -0.500000 0.500000 -0.500000
1779361365.408459 0.300000 0.000000 0.000000 0.500000 -0.500000 0.500000 -0.500000
1779361365.547021 0.300000 0.000000 0.000000 0.500000 -0.500000 0.500000 -0.500000
1779361365.691163 0.300000 0.000000 0.000000 0.500000 -0.500000 0.500000 -0.500000
1779361365.827943 0.300000 0.000000 0.000000 0.500000 -0.500000 0.500000 -0.500000
1779361365.972693 0.300000 0.000000 0.000000 0.500000 -0.500000 0.500000 -0.500000
1779361366.118200 0.300000 0.000000 0.000000 0.500000 -0.500000 0.500000 -0.500000
1779361366.288860 0.300000 0.000000 0.000000 0.500000 -0.500000 0.500000 -0.500000
1779361366.407706 0.300000 0.000000 0.000000 0.500000 -0.500000 0.500000 -0.500000
1779361366.638754 0.300000 0.000000 0.000000 0.500000 -0.500000 0.500000 -0.500000
1779361366.759833 0.300000 0.000000 0.000000 0.500000 -0.500000 0.500000 -0.500000
1779361366.931425 0.300000 0.000000 0.000000 0.500000 -0.500000 0.500000 -0.500000
1779361367.065333 0.300000 0.000000 0.000000 0.500000 -0.500000 0.500000 -0.500000
1779361367.182054 0.300000 0.000000 0.000000 0.500000 -0.500000 0.500000 -0.500000
1779361367.307592 0.300000 0.000000 0.000000 0.500000 -0.500000 0.500000 -0.500000
1779361367.447785 0.300000 0.000000 0.000000 0.500000 -0.500000 0.500000 -0.500000
1779361367.583928 0.300000 0.000000 0.000000 0.500000 -0.500000 0.500000 -0.500000
1779361367.728948 0.300000 0.000000 0.000000 0.500000 -0.500000 0.500000 -0.500000
1779361367.971621 0.300000 0.000000 0.000000 0.500000 -0.500000 0.500000 -0.500000
1779361368.203322 0.300000 0.000000 0.000000 0.500000 -0.500000 0.500000 -0.500000
1779361368.378041 0.300000 0.000000 0.000000 0.500000 -0.500000 0.500000 -0.500000
1779361368.503499 0.300000 0.000000 0.000000 0.500000 -0.500000 0.500000 -0.500000
1779361368.674804 0.300000 0.000000 0.000000 0.500000 -0.500000 0.500000 -0.500000
1779361368.791002 0.300000 0.000000 0.000000 0.500000 -0.500000 0.500000 -0.500000
1779361368.921531 0.300000 0.000000 0.000000 0.500000 -0.500000 0.500000 -0.500000
1779361369.131051 0.300000 0.000000 0.000000 0.500000 -0.500000 0.500000 -0.500000
1779361369.381724 0.300000 0.000000 0.000000 0.500000 -0.500000 0.500000 -0.500000
1779361369.484383 0.300000 0.000000 0.000000 0.500000 -0.500000 0.500000 -0.500000
1779361369.619265 0.300000 0.000000 0.000000 0.500000 -0.500000 0.500000 -0.500000
1779361369.854582 0.300000 0.000000 0.000000 0.500000 -0.500000 0.500000 -0.500000
1779361369.984109 0.300000 0.000000 0.000000 0.500000 -0.500000 0.500000 -0.500000
1779361370.112670 0.300000 0.000000 0.000000 0.500000 -0.500000 0.500000 -0.500000
1779361370.368602 0.300000 0.000000 0.000000 0.500000 -0.500000 0.500000 -0.500000
1779361370.471446 0.300000 0.000000 0.000000 0.500000 -0.500000 0.500000 -0.500000
1779361370.628975 0.300000 0.000000 0.000000 0.500000 -0.500000 0.500000 -0.500000
1779361370.838183 0.300000 0.000000 0.000000 0.500000 -0.500000 0.500000 -0.500000
1779361371.080842 0.300000 0.000000 0.000000 0.500000 -0.500000 0.500000 -0.500000
1779361371.326063 0.300000 0.000000 0.000000 0.500000 -0.500000 0.500000 -0.500000
1779361371.681318 0.300000 0.000000 0.000000 0.500000 -0.500000 0.500000 -0.500000
1779361371.793809 0.300000 0.000000 0.000000 0.500000 -0.500000 0.500000 -0.500000
1779361372.038979 0.300000 0.000000 0.000000 0.500000 -0.500000 0.500000 -0.500000
1779361372.277454 0.300000 0.000000 0.000000 0.500000 -0.500000 0.500000 -0.500000
1779361372.481528 0.300000 0.000000 0.000000 0.500000 -0.500000 0.500000 -0.500000
1779361372.650784 0.300000 0.000000 0.000000 0.500000 -0.500000 0.500000 -0.500000
1779361372.786964 0.300000 0.000000 0.000000 0.500000 -0.500000 0.500000 -0.500000
1779361372.925649 0.300000 0.000000 0.000000 0.500000 -0.500000 0.500000 -0.500000
1779361373.078040 0.300000 0.000000 0.000000 0.500000 -0.500000 0.500000 -0.500000
1779361373.213638 0.300000 0.000000 0.000000 0.500000 -0.500000 0.500000 -0.500000
1779361373.349190 0.300000 0.000000 0.000000 0.500000 -0.500000 0.500000 -0.500000
1779361373.494977 0.300000 0.000000 0.000000 0.500000 -0.500000 0.500000 -0.500000
1779361373.632550 0.300000 0.000000 0.000000 0.500000 -0.500000 0.500000 -0.500000
1779361373.781011 0.300000 0.000000 0.000000 0.500000 -0.500000 0.500000 -0.500000
1779361373.913979 0.300000 0.000000 0.000000 0.500000 -0.500000 0.500000 -0.500000
1779361374.051136 0.300000 0.000000 0.000000 0.500000 -0.500000 0.500000 -0.500000
1779361374.193192 0.300000 0.000000 0.000000 0.500000 -0.500000 0.500000 -0.500000
1779361374.333684 0.300000 0.000000 0.000000 0.500000 -0.500000 0.500000 -0.500000
1779361374.484150 0.300000 0.000000 0.000000 0.500000 -0.500000 0.500000 -0.500000
1779361374.615603 0.300000 0.000000 0.000000 0.500000 -0.500000 0.500000 -0.500000
1779361374.758171 0.300000 0.000000 0.000000 0.500000 -0.500000 0.500000 -0.500000
1779361374.904635 0.300000 0.000000 0.000000 0.500000 -0.500000 0.500000 -0.500000
1779361375.036041 0.300000 0.000000 0.000000 0.500000 -0.500000 0.500000 -0.500000
1779361375.181217 0.300000 0.000000 0.000000 0.500000 -0.500000 0.500000 -0.500000
1779361375.317260 0.300000 0.000000 0.000000 0.500000 -0.500000 0.500000 -0.500000
1779361375.457594 0.300000 0.000000 0.000000 0.500000 -0.500000 0.500000 -0.500000
1779361375.601761 0.300000 0.000000 0.000000 0.500000 -0.500000 0.500000 -0.500000
1779361375.742230 0.300000 0.000000 0.000000 0.500000 -0.500000 0.500000 -0.500000
1779361375.883434 0.300000 0.000000 0.000000 0.500000 -0.500000 0.500000 -0.500000
1779361376.024863 0.300000 0.000000 0.000000 0.500000 -0.500000 0.500000 -0.500000
1779361376.160903 0.300000 0.000000 0.000000 0.500000 -0.500000 0.500000 -0.500000
1779361376.300627 0.300000 0.000000 0.000000 0.500000 -0.500000 0.500000 -0.500000
1779361376.445459 0.300000 0.000000 0.000000 0.500000 -0.500000 0.500000 -0.500000
1779361376.580097 0.300000 0.000000 0.000000 0.500000 -0.500000 0.500000 -0.500000
1779361376.725139 0.300000 0.000000 0.000000 0.500000 -0.500000 0.500000 -0.500000
1779361376.863492 0.300000 0.000000 0.000000 0.500000 -0.500000 0.500000 -0.500000
1779361377.004953 0.300000 0.000000 0.000000 0.500000 -0.500000 0.500000 -0.500000
1779361377.147362 0.300000 0.000000 0.000000 0.500000 -0.500000 0.500000 -0.500000
1779361377.282364 0.300000 0.000000 0.000000 0.500000 -0.500000 0.500000 -0.500000
1779361377.424175 0.300000 0.000000 0.000000 0.500000 -0.500000 0.500000 -0.500000
1779361377.566131 0.300000 0.000000 0.000000 0.500000 -0.500000 0.500000 -0.500000
1779361377.703318 0.300000 0.000000 0.000000 0.500000 -0.500000 0.500000 -0.500000
1779361377.851985 0.300000 0.000000 0.000000 0.500000 -0.500000 0.500000 -0.500000
1779361377.984237 0.300000 0.000000 0.000000 0.500000 -0.500000 0.500000 -0.500000
1779361378.125136 0.300000 0.000000 0.000000 0.500000 -0.500000 0.500000 -0.500000
1779361378.268077 0.300000 0.000000 0.000000 0.500000 -0.500000 0.500000 -0.500000
1779361378.415732 0.300000 0.000000 0.000000 0.500000 -0.500000 0.500000 -0.500000
1779361378.554345 0.300000 0.000000 0.000000 0.500000 -0.500000 0.500000 -0.500000
1779361378.728745 0.300000 0.000000 0.000000 0.500000 -0.500000 0.500000 -0.500000
1779361378.835782 0.300000 0.000000 0.000000 0.500000 -0.500000 0.500000 -0.500000
1779361378.980260 0.300000 0.000000 0.000000 0.500000 -0.500000 0.500000 -0.500000
1779361379.114599 0.300000 0.000000 0.000000 0.500000 -0.500000 0.500000 -0.500000
1779361379.251897 0.300000 0.000000 0.000000 0.500000 -0.500000 0.500000 -0.500000
1779361379.403755 0.300000 0.000000 0.000000 0.500000 -0.500000 0.500000 -0.500000
1779361379.532041 0.300000 0.000000 0.000000 0.500000 -0.500000 0.500000 -0.500000
1779361379.671503 0.300000 0.000000 0.000000 0.500000 -0.500000 0.500000 -0.500000
1779361379.815799 0.300000 0.000000 0.000000 0.500000 -0.500000 0.500000 -0.500000
1779361379.956584 0.300000 0.000000 0.000000 0.500000 -0.500000 0.500000 -0.500000
1779361380.104786 0.300000 0.000000 0.000000 0.500000 -0.500000 0.500000 -0.500000
1779361380.235788 0.300000 0.000000 0.000000 0.500000 -0.500000 0.500000 -0.500000
1779361380.381416 0.300000 0.000000 0.000000 0.500000 -0.500000 0.500000 -0.500000
1779361380.518371 0.300000 0.000000 0.000000 0.500000 -0.500000 0.500000 -0.500000
1779361380.656136 0.300000 0.000000 0.000000 0.500000 -0.500000 0.500000 -0.500000
1779361380.806747 0.300000 0.000000 0.000000 0.500000 -0.500000 0.500000 -0.500000
1779361380.946064 0.300000 0.000000 0.000000 0.500000 -0.500000 0.500000 -0.500000
1779361381.089532 0.300000 0.000000 0.000000 0.500000 -0.500000 0.500000 -0.500000
1779361381.220359 0.300000 0.000000 0.000000 0.500000 -0.500000 0.500000 -0.500000
1779361381.358844 0.300000 0.000000 0.000000 0.500000 -0.500000 0.500000 -0.500000
1779361381.503410 0.300000 0.000000 0.000000 0.500000 -0.500000 0.500000 -0.500000
1779361381.652359 0.300000 0.000000 0.000000 0.500000 -0.500000 0.500000 -0.500000
1779361381.779530 0.300000 0.000000 0.000000 0.500000 -0.500000 0.500000 -0.500000
1779361381.923435 0.300000 0.000000 0.000000 0.500000 -0.500000 0.500000 -0.500000
1779361382.072819 0.300000 0.000000 0.000000 0.500000 -0.500000 0.500000 -0.500000
1779361382.205291 0.300000 0.000000 0.000000 0.500000 -0.500000 0.500000 -0.500000
1779361382.354054 0.300000 0.000000 0.000000 0.500000 -0.500000 0.500000 -0.500000
1779361382.485882 0.300000 0.000000 0.000000 0.500000 -0.500000 0.500000 -0.500000
1779361382.625482 0.300000 0.000000 0.000000 0.500000 -0.500000 0.500000 -0.500000
1779361382.766005 0.300000 0.000000 0.000000 0.500000 -0.500000 0.500000 -0.500000
1779361382.903682 0.300000 0.000000 0.000000 0.500000 -0.500000 0.500000 -0.500000
1779361383.056114 0.300000 0.000000 0.000000 0.500000 -0.500000 0.500000 -0.500000
1779361383.195666 0.300000 0.000000 0.000000 0.500000 -0.500000 0.500000 -0.500000
1779361383.339485 0.300000 0.000000 0.000000 0.500000 -0.500000 0.500000 -0.500000
1779361383.472363 0.300000 0.000000 0.000000 0.500000 -0.500000 0.500000 -0.500000
1779361383.607203 0.300000 0.000000 0.000000 0.500000 -0.500000 0.500000 -0.500000
1779361383.752971 0.300000 0.000000 0.000000 0.500000 -0.500000 0.500000 -0.500000
1779361383.899478 0.300000 0.000000 0.000000 0.500000 -0.500000 0.500000 -0.500000
1779361384.033347 0.300000 0.000000 0.000000 0.500000 -0.500000 0.500000 -0.500000
1779361384.186326 0.300000 0.000000 0.000000 0.500000 -0.500000 0.500000 -0.500000
1779361384.315438 0.300000 0.000000 0.000000 0.500000 -0.500000 0.500000 -0.500000
1779361384.455598 0.300000 0.000000 0.000000 0.500000 -0.500000 0.500000 -0.500000
1779361384.593589 0.300000 0.000000 0.000000 0.500000 -0.500000 0.500000 -0.500000
1779361384.730513 0.300000 0.000000 0.000000 0.500000 -0.500000 0.500000 -0.500000
1779361384.871937 0.300000 0.000000 0.000000 0.500000 -0.500000 0.500000 -0.500000
1779361385.028538 0.300000 0.000000 0.000000 0.500000 -0.500000 0.500000 -0.500000
1779361385.164449 0.300000 0.000000 0.000000 0.500000 -0.500000 0.500000 -0.500000
1779361385.296913 0.300000 0.000000 0.000000 0.500000 -0.500000 0.500000 -0.500000
1779361385.443861 0.300000 0.000000 0.000000 0.500000 -0.500000 0.500000 -0.500000
1779361385.577797 0.300000 0.000000 0.000000 0.500000 -0.500000 0.500000 -0.500000
1779361385.715398 0.300000 0.000000 0.000000 0.500000 -0.500000 0.500000 -0.500000
1779361385.857997 0.300000 0.000000 0.000000 0.500000 -0.500000 0.500000 -0.500000
1779361385.996546 0.300000 0.000000 0.000000 0.500000 -0.500000 0.500000 -0.500000
1779361386.140190 0.300000 0.000000 0.000000 0.500000 -0.500000 0.500000 -0.500000
1779361386.284055 0.300000 0.000000 0.000000 0.500000 -0.500000 0.500000 -0.500000
1779361386.421710 0.300000 0.000000 0.000000 0.500000 -0.500000 0.500000 -0.500000
1779361386.572566 0.300000 0.000000 0.000000 0.500000 -0.500000 0.500000 -0.500000
1779361386.700421 0.300000 0.000000 0.000000 0.500000 -0.500000 0.500000 -0.500000
1779361386.841715 0.300000 0.000000 0.000000 0.500000 -0.500000 0.500000 -0.500000
1779361387.069082 0.300000 0.000000 0.000000 0.500000 -0.500000 0.500000 -0.500000
1779361387.193238 0.300000 0.000000 0.000000 0.500000 -0.500000 0.500000 -0.500000
1779361387.299470 0.300000 0.000000 0.000000 0.500000 -0.500000 0.500000 -0.500000
1779361387.404097 0.300000 0.000000 0.000000 0.500000 -0.500000 0.500000 -0.500000
1779361387.546981 0.300000 0.000000 0.000000 0.500000 -0.500000 0.500000 -0.500000
1779361387.699600 0.300000 0.000000 0.000000 0.500000 -0.500000 0.500000 -0.500000
1779361387.942649 0.300000 0.000000 0.000000 0.500000 -0.500000 0.500000 -0.500000
1779361388.161530 0.300000 0.000000 0.000000 0.500000 -0.500000 0.500000 -0.500000
1779361388.283484 0.300000 0.000000 0.000000 0.500000 -0.500000 0.500000 -0.500000
1779361388.444832 0.300000 0.000000 0.000000 0.500000 -0.500000 0.500000 -0.500000
1779361388.650729 0.300000 0.000000 0.000000 0.500000 -0.500000 0.500000 -0.500000
1779361388.889614 0.300000 0.000000 0.000000 0.500000 -0.500000 0.500000 -0.500000
1779361389.169381 0.300000 0.000000 0.000000 0.500000 -0.500000 0.500000 -0.500000
1779361389.380697 0.300000 0.000000 0.000000 0.500000 -0.500000 0.500000 -0.500000
1779361389.643927 0.300000 0.000000 0.000000 0.500000 -0.500000 0.500000 -0.500000
1779361389.866378 0.300000 0.000000 0.000000 0.500000 -0.500000 0.500000 -0.500000
1779361390.119375 0.300000 0.000000 0.000000 0.500000 -0.500000 0.500000 -0.500000
1779361390.375315 0.300000 0.000000 0.000000 0.500000 -0.500000 0.500000 -0.500000
1779361390.595254 0.300000 0.000000 0.000000 0.500000 -0.500000 0.500000 -0.500000
1779361390.717834 0.300000 0.000000 0.000000 0.500000 -0.500000 0.500000 -0.500000
1779361390.909923 0.300000 0.000000 0.000000 0.500000 -0.500000 0.500000 -0.500000
1779361391.081467 0.300000 0.000000 0.000000 0.500000 -0.500000 0.500000 -0.500000
1779361391.318835 0.300000 0.000000 0.000000 0.500000 -0.500000 0.500000 -0.500000
1779361391.431616 0.300000 0.000000 0.000000 0.500000 -0.500000 0.500000 -0.500000
1779361391.581367 0.300000 0.000000 0.000000 0.500000 -0.500000 0.500000 -0.500000
1779361391.713289 0.300000 0.000000 0.000000 0.500000 -0.500000 0.500000 -0.500000
1779361391.832623 0.300000 0.000000 0.000000 0.500000 -0.500000 0.500000 -0.500000
1779361391.974190 0.300000 0.000000 0.000000 0.500000 -0.500000 0.500000 -0.500000
1779361392.116479 0.300000 0.000000 0.000000 0.500000 -0.500000 0.500000 -0.500000
1779361392.257303 0.300000 0.000000 0.000000 0.500000 -0.500000 0.500000 -0.500000
1779361392.415938 0.300000 0.000000 0.000000 0.500000 -0.500000 0.500000 -0.500000
1779361392.533753 0.300000 0.000000 0.000000 0.500000 -0.500000 0.500000 -0.500000
1779361392.639010 0.300000 0.000000 0.000000 0.500000 -0.500000 0.500000 -0.500000
1779361392.749043 0.300000 0.000000 0.000000 0.500000 -0.500000 0.500000 -0.500000
1779361392.895370 0.300000 0.000000 0.000000 0.500000 -0.500000 0.500000 -0.500000
1779361393.024544 0.300000 0.000000 0.000000 0.500000 -0.500000 0.500000 -0.500000
1779361393.164142 0.300000 0.000000 0.000000 0.500000 -0.500000 0.500000 -0.500000
1779361393.306720 0.300000 0.000000 0.000000 0.500000 -0.500000 0.500000 -0.500000
1779361393.448365 0.300000 0.000000 0.000000 0.500000 -0.500000 0.500000 -0.500000
1779361393.589988 0.300000 0.000000 0.000000 0.500000 -0.500000 0.500000 -0.500000
1779361393.728625 0.300000 0.000000 0.000000 0.500000 -0.500000 0.500000 -0.500000
1779361393.873303 0.300000 0.000000 0.000000 0.500000 -0.500000 0.500000 -0.500000
1779361394.007810 0.300000 0.000000 0.000000 0.500000 -0.500000 0.500000 -0.500000
1779361394.155858 0.300000 0.000000 0.000000 0.500000 -0.500000 0.500000 -0.500000
1779361394.296421 0.300000 0.000000 0.000000 0.500000 -0.500000 0.500000 -0.500000
1779361394.431092 0.300000 0.000000 0.000000 0.500000 -0.500000 0.500000 -0.500000
1779361394.587465 0.300000 0.000000 0.000000 0.500000 -0.500000 0.500000 -0.500000
1779361394.716992 0.300000 0.000000 0.000000 0.500000 -0.500000 0.500000 -0.500000
1779361394.852462 0.300000 0.000000 0.000000 0.500000 -0.500000 0.500000 -0.500000
1779361394.993700 0.300000 0.000000 0.000000 0.500000 -0.500000 0.500000 -0.500000
1779361395.133409 0.300000 0.000000 0.000000 0.500000 -0.500000 0.500000 -0.500000
1779361395.297050 0.300000 0.000000 0.000000 0.500000 -0.500000 0.500000 -0.500000
1779361395.414282 0.300000 0.000000 0.000000 0.500000 -0.500000 0.500000 -0.500000
1779361395.559337 0.300000 0.000000 0.000000 0.500000 -0.500000 0.500000 -0.500000
1779361395.699267 0.300000 0.000000 0.000000 0.500000 -0.500000 0.500000 -0.500000
1779361395.843316 0.300000 0.000000 0.000000 0.500000 -0.500000 0.500000 -0.500000
1779361395.982531 0.300000 0.000000 0.000000 0.500000 -0.500000 0.500000 -0.500000
1779361396.127403 0.300000 0.000000 0.000000 0.500000 -0.500000 0.500000 -0.500000
1779361396.257938 0.300000 0.000000 0.000000 0.500000 -0.500000 0.500000 -0.500000
1779361396.409945 0.300000 0.000000 0.000000 0.500000 -0.500000 0.500000 -0.500000
1779361396.535373 0.300000 0.000000 0.000000 0.500000 -0.500000 0.500000 -0.500000
1779361396.682743 0.300000 0.000000 0.000000 0.500000 -0.500000 0.500000 -0.500000
1779361396.829078 0.300000 0.000000 0.000000 0.500000 -0.500000 0.500000 -0.500000
1779361396.977778 0.300000 0.000000 0.000000 0.500000 -0.500000 0.500000 -0.500000
1779361397.105167 0.300000 0.000000 0.000000 0.500000 -0.500000 0.500000 -0.500000
1779361397.239964 0.300000 0.000000 0.000000 0.500000 -0.500000 0.500000 -0.500000
1779361397.347744 0.300000 0.000000 0.000000 0.500000 -0.500000 0.500000 -0.500000
1779361397.452828 0.300000 0.000000 0.000000 0.500000 -0.500000 0.500000 -0.500000
1779361397.593933 0.300000 0.000000 0.000000 0.500000 -0.500000 0.500000 -0.500000
1779361397.750498 0.300000 0.000000 0.000000 0.500000 -0.500000 0.500000 -0.500000
1779361397.884510 0.300000 0.000000 0.000000 0.500000 -0.500000 0.500000 -0.500000
1779361398.013211 0.300000 0.000000 0.000000 0.500000 -0.500000 0.500000 -0.500000
1779361398.151676 0.300000 0.000000 0.000000 0.500000 -0.500000 0.500000 -0.500000
1779361398.294711 0.300000 0.000000 0.000000 0.500000 -0.500000 0.500000 -0.500000
1779361398.439846 0.300000 0.000000 0.000000 0.500000 -0.500000 0.500000 -0.500000
1779361398.579287 0.300000 0.000000 0.000000 0.500000 -0.500000 0.500000 -0.500000
1779361398.720568 0.300000 0.000000 0.000000 0.500000 -0.500000 0.500000 -0.500000
1779361398.869961 0.300000 0.000000 0.000000 0.500000 -0.500000 0.500000 -0.500000
1779361398.996128 0.300000 0.000000 0.000000 0.500000 -0.500000 0.500000 -0.500000
1779361399.136558 0.300000 0.000000 0.000000 0.500000 -0.500000 0.500000 -0.500000
1779361399.282553 0.300000 0.000000 0.000000 0.500000 -0.500000 0.500000 -0.500000
1779361399.433471 0.300000 0.000000 0.000000 0.500000 -0.500000 0.500000 -0.500000
1779361399.586400 0.300000 0.000000 0.000000 0.500000 -0.500000 0.500000 -0.500000
1779361399.702940 0.300000 0.000000 0.000000 0.500000 -0.500000 0.500000 -0.500000
1779361399.851849 0.300000 0.000000 0.000000 0.500000 -0.500000 0.500000 -0.500000
1779361399.997694 0.300000 0.000000 0.000000 0.500000 -0.500000 0.500000 -0.500000
