1778754109.610309 0.000000 0.000000 0.000000 0.00000000 0.00000000 0.00000000 1.00000000
1778754115.345239 -0.017746 -0.001808 -0.045700 -0.00913069 -0.01131513 -0.00079634 0.99989398
1778754115.488717 -0.034455 -0.000563 -0.033341 -0.00513467 -0.02386937 -0.00166596 0.99970051
1778754115.624470 -0.048226 -0.001256 -0.045811 -0.00862990 -0.03743828 0.00522276 0.99924803
1778754115.766581 -0.086541 -0.002238 -0.061318 -0.01352579 -0.04964781 0.00758100 0.99864642
1778754115.905868 -0.104630 -0.003190 -0.048493 -0.01874563 -0.09406529 0.01286102 0.99530644
1778754116.046341 -0.156710 -0.006318 -0.066520 -0.02013093 -0.15205790 0.01638547 0.98803070
1778754116.186578 -0.178247 -0.006797 -0.073399 -0.01888836 -0.20138017 0.01815870 0.97916266
1778754116.328512 -0.148950 -0.004030 -0.072914 -0.01390238 -0.31154237 0.00965550 0.95008149
1778754116.465831 -0.141338 -0.002223 -0.076474 -0.00784155 -0.41885377 0.00107982 0.90801920
1778754116.605445 -0.115745 -0.001526 -0.129645 -0.01267160 -0.50047185 -0.01063197 0.86559478
1778754116.747694 -0.112956 -0.001157 -0.138075 -0.00451663 -0.58092303 -0.00833639 0.81390328
1778754116.890922 -0.163814 -0.002282 -0.150176 -0.01036224 -0.64532611 0.00450279 0.76382365
1778754117.028294 -0.096369 -0.004106 -0.134511 -0.00961170 -0.69799202 0.00381927 0.71603084
1778754117.171349 -0.141701 -0.004379 -0.184629 -0.00375559 -0.69691474 -0.00423110 0.71713167
1778754117.450946 -0.126139 -0.008145 -0.224298 -0.00228214 0.72304508 0.00655942 -0.69076593
1778754117.727116 -0.088908 -0.010518 -0.230355 0.00899200 0.75080966 -0.00053302 -0.66045720
1778754117.727116 -0.086357 -0.011137 -0.243997 0.00936203 0.74997291 -0.00116975 -0.66140126
1778754117.869447 -0.077621 -0.011277 -0.257550 -0.00859626 0.77696826 0.00038737 -0.62948096
1778754118.010993 -0.100233 -0.012901 -0.289164 -0.01431253 0.78394086 0.00378574 -0.62065896
1778754118.292791 -0.163838 -0.012666 -0.320282 -0.02083926 0.76442654 0.00487473 -0.64435551
1778754118.432306 -0.214005 -0.014097 -0.334710 -0.02338883 0.73934157 0.00299760 -0.67291755
1778754118.568353 -0.243712 -0.015377 -0.328754 -0.01860954 0.71085832 -0.00463804 -0.70307370
1778754118.709849 -0.302393 -0.016254 -0.316261 0.00001025 -0.68273440 0.01618192 0.73048743
1778754118.850624 -0.328216 -0.018227 -0.275109 -0.00397806 -0.67222276 0.02695207 0.73984750
1778754118.993514 -0.345576 -0.017240 -0.245546 -0.00027378 -0.63887309 0.01569373 0.76915201
1778754119.126364 -0.310736 -0.017673 -0.228611 0.00792258 -0.61403245 0.02047818 0.78897530
1778754119.266940 -0.300529 -0.017039 -0.199293 0.00101365 -0.55537674 0.01920672 0.83137642
1778754119.406978 -0.289027 -0.017034 -0.144446 -0.00014771 -0.55509008 0.03873813 0.83088768
1778754119.546672 -0.337938 -0.017505 -0.140088 0.00140426 -0.47260846 0.02055127 0.88103174
1778754119.688474 -0.327722 -0.020076 -0.142841 0.00287749 -0.42459139 0.01879559 0.90518539
1778754119.974609 -0.366232 -0.020347 -0.100447 -0.00577829 -0.33442501 0.03541630 0.94173893
1778754120.386552 -0.346037 -0.013863 -0.095344 -0.01113104 -0.29943564 0.01604991 0.95391656
1778754120.677164 -0.328882 -0.012112 -0.084307 -0.01651005 -0.22591549 0.01167009 0.97393707
1778754120.677164 -0.324220 -0.012606 -0.100640 -0.01725415 -0.21833951 0.01318469 0.97563124
1778754121.227392 -0.337920 -0.010520 -0.047070 -0.01952821 -0.17336175 0.01678932 0.98452144
1778754121.509325 -0.355174 -0.006493 0.006452 -0.02321029 -0.14592737 0.02696745 0.98865527
1778754121.789702 -0.403016 -0.004388 0.090496 -0.01990283 -0.19377650 0.00977360 0.98079510
1778754122.216250 -0.454278 -0.007209 0.162849 -0.00951905 -0.22665749 0.01520884 0.97380925
1778754122.908646 -0.538518 -0.000261 0.295929 -0.01609095 -0.24870936 0.01629069 0.96830747
1778754123.045779 -0.553141 -0.003992 0.288876 -0.01276042 -0.27355212 0.02507197 0.96144568
1778754123.188128 -0.560376 -0.005639 0.293998 -0.00918440 -0.30867779 0.01983143 0.95091555
1778754123.326376 -0.547814 -0.014320 0.266265 -0.00035222 -0.33414288 0.01472286 0.94240737
1778754123.466084 -0.534900 -0.010017 0.260500 -0.00518324 -0.37469288 0.02398579 0.92682418
1778754123.605161 -0.541726 -0.012096 0.254182 -0.00357032 -0.40957493 0.02751194 0.91185455
1778754123.746128 -0.534539 -0.012187 0.253377 -0.00236030 -0.44798518 0.02809557 0.89359630
1778754123.889591 -0.606786 -0.013605 0.292711 -0.00458974 -0.49650557 0.02123933 0.86776151
1778754124.027973 -0.596313 -0.010812 0.259579 -0.00535873 -0.52399333 0.02406984 0.85136532
1778754124.166085 -0.615330 -0.013806 0.262424 -0.00063795 -0.55104276 0.02259234 0.83417088
1778754124.305991 -0.586947 -0.008783 0.204949 0.00177159 -0.57409780 0.02967126 0.81824703
1778754124.446514 -0.573782 -0.005342 0.195879 0.00285465 -0.60594090 0.03873191 0.79456109
1778754124.446514 -0.573878 -0.005329 0.195700 0.00273052 -0.60100411 0.03893958 0.79829212
1778754125.712394 -0.591805 -0.003791 0.214093 0.00546147 -0.59633757 0.03728380 0.80184886
1778754125.996843 -0.641792 -0.006662 0.242712 0.00847744 -0.60052312 0.03592914 0.79875479
1778754128.105487 -0.687997 -0.013891 0.252775 0.00301763 -0.58205453 0.03237753 0.81249930
1778754128.371619 -0.710069 -0.015367 0.266267 0.00420407 -0.59002952 0.02700395 0.80691900
1778754128.511074 -0.694026 -0.014193 0.271380 0.00266822 -0.55933126 0.03648895 0.82813645
1778754128.653004 -0.689426 -0.013314 0.274799 0.00377800 -0.51151138 0.02868864 0.85878915
1778754128.790656 -0.686461 -0.011812 0.277357 0.00397196 -0.48066074 0.02412799 0.87656564
1778754128.929230 -0.674226 -0.011008 0.275514 -0.00025980 -0.42468305 -0.00298544 0.90533714
1778754129.071670 -0.669726 -0.010208 0.276762 0.00326948 -0.37734721 -0.00820884 0.92602970
1778754129.208718 -0.645578 -0.009799 0.271414 0.00434662 -0.31207627 -0.01090151 0.94998456
1778754129.350157 -0.643963 -0.008232 0.274046 -0.01460097 -0.23662428 0.01506809 0.97137465
1778754129.490092 -0.633409 -0.007107 0.286145 -0.01065829 -0.18192483 -0.00753157 0.98322583
1778754129.634814 -0.634399 -0.009778 0.305395 0.00437890 -0.13553019 -0.02665641 0.99040488
1778754129.775561 -0.639406 -0.008997 0.332753 -0.01373718 -0.10258119 0.02987176 0.99418110
1778754130.329983 -0.676569 -0.003223 0.418629 -0.02152560 -0.14681844 -0.00053851 0.98892907
1778754130.473411 -0.689838 -0.005767 0.424848 -0.01141908 -0.18523840 -0.01234848 0.98254967
1778754130.473411 -0.699435 -0.004464 0.449575 -0.01203067 -0.17998830 -0.01327348 0.98350561
1778754130.613270 -0.701191 -0.002940 0.460901 -0.00512613 -0.21996383 0.00472358 0.97548312
1778754130.894947 -0.781975 -0.002806 0.534617 -0.01470803 -0.24892408 0.00743055 0.96838281
1778754131.479900 -0.950935 -0.007172 0.659169 -0.01541458 -0.26051005 0.00935336 0.96530276
1778754132.500781 -0.960489 -0.001839 0.740287 -0.00970042 -0.20485138 0.00016609 0.97874501
1778754132.640195 -0.924990 0.003550 0.799613 -0.00905785 -0.13826961 -0.00357342 0.99034676
1778754132.780529 -0.932412 0.008955 0.914548 -0.02226492 -0.10051514 0.01875656 0.99450951
1778754132.919193 -0.918370 0.011924 0.929590 -0.02495918 -0.06640828 0.02087344 0.99726189
1778754133.342749 -0.921004 0.015270 1.060239 -0.02585646 -0.02539289 0.02058895 0.99913099
1778754133.898543 -0.991078 0.006215 1.149664 -0.00958134 0.06198401 0.01401141 0.99793279
1778754134.041553 -0.914014 0.014994 1.218160 -0.01952665 0.05242129 0.02330890 0.99816202
1778754134.323687 -0.947595 0.018221 1.330331 -0.02188722 0.14853502 0.03188218 0.98815071
1778754134.468892 -0.941010 0.021502 1.332894 -0.02340350 0.20224881 0.03003876 0.97859357
1778754134.606072 -0.906546 0.017360 1.363881 -0.01454689 0.22920804 0.02709320 0.97289158
1778754134.883472 -0.877302 0.031989 1.417047 -0.03465136 0.24002967 0.02776962 0.96974940
1778754135.445132 -0.835055 0.024180 1.444789 -0.00573404 0.27611537 0.00222363 0.96110482
1778754135.584133 -0.799071 0.026206 1.437726 -0.01804225 0.29268757 0.02456576 0.95572223
1778754135.584133 -0.799071 0.026206 1.437726 -0.01804225 0.29268757 0.02456576 0.95572223
1778754135.863214 -0.786438 0.026962 1.463174 -0.01803845 0.29103684 0.00699801 0.95651618
1778754136.150096 -0.775549 0.028488 1.502817 -0.03421562 0.26707981 -0.00731751 0.96303900
1778754136.423325 -0.769613 0.024774 1.514767 -0.01124151 0.29120395 -0.00237345 0.95659200
1778754136.564306 -0.752083 0.023888 1.528256 0.00584754 0.31365761 0.02000240 0.94930744
1778754136.850627 -0.729013 0.024905 1.541989 0.00229369 0.33094413 0.02524547 0.94330981
1778754137.126689 -0.709221 0.028668 1.556633 -0.04519407 0.33011944 0.03473443 0.94221663
1778754137.402819 -0.707706 0.029715 1.572316 -0.06039325 0.39475687 0.00529117 0.91678333
1778754137.554611 -0.702450 0.027270 1.560494 -0.07881463 0.43646014 0.01011273 0.89620786
1778754137.682127 -0.686698 0.026329 1.569630 -0.04737898 0.51217905 -0.00042509 0.85757079
1778754137.837229 -0.665660 0.027414 1.574358 -0.04313372 0.54926009 0.03699941 0.83371690
1778754137.966367 -0.656836 0.027450 1.578163 -0.03206943 0.57960315 0.02211100 0.81396735
1778754138.112576 -0.638386 0.028464 1.583869 -0.04002858 0.60646046 -0.01483933 0.79396676
1778754138.381258 -0.604366 0.028593 1.584530 -0.05951912 0.55593811 -0.00914770 0.82903957
1778754138.523866 -0.581512 0.032425 1.591408 -0.04754548 0.51781021 -0.01505745 0.85404057
1778754138.661989 -0.567087 0.033155 1.592615 -0.05287934 0.48771481 -0.02260844 0.87110671
1778754138.943007 -0.552891 0.032044 1.601522 -0.05050495 0.54253011 0.00031209 0.83851669
1778754138.943007 -0.552891 0.032044 1.601522 -0.05050495 0.54253011 0.00031209 0.83851669
1778754139.081925 -0.567927 0.031049 1.598928 -0.03487374 0.57332605 0.00145497 0.81858350
1778754139.224301 -0.553080 0.032379 1.601565 -0.03080822 0.61623390 -0.03035779 0.78637462
1778754139.365034 -0.537727 0.031917 1.596406 -0.04131509 0.63515798 0.00638286 0.77125006
1778754139.657009 -0.500254 0.034755 1.602429 -0.05181431 0.61545154 -0.02102670 0.78618863
1778754139.790203 -0.470406 0.036598 1.602303 -0.04819029 0.57719447 -0.02230137 0.81487845
1778754140.063465 -0.418864 0.038615 1.613261 -0.05365326 0.54252132 -0.01333901 0.83822075
1778754140.483321 -0.364645 0.040688 1.630433 -0.04824109 0.52523163 0.00068012 0.84959053
1778754140.768863 -0.354235 0.041015 1.637128 -0.03701750 0.58051938 -0.02005086 0.81315737
1778754140.903826 -0.360361 0.038875 1.627414 -0.05087968 0.63472009 -0.00469945 0.77105096
1778754141.044712 -0.326141 0.041295 1.625540 -0.04138101 0.67249078 -0.00447265 0.73893421
1778754141.323610 -0.289529 0.043150 1.612677 -0.05249240 0.64027040 -0.01195349 0.76626071
1778754141.610043 -0.244060 0.046508 1.633110 -0.05218195 0.63607228 0.00105438 0.76986231
1778754142.443169 -0.169199 0.049384 1.643984 -0.04383216 0.60026633 -0.01257151 0.79849924
1778754142.585126 -0.151182 0.050884 1.648452 -0.06651243 0.56432504 -0.00785260 0.82283150
1778754142.862383 -0.136265 0.051148 1.655226 -0.05320925 0.61554016 -0.01384229 0.78618540
1778754143.004197 -0.132227 0.048334 1.630814 -0.03500433 0.67216228 -0.03324972 0.73882814
1778754143.004197 -0.132227 0.048334 1.630814 -0.03500433 0.67216228 -0.03324972 0.73882814
1778754143.144144 -0.136939 0.048554 1.632179 -0.02918083 0.72726019 -0.01819525 0.68549983
1778754143.286318 -0.132730 0.048415 1.631161 -0.03725715 0.77236526 -0.02849822 0.63344428
1778754143.437444 -0.103163 0.048291 1.617393 -0.01862437 0.80173852 -0.01556082 0.59718199
1778754143.565482 -0.081935 0.048273 1.600354 -0.02911103 0.81952945 -0.01882268 0.57198753
1778754143.987452 -0.023920 0.048258 1.544455 -0.04779204 0.84070152 -0.02873079 0.53861992
1778754144.548089 0.027845 0.044935 1.501297 -0.04655780 0.84502359 -0.04570623 0.53073388
1778754144.683748 0.026818 0.043432 1.481950 -0.05251131 0.85579213 -0.04395760 0.51276713
1778754144.836333 0.017350 0.036737 1.455083 -0.03375546 0.85812420 -0.04549406 0.51030746
1778754144.967530 0.032002 0.042579 1.445881 -0.00923430 0.89440849 -0.00959655 0.44705266
1778754145.104822 0.031086 0.042702 1.434113 -0.01008395 0.90134911 -0.00569916 0.43293835
1778754145.393533 0.033936 0.038898 1.423912 -0.01247775 0.93646150 -0.03000289 0.34926208
1778754145.943909 0.034166 0.037986 1.398154 -0.02454669 0.97425510 -0.04214693 0.22010929
1778754146.086689 0.016413 0.034584 1.388788 0.02108805 0.99097999 -0.02130035 0.13061492
1778754146.222103 0.000325 0.032949 1.398450 0.04016276 0.99904783 -0.01071139 -0.01325369
1778754146.363046 -0.003911 0.031322 1.400337 0.01492191 0.98842256 -0.03545952 -0.14676785
1778754146.501482 -0.014390 0.033316 1.417266 0.03712871 0.97512012 -0.02034827 -0.21759633
1778754146.501482 -0.014390 0.033316 1.417266 0.03712871 0.97512012 -0.02034827 -0.21759633
1778754146.662130 -0.014833 0.033267 1.416693 0.03085563 0.96736589 -0.02789897 -0.24994563
1778754146.928569 -0.014755 0.033131 1.414032 0.01903029 0.97390083 -0.03842984 -0.22288600
1778754147.062889 -0.014308 0.032054 1.391324 0.00197696 0.98295495 -0.02097401 -0.18263555
1778754147.202156 -0.008568 0.030459 1.371150 -0.02167680 0.99303297 -0.02535063 -0.11301761
1778754147.342702 -0.007659 0.031298 1.362949 -0.04335428 0.99773310 -0.01383084 -0.04957599
1778754147.485483 -0.003956 0.028951 1.362975 -0.03814814 0.99854738 -0.03804328 -0.00075167
1778754147.625277 0.000415 0.028799 1.356213 -0.05051300 0.99791328 -0.03650694 0.01687516
1778754147.762328 0.003756 0.029087 1.355465 -0.03438334 0.99707156 -0.03190015 0.06040252
1778754147.902962 0.004601 0.028250 1.352432 -0.05071878 0.98625142 -0.03837173 0.15252328
1778754148.043450 0.008512 0.028560 1.342801 -0.07015306 0.96562422 -0.03100481 0.24836890
1778754148.183804 0.025455 0.027341 1.323332 -0.08040775 0.94987637 -0.03905421 0.29957344
1778754148.889803 0.066792 0.024435 1.269728 -0.05172759 0.93082724 -0.03515352 0.36006825
1778754149.176723 0.087538 0.024061 1.256550 -0.07162147 0.91829650 -0.03526536 0.38776056
1778754149.584142 0.095740 0.023563 1.244042 -0.04559750 0.92064445 -0.03343715 0.38628566
1778754150.439066 0.108645 0.025601 1.227399 -0.06960974 0.93654102 -0.02663109 0.34254370
1778754152.736194 0.111952 0.020915 1.224082 -0.04634514 0.94962636 -0.03955693 0.30740389
1778754152.736194 0.111952 0.020915 1.224082 -0.04634514 0.94962636 -0.03955693 0.30740389
1778754152.874443 0.111297 0.020838 1.224046 -0.04200524 0.96198536 -0.03719151 0.26727609
1778754153.019992 0.110192 0.020745 1.224837 -0.02973708 0.98157812 -0.03166355 0.18605784
1778754153.155333 0.110740 0.020937 1.225169 -0.03959546 0.99368234 -0.02709539 0.10145667
1778754153.294602 0.111578 0.021045 1.226105 -0.03744485 0.99849791 -0.03381526 0.02136211
1778754153.440831 0.111461 0.021044 1.225520 -0.04546983 0.99619301 -0.03440435 -0.06594182
1778754153.593187 0.110134 0.020872 1.224541 -0.03310588 0.98783624 -0.02772746 -0.14938121
1778754153.727514 0.109201 0.020931 1.225975 -0.02255858 0.97201122 -0.03374014 -0.23140204
1778754153.858666 0.110422 0.021069 1.225750 -0.01261329 0.94870624 -0.03257583 -0.31422317
1778754153.996025 0.110919 0.021030 1.224670 -0.01624749 0.92763480 -0.02591540 -0.37223391
1778754154.134554 0.109923 0.020884 1.225056 -0.00216220 0.91709345 -0.02212391 -0.39805208
1778754154.414419 0.105145 0.020317 1.222442 0.01543142 0.91334850 -0.03218756 -0.40561107
1778754154.692896 0.099177 0.020193 1.222992 -0.00371124 0.93666675 -0.01833782 -0.34972181
1778754154.836937 0.096535 0.019568 1.217127 -0.02450471 0.95195462 -0.02432138 -0.30428669
1778754154.975205 0.093931 0.019503 1.213925 -0.03310491 0.96765064 -0.01517386 -0.24965186
1778754155.121409 0.093850 0.019310 1.212061 -0.01473111 0.97701994 -0.02532065 -0.21112530
1778754155.397221 0.087271 0.018349 1.204190 -0.00111269 0.97439254 -0.02977527 -0.22287077
1778754155.397221 0.087271 0.018349 1.204190 -0.00111269 0.97439254 -0.02977527 -0.22287077
1778754155.538874 0.086256 0.018306 1.204272 0.02056050 0.97113931 -0.03612900 -0.23486250
1778754155.674602 0.083355 0.018131 1.203865 0.03113939 0.95941649 -0.03733511 -0.27777045
1778754155.815025 0.081400 0.018139 1.204262 0.04290199 0.94324636 -0.04578762 -0.32611229
1778754155.953780 0.075753 0.017836 1.206673 0.03775925 0.94178117 -0.03688637 -0.33205702
1778754156.095302 0.072645 0.017599 1.205485 0.03106825 0.93278234 -0.03802056 -0.35708024
1778754156.376581 0.066543 0.017234 1.203417 0.01686565 0.92864451 -0.03204423 -0.36919926
1778754157.356582 0.065750 0.015653 1.198871 -0.06113125 0.92244792 0.06089365 -0.37635723
1778754157.494369 0.068292 0.014401 1.194894 -0.06899808 0.91154704 0.11271050 -0.38938104
1778754157.636201 0.067812 0.013915 1.191241 -0.08085957 0.91335161 0.14935207 -0.37006016
1778754157.775479 0.067770 0.012980 1.186251 -0.09205794 0.90957888 0.17717871 -0.36441637
1778754157.915204 0.067881 0.014305 1.184131 -0.09267549 0.93515090 0.10644928 -0.32491938
1778754158.054034 0.066801 0.014096 1.177887 -0.10857480 0.95600104 0.00226899 -0.27252226
1778754158.196855 0.066028 0.009846 1.171035 -0.10453291 0.97513552 -0.04261443 -0.19070289
1778754158.339489 0.069911 0.009699 1.167279 -0.08602155 0.98040622 -0.04956179 -0.17013986
1778754158.475300 0.068201 0.008948 1.162178 -0.16156929 0.98439959 -0.04307843 -0.05474542
1778754158.623525 0.067342 0.008908 1.159923 -0.19891365 0.97691804 -0.06480299 0.04318654
1778754158.623525 0.067342 0.008908 1.159923 -0.19891365 0.97691804 -0.06480299 0.04318654
1778754158.763747 0.067314 0.008935 1.159923 -0.15960830 0.97473457 -0.09621208 0.12312981
1778754158.913002 0.066876 0.009470 1.156874 0.05287041 0.96652491 -0.09401391 0.23279970
1778754159.042102 0.066898 0.009382 1.155279 0.06292585 0.96600241 -0.06141485 0.24312116
1778754159.181505 0.067600 0.009343 1.154409 0.00725055 0.97099415 -0.03835703 0.23589518
1778754159.735708 0.067656 0.008943 1.154154 0.01692583 0.96958007 -0.04960650 0.23909663
1778754161.704437 0.066639 0.009146 1.154956 0.00206283 0.98664139 -0.04691137 0.15599305
1778754161.840671 0.065938 0.009347 1.154822 0.01272480 0.99400800 -0.04888678 0.09693428
1778754161.981513 0.065547 0.009703 1.154302 0.01874127 0.99765210 -0.04494883 0.04815237
1778754162.120704 0.064983 0.010072 1.153434 0.06188904 0.99730793 -0.02731821 0.02829047
1778754162.408136 0.064315 0.009841 1.151477 0.06977357 0.99693243 -0.03512808 -0.00483801
1778754162.555277 0.064317 0.009436 1.148795 0.03838039 0.99866733 -0.02828234 0.01976391
1778754162.691092 0.064665 0.009040 1.148565 0.03481711 0.99680340 -0.03582555 0.06234812
1778754162.825303 0.065000 0.009190 1.148947 0.01640923 0.99147900 -0.04806451 0.11995803
1778754162.973179 0.066068 0.008748 1.146833 0.00393129 0.98838021 -0.03676233 0.14743691
1778754163.104123 0.067209 0.008022 1.144791 -0.00962577 0.97825970 -0.04816394 0.20148336
1778754163.242804 0.068149 0.007890 1.142450 -0.02376738 0.96971214 -0.04517661 0.23885675
1778754163.242804 0.068149 0.007890 1.142450 -0.02376738 0.96971214 -0.04517661 0.23885675
1778754163.522561 0.068201 0.007724 1.141380 0.00242733 0.97309113 -0.04904340 0.22512774
1778754163.806407 0.069043 0.007120 1.136363 0.04383462 0.98118342 -0.03367783 0.18499572
1778754163.947298 0.068863 0.006891 1.134274 0.03701286 0.98624464 -0.03572525 0.15708359
1778754164.368706 0.071683 0.006045 1.126948 -0.00921709 0.97994571 -0.04349294 0.19424164
1778754164.518100 0.072319 0.005980 1.127292 -0.00850709 0.97234579 -0.04035101 0.22987624
1778754164.642474 0.074023 0.005072 1.124655 -0.02076704 0.95549288 -0.05995744 0.28810968
1778754164.788631 0.075941 0.004846 1.122537 -0.02549838 0.94505001 -0.05812546 0.32070506
1778754164.937471 0.076605 0.003799 1.124430 -0.03448880 0.92739321 -0.08480478 0.36271270
1778754165.068936 0.078100 0.003102 1.122467 -0.05690587 0.91972751 -0.09427400 0.37679629
1778754165.208560 0.079163 0.002640 1.121604 -0.04692319 0.90894600 -0.09967282 0.40209540
1778754165.483481 0.079436 0.002708 1.122207 -0.05532727 0.88890654 -0.09694779 0.44428053
1778754165.637227 0.080154 0.002883 1.122830 -0.04884638 0.87220200 -0.08809679 0.47866133
1778754165.766799 0.080488 0.002699 1.122604 -0.05486778 0.86038942 -0.09076473 0.49847903
1778754166.467255 0.084980 0.002037 1.117976 -0.03845937 0.88099762 -0.07901226 0.46488831
1778754166.752075 0.087039 0.002566 1.117430 -0.02997937 0.89782751 -0.06389951 0.43465372
1778754167.160931 0.091286 0.002185 1.113900 -0.04388420 0.90375970 -0.05257244 0.42252659
1778754167.160931 0.091286 0.002185 1.113900 -0.04388420 0.90375970 -0.05257244 0.42252659
1778754168.421049 0.095368 0.001804 1.110733 -0.03854192 0.86672449 -0.05461144 0.49428815
1778754168.564212 0.101473 0.001574 1.110303 -0.03646680 0.82636198 -0.06188823 0.55853908
1778754168.703527 0.105066 0.001933 1.110603 -0.05231684 0.80469003 -0.05970868 0.58836364
1778754168.842187 0.105296 0.001715 1.111547 -0.05022836 0.75680719 -0.07049508 0.64788149
1778754168.980551 0.103562 0.001682 1.112192 -0.06231215 0.69213114 -0.08981874 0.71344536
1778754169.121189 0.111604 0.002205 1.114842 -0.07824904 0.66590061 -0.07175674 0.73844732
1778754169.261593 0.114417 0.001304 1.114811 -0.07248779 0.63934709 -0.09459959 0.75962605
1778754169.401249 0.116703 0.001996 1.116831 -0.09343938 0.62931157 -0.09784796 0.76528544
1778754169.687241 0.119418 0.001592 1.117965 -0.04369609 0.65101870 -0.07056492 0.75451037
1778754169.965102 0.123850 0.001908 1.116370 -0.03943500 0.68115144 -0.05009834 0.72936119
1778754170.103340 0.124893 0.001790 1.116188 -0.03672129 0.69927141 -0.05130893 0.71206631
1778754170.663156 0.131420 0.001435 1.117621 -0.06421863 0.67482326 -0.07952611 0.73086601
1778754170.941815 0.132704 0.001373 1.118643 -0.08203285 0.60881064 -0.08907074 0.78401952
1778754171.081326 0.131583 0.000360 1.120193 -0.06695394 0.55236559 -0.09378488 0.82559907
1778754171.359583 0.134518 -0.000308 1.122693 -0.07514241 0.50057132 -0.12194643 0.85376287
1778754171.642141 0.137510 0.000679 1.121482 -0.06695664 0.47361571 -0.09258259 0.87328886
1778754171.642141 0.137510 0.000679 1.121482 -0.06695664 0.47361571 -0.09258259 0.87328886
1778754172.068193 0.138802 0.000649 1.122155 -0.05411332 0.46486565 -0.08230329 0.87988513
1778754172.361370 0.140676 0.000703 1.122748 -0.06259326 0.50822297 -0.09851627 0.85327958
1778754172.776057 0.143168 0.000826 1.124486 -0.07133859 0.44376943 -0.09243477 0.88850172
1778754172.899008 0.144313 0.001076 1.126068 -0.07212574 0.36998638 -0.09427935 0.92142247
1778754173.038695 0.142746 0.001612 1.127039 -0.09161205 0.28270047 -0.10752407 0.94874983
1778754173.179106 0.142763 0.001381 1.128089 -0.06724732 0.22273414 -0.08810231 0.96855835
1778754173.323812 0.142889 0.001478 1.128739 -0.07392822 0.19412000 -0.09763927 0.97330294
1778754173.602490 0.142719 0.001642 1.128422 -0.06391200 0.27922048 -0.06738825 0.95572486
1778754173.739904 0.145999 0.001496 1.129167 -0.06333898 0.35666658 -0.07227122 0.92927606
1778754173.878176 0.143666 0.001663 1.129741 -0.04394596 0.47379837 -0.04669479 0.87829577
1778754174.021478 0.146954 0.002027 1.130285 -0.06431266 0.52755712 -0.04677668 0.84578916
1778754174.157550 0.147851 0.001577 1.130640 -0.05329751 0.61592170 -0.08966280 0.78087157
1778754174.307457 0.148063 0.001694 1.130859 -0.05320989 0.73648010 -0.10584227 0.66600540
1778754174.442225 0.147702 0.001776 1.130800 -0.04067842 0.79432224 -0.10334201 0.59725864
1778754174.578815 0.146343 0.001933 1.130316 -0.04317615 0.80600921 -0.10242273 0.58137300
1778754174.864947 0.147024 0.001860 1.130366 -0.04322598 0.84396816 -0.09344263 0.52641973
1778754174.864947 0.147024 0.001860 1.130366 -0.04322598 0.84396816 -0.09344263 0.52641973
1778754176.405010 0.149075 0.001623 1.129540 -0.03857728 0.83196094 -0.10465004 0.54350820
1778754176.836092 0.150137 0.001361 1.129948 -0.05585973 0.83849259 -0.10340795 0.53208707
1778754178.363609 0.150176 0.001342 1.129610 -0.04177757 0.84941353 -0.10107272 0.51627086
1778754179.063845 0.150218 0.001231 1.130159 -0.05205648 0.85152596 -0.10223672 0.51160660
1778754179.205888 0.149669 0.001502 1.130788 -0.05112495 0.81200760 -0.09973883 0.57278449
1778754179.343620 0.149041 0.001619 1.130924 -0.05199975 0.71577502 -0.08028402 0.69174896
1778754179.483572 0.148518 0.001735 1.130943 -0.06725890 0.60519464 -0.10326029 0.78648141
1778754179.623150 0.148467 0.001728 1.131576 -0.08260698 0.52129776 -0.12745866 0.83974938
1778754179.760792 0.148288 0.001977 1.132022 -0.07188364 0.43224335 -0.08757167 0.89461144
1778754179.902533 0.148132 0.002114 1.132927 -0.06731075 0.33236116 -0.10656878 0.93469162
1778754180.042538 0.148300 0.002428 1.135187 -0.07882366 0.27629262 -0.11633387 0.95074479
1778754180.183969 0.148669 0.002502 1.135571 -0.08666646 0.23195898 -0.15861971 0.95578436
1778754180.461689 0.149163 0.002607 1.136490 -0.06486518 0.27796577 -0.07910372 0.95512834
1778754180.603527 0.149534 0.002551 1.136943 -0.06130655 0.31116516 -0.06896261 0.94586569
1778754180.749693 0.150200 0.002508 1.136913 -0.05472688 0.32193751 -0.07025408 0.94256330
1778754181.025692 0.151831 0.002562 1.137795 -0.05429550 0.32811919 -0.05514428 0.94146105
1778754181.025692 0.151831 0.002562 1.137795 -0.05429550 0.32811919 -0.05514428 0.94146105
1778754182.428237 0.153852 0.001957 1.140270 -0.08502039 0.34875175 -0.17454639 0.91688457
1778754182.702233 0.154374 0.000686 1.141148 -0.02122690 0.39734048 0.03148097 0.91688544
1778754182.988006 0.155348 -0.001121 1.141313 -0.06956262 0.43982175 0.01611526 0.89524196
1778754183.125362 0.154845 -0.001337 1.141767 -0.13361004 0.45325002 -0.17773811 0.86320446
1778754183.403506 0.159044 0.000379 1.147393 -0.06595492 0.49796518 -0.11845293 0.85653344
1778754183.683837 0.159945 -0.000645 1.147233 0.00784861 0.47003163 0.03664672 0.88185355
1778754183.969820 0.162273 -0.000827 1.149045 -0.07923707 0.44233687 -0.09073101 0.88872238
1778754184.381749 0.164868 -0.000376 1.151915 -0.02083340 0.48590325 -0.06384098 0.87142890
1778754184.948535 0.170129 -0.000246 1.156119 -0.02127125 0.47451297 -0.09263079 0.87510257
1778754185.232553 0.172718 -0.000705 1.158414 -0.11069550 0.46366230 -0.16109806 0.86418238
1778754185.516766 0.173928 -0.000654 1.159678 -0.08304216 0.50703940 -0.08603842 0.85358798
1778754185.641718 0.174535 -0.000156 1.160896 -0.01280256 0.53137939 -0.05508751 0.84524399
1778754185.923463 0.177262 0.000608 1.163506 -0.01446957 0.55346281 -0.12265578 0.82366565
1778754186.206082 0.178911 0.000612 1.165310 0.00232259 0.57754457 -0.03817554 0.81546275
1778754186.491085 0.180733 0.000343 1.165392 -0.03043307 0.59697144 -0.07473491 0.79819397
1778754186.627238 0.182417 0.000211 1.166305 -0.08571583 0.63922847 -0.16438869 0.74633513
1778754186.627238 0.182417 0.000211 1.166305 -0.08571583 0.63922847 -0.16438869 0.74633513
1778754186.763627 0.182174 0.000219 1.166155 -0.04509887 0.68115329 -0.13661452 0.71786681
1778754186.902089 0.181515 0.000338 1.165634 0.04455865 0.71688049 -0.05674234 0.69345309
1778754187.043287 0.183694 0.000700 1.166947 -0.06180234 0.73788417 -0.13045225 0.65930997
1778754187.324816 0.183777 0.001780 1.168159 -0.10609319 0.74388622 -0.12928815 0.64704103
1778754187.468959 0.183806 0.001690 1.168065 -0.05360228 0.75724811 -0.10121538 0.64300664
1778754188.023343 0.184007 0.001563 1.168175 -0.05218283 0.75194029 -0.10748748 0.64831258
1778754192.507536 0.189344 0.000289 1.166831 -0.07935884 0.78104688 -0.14167409 0.60298956
1778754192.646444 0.190803 -0.000304 1.165305 -0.03441873 0.81474378 -0.11015813 0.56821924
1778754192.786397 0.190346 -0.000711 1.164638 -0.02186795 0.85610959 -0.10652448 0.50522342
1778754192.925178 0.190453 -0.000792 1.164259 -0.00330453 0.89619845 -0.10460645 0.43113212
1778754193.080386 0.190708 -0.000914 1.163875 0.02069189 0.93671171 -0.08090613 0.33999591
1778754193.208267 0.190457 -0.000947 1.163197 0.02997268 0.95882157 -0.08821618 0.26829227
1778754193.347441 0.190673 -0.001249 1.162414 0.08135573 0.97034673 -0.06368576 0.21852367
1778754193.486444 0.190229 -0.001768 1.160031 0.09260420 0.97453770 -0.05905863 0.19548099
1778754193.909187 0.190311 -0.001579 1.157269 0.04085765 0.98526929 -0.07214206 0.14956804
1778754195.744195 0.190874 -0.004207 1.147845 0.08032480 0.99067098 -0.06831813 0.08632252
1778754195.744195 0.190874 -0.004207 1.147845 0.08032480 0.99067098 -0.06831813 0.08632252
1778754195.871525 0.190808 -0.004212 1.147597 0.06852122 0.99387741 -0.07766244 0.03848496
1778754196.014831 0.190606 -0.004425 1.146428 0.10936823 0.99191204 -0.06127530 0.01986026
1778754196.290656 0.190355 -0.004752 1.145089 0.09384643 0.98993877 -0.07832239 -0.07127185
1778754196.573027 0.189497 -0.005230 1.142408 0.10017137 0.98687085 -0.07099943 -0.10493185
1778754196.853933 0.189527 -0.005576 1.141007 0.06989160 0.99375575 -0.06973883 -0.05197269
1778754196.989223 0.189354 -0.005632 1.140644 0.05830321 0.99567927 -0.07151421 0.01045210
1778754197.127412 0.189454 -0.006067 1.139229 0.02765547 0.98837289 -0.08285468 0.12445604
1778754197.269076 0.189992 -0.006501 1.137691 -0.01023199 0.97268176 -0.08610377 0.21534077
1778754197.415786 0.190190 -0.006681 1.137897 -0.00602358 0.95988829 -0.09708801 0.26296789
1778754197.559956 0.190777 -0.007386 1.136359 -0.01463953 0.93569932 -0.10735823 0.33574794
1778754197.695448 0.191409 -0.007181 1.136888 -0.03744866 0.91472673 -0.10632464 0.38803050
1778754197.828054 0.191664 -0.007445 1.136355 -0.04635418 0.87077737 -0.11609056 0.47552186
1778754197.967302 0.191716 -0.007647 1.136724 -0.07437273 0.85500541 -0.13186393 0.49603059
1778754198.106942 0.192793 -0.007896 1.136344 -0.08826185 0.83737914 -0.13144576 0.52319024
1778754198.250146 0.193083 -0.007933 1.137669 -0.13145848 0.78872582 -0.16455368 0.57753990
1778754198.391827 0.193892 -0.007497 1.138655 -0.11159859 0.74364604 -0.15098501 0.64166958
1778754198.391827 0.193892 -0.007497 1.138655 -0.11159859 0.74364604 -0.15098501 0.64166958
1778754198.529822 0.193783 -0.007513 1.138537 -0.08274837 0.69604348 -0.13475819 0.70036877
1778754198.667497 0.193785 -0.007482 1.138645 -0.11398266 0.65720522 -0.17031540 0.72531505
1778754198.810258 0.194604 -0.007402 1.139385 -0.11469632 0.64489832 -0.16104543 0.73825150
1778754198.947651 0.194573 -0.007480 1.138996 -0.09378856 0.65255829 -0.14051369 0.73866588
1778754199.101754 0.195286 -0.007595 1.138848 -0.08376137 0.68696294 -0.13590409 0.70894007
1778754199.233571 0.196623 -0.007492 1.139309 -0.04170210 0.73782895 -0.09543316 0.66690471
1778754199.370668 0.197622 -0.007448 1.138996 -0.05261818 0.76514321 -0.11058597 0.63210595
1778754199.511991 0.198790 -0.008017 1.138244 -0.03657987 0.77569408 -0.10947772 0.62046372
1778754199.790198 0.200426 -0.008300 1.137793 -0.03121268 0.79928186 -0.10400799 0.59106397
1778754200.350603 0.202245 -0.008965 1.136617 -0.04778309 0.80145946 -0.12438354 0.58301650
1778754200.637148 0.202325 -0.009223 1.135868 -0.04067424 0.81522850 -0.12210982 0.56465679
1778754200.916179 0.202667 -0.009462 1.135203 -0.00080502 0.83637126 -0.09999658 0.53896490
1778754201.190506 0.202440 -0.009575 1.134723 0.00060096 0.83881833 -0.10405108 0.53437517
1778754201.329444 0.202119 -0.009784 1.133988 -0.02440410 0.82901283 -0.11581301 0.54656154
1778754201.469565 0.201960 -0.009588 1.133793 0.01295613 0.84074075 -0.10090667 0.53179411
1778754201.608987 0.201597 -0.009731 1.133491 0.01811173 0.84327023 -0.10198584 0.52741460
1778754201.608987 0.201597 -0.009731 1.133491 0.01811173 0.84327023 -0.10198584 0.52741460
1778754201.890283 0.201778 -0.009825 1.133245 0.02123919 0.86348080 -0.10445104 0.49299066
1778754202.169434 0.201958 -0.009987 1.132860 0.03581996 0.87326666 -0.09698470 0.47614728
1778754203.148360 0.202483 -0.010373 1.131900 0.01710875 0.87933084 -0.10002693 0.46527323
1778754203.569069 0.202520 -0.010458 1.131654 0.00452956 0.89089752 -0.10721186 0.44134648
1778754204.269413 0.202966 -0.010696 1.131156 -0.00390521 0.87501288 -0.11512640 0.47019476
1778754204.406159 0.203111 -0.010782 1.131078 -0.00068140 0.85480504 -0.11019868 0.50711353
1778754204.551171 0.203143 -0.010772 1.131111 -0.00327779 0.82993177 -0.11446537 0.54598552
1778754204.689560 0.203402 -0.010890 1.131114 -0.03404239 0.80378824 -0.13393120 0.57864326
1778754204.836412 0.203627 -0.010928 1.131146 -0.03989674 0.77036303 -0.13883072 0.62102744
1778754204.966885 0.203578 -0.010822 1.131267 -0.05907404 0.70062279 -0.15588370 0.69378544
1778754205.108688 0.203618 -0.010716 1.131517 -0.06585142 0.70128135 -0.15468797 0.69277680
1778754205.258182 0.203687 -0.010761 1.131472 -0.06306956 0.65400591 -0.14464633 0.73984859
1778754205.529293 0.203452 -0.010533 1.131912 -0.04767036 0.67810362 -0.14062112 0.71981159
1778754206.650393 0.203649 -0.010728 1.131538 -0.04322595 0.64325380 -0.14030443 0.75144576
1778754207.625181 0.203592 -0.010776 1.131326 -0.05834496 0.67829988 -0.14519656 0.71792973
1778754207.769941 0.203662 -0.010924 1.131225 -0.08024505 0.75419103 -0.15123815 0.63394294
1778754207.769941 0.203662 -0.010924 1.131225 -0.08024505 0.75419103 -0.15123815 0.63394294
1778754207.905872 0.203495 -0.010960 1.131029 -0.05303893 0.78610457 -0.12297458 0.60341009
1778754208.052409 0.203507 -0.010962 1.130948 -0.06468205 0.81189070 -0.13441026 0.56443212
1778754208.196344 0.203539 -0.010957 1.130981 -0.08214411 0.82965176 -0.15666281 0.52951588
1778754208.346883 0.203567 -0.011053 1.130744 0.02241720 0.84738041 -0.08671516 0.52337787
1778754208.478462 0.203592 -0.011084 1.130696 0.04178332 0.85534174 -0.07963694 0.51019861
1778754208.611668 0.203692 -0.011078 1.130549 0.00296890 0.86075754 -0.08863324 0.50123029
1778754209.872184 0.204985 -0.011760 1.128490 -0.05419535 0.84261268 -0.12373032 0.52130370
1778754210.016664 0.205018 -0.011926 1.128122 -0.04405496 0.83060055 -0.12023664 0.54194560
1778754210.428768 0.205446 -0.011912 1.128211 -0.01823919 0.85343468 -0.10338226 0.51051806
1778754210.569768 0.205632 -0.012040 1.127941 -0.01069141 0.86463455 -0.10450390 0.49129596
1778754210.849740 0.205904 -0.012047 1.127330 -0.00377091 0.87418400 -0.09382666 0.47642908
