# camera_optical trajectory from onboard odometry (NOT ground truth)
1778754109.610309 1.146480 -16.461701 0.305382 -0.696470 0.018043 -0.049785 0.715629
1778754109.744266 1.146888 -16.450842 0.326560 -0.699755 0.018420 -0.050897 0.712329
1778754109.885639 1.147575 -16.447624 0.326282 -0.701773 0.018952 -0.050807 0.710334
1778754110.029221 1.146456 -16.452006 0.327029 -0.701020 0.018153 -0.050478 0.711122
1778754110.165925 1.146476 -16.453564 0.327408 -0.700556 0.018336 -0.050589 0.711566
1778754110.305837 1.146663 -16.452484 0.327248 -0.700793 0.018446 -0.050650 0.711325
1778754110.444686 1.146594 -16.452436 0.327229 -0.700825 0.018350 -0.050586 0.711300
1778754110.583492 1.146654 -16.452378 0.327199 -0.700864 0.018415 -0.050598 0.711259
1778754110.723187 1.146584 -16.452403 0.327203 -0.700860 0.018340 -0.050598 0.711266
1778754110.865660 1.146508 -16.452388 0.327200 -0.700868 0.018258 -0.050589 0.711261
1778754111.008849 1.146521 -16.452353 0.327173 -0.700901 0.018269 -0.050625 0.711225
1778754111.146085 1.146414 -16.452328 0.327158 -0.700922 0.018146 -0.050591 0.711210
1778754111.285771 1.146537 -16.452488 0.326868 -0.700901 0.017713 -0.050727 0.711232
1778754111.427065 1.140349 -16.456736 0.325067 -0.701802 0.007067 -0.049241 0.710634
1778754111.568205 1.133297 -16.457984 0.315010 -0.705517 -0.003522 -0.047340 0.707102
1778754111.709161 1.131063 -16.452573 0.314973 0.706745 0.008017 0.045868 -0.705935
1778754111.844817 1.129802 -16.449504 0.315286 0.707241 0.009274 0.044615 -0.705503
1778754111.986613 1.129142 -16.448052 0.316498 0.707371 0.009877 0.043855 -0.705412
1778754112.123741 1.128715 -16.446817 0.318826 0.707439 0.010253 0.043384 -0.705367
1778754112.265213 1.128587 -16.445264 0.314704 0.707554 0.010408 0.043049 -0.705270
1778754112.406854 1.128330 -16.444203 0.315747 0.707676 0.010665 0.042767 -0.705161
1778754112.547570 1.128054 -16.443629 0.318085 0.707685 0.010928 0.042537 -0.705162
1778754112.683571 1.128015 -16.443066 0.318708 0.707741 0.010990 0.042427 -0.705111
1778754112.824131 1.128115 -16.442855 0.318704 0.707801 0.010928 0.042426 -0.705052
1778754112.963451 1.127977 -16.442768 0.318702 0.707797 0.011050 0.042352 -0.705058
1778754113.107557 1.128022 -16.442679 0.318674 0.707783 0.011027 0.042302 -0.705076
1778754113.246552 1.128047 -16.442619 0.318760 0.707742 0.011014 0.042277 -0.705119
1778754113.385406 1.127896 -16.442480 0.318755 0.707760 0.011150 0.042184 -0.705105
1778754113.523413 1.127904 -16.442320 0.318677 0.707788 0.011152 0.042152 -0.705078
1778754113.669215 1.127813 -16.442172 0.318416 0.707807 0.011262 0.042159 -0.705057
1778754113.805785 1.127709 -16.442033 0.318740 0.707749 0.011361 0.042081 -0.705118
1778754113.943904 1.127684 -16.441861 0.318729 0.707801 0.011394 0.042083 -0.705066
1778754114.084317 1.127582 -16.441818 0.318718 0.707808 0.011500 0.042122 -0.705054
1778754114.223452 1.127559 -16.441828 0.318779 0.707770 0.011520 0.042097 -0.705093
1778754114.363198 1.127536 -16.441812 0.318781 0.707793 0.011549 0.042090 -0.705071
1778754114.525268 1.127436 -16.441776 0.318769 0.707804 0.011646 0.042064 -0.705060
1778754114.647654 1.127510 -16.441746 0.318697 0.707830 0.011582 0.042038 -0.705036
1778754114.784357 1.127327 -16.441728 0.318753 0.707793 0.011715 0.041910 -0.705079
1778754114.926506 1.127021 -16.441874 0.318472 0.707750 0.012091 0.041566 -0.705135
1778754115.069245 1.115654 -16.440598 0.312345 0.706634 0.026094 0.027998 -0.706543
1778754115.205007 1.089666 -16.440448 0.310936 0.708190 0.055714 -0.009094 -0.703761
1778754115.345239 1.042027 -16.447356 0.313209 0.701224 0.116842 -0.060246 -0.700716
1778754115.488717 0.984912 -16.461211 0.313042 0.692673 0.172292 -0.135667 -0.687106
1778754115.624470 0.924880 -16.488422 0.304277 0.682186 0.238870 -0.213153 -0.657366
1778754115.766581 0.861481 -16.541681 0.290721 0.653063 0.318863 -0.297236 -0.619262
1778754115.905868 0.812256 -16.602080 0.293176 0.612526 0.392789 -0.378689 -0.571946
1778754116.046341 0.787095 -16.677921 0.299703 0.555181 0.467496 -0.456093 -0.514977
1778754116.186578 0.782797 -16.790350 0.291916 0.459463 0.563659 -0.529151 -0.437243
1778754116.328512 0.826147 -16.906326 0.287594 0.328769 0.649619 -0.605862 -0.320684
1778754116.465831 0.916040 -16.996600 0.261863 0.196679 0.718298 -0.640441 -0.187616
1778754116.605445 1.033734 -17.051768 0.275773 0.056849 0.728204 -0.681191 -0.049664
1778754116.747694 1.121801 -17.067489 0.304380 -0.046607 0.710787 -0.696476 0.086780
1778754116.890922 1.171551 -17.049559 0.310186 -0.123470 0.699009 -0.686241 0.158792
1778754117.028294 1.202851 -17.032993 0.306776 -0.169851 0.688890 -0.677221 0.194815
1778754117.171349 1.221053 -17.023745 0.306950 -0.199964 0.677707 -0.675648 0.210302
1778754117.326142 1.242216 -17.032643 0.311698 0.213383 -0.668684 0.676735 -0.222169
1778754117.450946 1.288803 -17.065224 0.313034 -0.231743 0.667659 -0.666009 0.238659
1778754117.591887 1.388927 -17.087874 0.317528 -0.285112 0.644053 -0.640112 0.306862
1778754117.727116 1.503999 -17.097546 0.329199 0.343472 -0.595940 0.625269 -0.368675
1778754117.869447 1.594740 -17.109846 0.324690 0.386799 -0.570738 0.615290 -0.382181
1778754118.010993 1.712452 -17.161894 0.319241 0.382186 -0.571360 0.612619 -0.390103
1778754118.148648 1.784519 -17.222868 0.326717 0.363257 -0.589362 0.622271 -0.365342
1778754118.292791 1.846077 -17.313096 0.324002 0.312443 -0.618173 0.648004 -0.316751
1778754118.432306 1.862160 -17.405352 0.326111 0.249168 -0.646854 0.672784 -0.258566
1778754118.568353 1.856468 -17.503756 0.315703 0.168798 -0.679581 0.683234 -0.207045
1778754118.709849 1.814005 -17.604890 0.321532 0.080135 -0.694311 0.702072 -0.136401
1778754118.850624 1.753726 -17.696068 0.322078 -0.002362 0.706954 -0.706051 0.041251
1778754118.993514 1.680394 -17.770605 0.317134 -0.071946 -0.696845 0.712149 0.045553
1778754119.126364 1.613909 -17.827449 0.301880 -0.127454 -0.697438 0.698755 0.095272
1778754119.266940 1.523801 -17.863840 0.316202 -0.202121 -0.672989 0.695809 0.148607
1778754119.406978 1.418431 -17.888608 0.314086 0.264069 0.663678 -0.658889 -0.235935
1778754119.546672 1.325733 -17.903969 0.308387 0.313831 0.637785 -0.636849 -0.298603
1778754119.688474 1.237361 -17.918688 0.298205 0.350691 0.626362 -0.614699 -0.326850
1778754119.828297 1.161125 -17.927841 0.303570 -0.383723 -0.603834 0.610762 0.339280
1778754119.974609 1.079664 -17.950448 0.300216 0.398912 0.603862 -0.592230 -0.354237
1778754120.110467 1.005582 -17.974470 0.305297 0.394651 0.595749 -0.589417 -0.376724
1778754120.252203 0.919921 -17.971235 0.304207 0.420622 0.579874 -0.567511 -0.405899
1778754120.386552 0.849236 -17.955123 0.305523 0.451202 0.556975 -0.547471 -0.431823
1778754120.528512 0.761632 -17.947210 0.304868 0.470668 0.543902 -0.525410 -0.454519
1778754120.677164 0.673564 -17.948504 0.305120 0.475894 0.532081 -0.518091 -0.471164
1778754120.807760 0.583221 -17.951153 0.299985 0.486480 0.528356 -0.514811 -0.468132
1778754120.952924 0.461308 -17.945378 0.306760 0.492528 0.515305 -0.514452 -0.476671
1778754121.089893 0.351579 -17.918290 0.305360 0.520330 0.496464 -0.482793 -0.499691
1778754121.227392 0.227369 -17.890429 0.297258 0.540322 0.480127 -0.467709 -0.508702
1778754121.369028 0.087339 -17.857063 0.299616 0.552895 0.464648 -0.461232 -0.515436
1778754121.509325 -0.022892 -17.867640 0.296090 0.533518 0.501318 -0.464421 -0.498350
1778754121.647463 -0.171530 -17.905266 0.302850 0.488715 0.528700 -0.498702 -0.482629
1778754121.789702 -0.245666 -17.936387 0.283562 0.464473 0.554464 -0.510120 -0.465416
1778754121.928141 -0.378761 -17.968925 0.292619 0.451572 0.559562 -0.525355 -0.454945
1778754122.069935 -0.525260 -18.003256 0.312777 0.438792 0.556904 -0.546873 -0.445252
1778754122.216250 -0.628899 -18.028368 0.297559 0.445783 0.569678 -0.536017 -0.435236
1778754122.349688 -0.784296 -18.071277 0.305525 0.434875 0.563389 -0.550456 -0.436434
1778754122.492024 -0.877347 -18.094697 0.296286 0.436881 0.575864 -0.543552 -0.426693
1778754122.627768 -0.983950 -18.128554 0.304071 0.433030 0.570387 -0.551099 -0.428291
1778754122.770548 -1.095052 -18.176236 0.296267 0.417212 0.586313 -0.557451 -0.414029
1778754122.908646 -1.161588 -18.232815 0.306141 0.383420 0.604478 -0.588512 -0.375831
1778754123.045779 -1.213914 -18.316960 0.305228 0.325723 0.633255 -0.613873 -0.340666
1778754123.188128 -1.252879 -18.402467 0.315423 0.275276 0.653709 -0.631415 -0.313374
1778754123.326376 -1.277755 -18.503841 0.307600 0.220281 0.678315 -0.652403 -0.256390
1778754123.466084 -1.268054 -18.589618 0.310782 0.153866 0.696434 -0.675506 -0.187072
1778754123.605161 -1.224312 -18.664659 0.302571 0.081820 0.709291 -0.691829 -0.107631
1778754123.746128 -1.173925 -18.700686 0.304809 0.009215 0.716648 -0.695903 -0.045271
1778754123.889591 -1.126096 -18.728884 0.302950 -0.042147 0.719073 -0.693577 0.010386
1778754124.027973 -1.094551 -18.738476 0.300990 -0.085114 0.718679 -0.688346 0.049345
1778754124.166085 -1.050175 -18.730528 0.294285 -0.132761 0.712178 -0.680218 0.111715
1778754124.305991 -1.017722 -18.725465 0.293924 -0.158101 0.701665 -0.677365 0.154426
1778754124.446514 -1.002749 -18.720336 0.297665 -0.169644 0.694998 -0.676366 0.175291
1778754124.587075 -0.997448 -18.715005 0.299091 -0.173077 0.692359 -0.675102 0.186872
1778754124.731707 -0.997311 -18.711626 0.299603 -0.172847 0.691953 -0.674131 0.192021
1778754124.882822 -0.998580 -18.709568 0.300199 -0.172343 0.691282 -0.674829 0.192440
1778754125.009710 -1.000022 -18.707588 0.300712 -0.171648 0.690959 -0.675574 0.191605
1778754125.149975 -1.000945 -18.706812 0.301328 -0.170897 0.691121 -0.676116 0.189770
1778754125.288852 -0.997026 -18.713729 0.304690 -0.171959 0.689702 -0.677135 0.190343
1778754125.430661 -1.001727 -18.741149 0.303638 -0.151530 0.698546 -0.677155 0.174738
1778754125.570836 -1.012820 -18.794452 0.295843 -0.127705 0.710909 -0.680419 0.123814
1778754125.712394 -1.020199 -18.847162 0.298347 -0.101114 0.712031 -0.688405 0.094266
1778754125.859613 -1.019241 -18.920037 0.298677 -0.084748 0.711263 -0.693456 0.077726
1778754125.996843 -1.018278 -18.970870 0.304648 -0.072611 0.710025 -0.696763 0.071510
1778754126.134238 -1.012383 -19.012288 0.299810 -0.066328 0.716421 -0.691349 0.066167
1778754126.283162 -1.006536 -19.038793 0.297219 -0.061307 0.715163 -0.693375 0.063364
1778754126.425798 -1.003083 -19.049478 0.297237 -0.063321 0.713797 -0.694887 0.060140
1778754126.560035 -1.000003 -19.051455 0.298126 -0.066319 0.712871 -0.695422 0.061678
1778754126.699007 -0.999828 -19.056009 0.299440 -0.068621 0.712576 -0.695513 0.061546
1778754126.846993 -0.996670 -19.056859 0.300903 -0.072071 0.711444 -0.696320 0.061575
1778754126.982513 -0.995860 -19.056843 0.301176 -0.072885 0.711173 -0.696479 0.061945
1778754127.118661 -0.995694 -19.056808 0.301156 -0.073154 0.711166 -0.696453 0.062006
1778754127.261625 -0.995493 -19.056628 0.301145 -0.073377 0.711154 -0.696435 0.062082
1778754127.406220 -0.995407 -19.056251 0.301084 -0.073590 0.711206 -0.696343 0.062271
1778754127.547577 -0.995473 -19.055840 0.301098 -0.073601 0.711201 -0.696343 0.062318
1778754127.680103 -0.995379 -19.055321 0.301014 -0.073811 0.711289 -0.696213 0.062510
1778754127.823135 -0.995020 -19.058199 0.302590 -0.073950 0.708979 -0.698605 0.061899
1778754127.974550 -0.988261 -19.082022 0.300912 -0.073754 0.707693 -0.699963 0.061513
1778754128.105487 -0.981595 -19.109424 0.301600 -0.071376 0.705081 -0.702641 0.063730
1778754128.237356 -0.990665 -19.155964 0.300323 0.052739 -0.704873 0.706069 -0.042878
1778754128.371619 -1.031464 -19.192368 0.310761 0.002754 -0.705689 0.708515 -0.001379
1778754128.511074 -1.080456 -19.217124 0.310776 0.046114 0.706498 -0.704008 -0.055734
1778754128.653004 -1.114938 -19.230835 0.309963 0.084580 0.706369 -0.696657 -0.092516
1778754128.790656 -1.162045 -19.226945 0.300162 0.130399 0.710907 -0.673430 -0.155239
1778754128.929230 -1.217154 -19.206292 0.299003 0.183752 0.697456 -0.654286 -0.227376
1778754129.071670 -1.276676 -19.158972 0.306049 0.268770 0.659776 -0.626106 -0.316938
1778754129.208718 -1.339007 -19.074778 0.292174 0.419273 0.595609 -0.566173 -0.385886
1778754129.350157 -1.395186 -19.009595 0.300772 0.486151 0.530947 -0.493887 -0.487676
1778754129.490092 -1.456564 -18.967730 0.322741 -0.509341 -0.477891 0.430409 0.571787
1778754129.634814 -1.535356 -18.925756 0.316029 0.569982 0.410347 -0.441760 -0.558197
1778754129.775561 -1.634133 -18.866444 0.322908 0.589975 0.392927 -0.415042 -0.570331
1778754129.914947 -1.747614 -18.825082 0.292428 0.589503 0.426090 -0.407098 -0.552454
1778754130.053459 -1.883518 -18.799214 0.301779 0.564877 0.438824 -0.430660 -0.550345
1778754130.193507 -1.983098 -18.830614 0.290948 -0.515061 -0.508295 0.452217 0.521390
1778754130.329983 -2.128294 -18.898856 0.296023 0.447945 0.565622 -0.498360 -0.480681
1778754130.473411 -2.241838 -18.963935 0.290684 0.401470 0.585296 -0.555478 -0.433237
1778754130.613270 -2.303863 -19.006204 0.288659 0.385791 0.621590 -0.551818 -0.400361
1778754130.753560 -2.418171 -19.077326 0.295665 0.362491 0.621336 -0.577425 -0.386164
1778754130.894947 -2.541409 -19.157206 0.295569 0.354293 0.623994 -0.591732 -0.367370
1778754131.047312 -2.667090 -19.249057 0.312981 0.333641 0.625617 -0.600842 -0.369156
1778754131.177271 -2.796653 -19.337258 0.307990 0.343091 0.630429 -0.605176 -0.344398
1778754131.314102 -2.874793 -19.385972 0.298250 0.338881 0.636022 -0.601640 -0.344479
1778754131.479900 -2.923194 -19.417433 0.304616 0.335478 0.638034 -0.601199 -0.344857
1778754131.605578 -2.937358 -19.427182 0.305917 0.334021 0.637047 -0.603073 -0.344824
1778754131.731334 -2.951524 -19.436933 0.307218 0.332562 0.636055 -0.604944 -0.344789
1778754131.874409 -2.967633 -19.448021 0.308700 0.330899 0.634922 -0.607067 -0.344745
1778754132.015490 -3.104553 -19.526333 0.301522 0.337223 0.636145 -0.609847 -0.331190
1778754132.174057 -3.311030 -19.662345 0.292316 0.335570 0.642290 -0.604778 -0.330304
1778754132.279494 -3.404778 -19.719427 0.296160 0.333353 0.646301 -0.604461 -0.325264
1778754132.396197 -3.534998 -19.682877 0.308961 0.407974 0.591064 -0.548493 -0.428200
1778754132.500781 -3.613371 -19.624437 0.308114 0.464718 0.543579 -0.499790 -0.488640
1778754132.640195 -3.713170 -19.565030 0.302003 0.536817 0.486684 -0.464735 -0.508908
1778754132.780529 -3.824635 -19.495533 0.307036 0.565050 0.441794 -0.435772 -0.543727
1778754132.919193 -3.938133 -19.434828 0.320158 -0.569759 -0.409291 0.421512 0.574616
1778754133.060822 -4.079137 -19.368175 0.303331 0.597504 0.399368 -0.407122 -0.563690
1778754133.202851 -4.204117 -19.294572 0.302298 0.601113 0.387548 -0.392171 -0.578509
1778754133.342749 -4.341362 -19.230149 0.313835 -0.589256 -0.382380 0.384507 0.598930
1778754133.480540 -4.459852 -19.173777 0.313543 -0.595359 -0.381969 0.380758 0.595542
1778754133.620931 -4.593717 -19.097518 0.308516 0.602790 0.375853 -0.369460 -0.599064
1778754133.760065 -4.694729 -18.996728 0.318881 -0.610168 -0.326061 0.342450 0.635694
1778754133.898543 -4.767490 -18.883432 0.315458 0.647930 0.283235 -0.305272 -0.637788
1778754134.041553 -4.840744 -18.763638 0.315955 -0.654906 -0.249357 0.277931 0.657019
1778754134.187150 -4.904668 -18.606112 0.317780 -0.673129 -0.191142 0.232224 0.675599
1778754134.323687 -4.924056 -18.457517 0.312339 -0.686261 -0.132453 0.174361 0.693614
1778754134.468892 -4.928950 -18.330558 0.324602 -0.686012 -0.092315 0.135859 0.708808
1778754134.606072 -4.960171 -18.175417 0.319164 -0.696780 -0.074794 0.111976 0.704532
1778754134.745568 -4.973395 -18.026479 0.309246 0.703304 0.061984 -0.086831 -0.702839
1778754134.883472 -4.999926 -17.885071 0.325097 -0.686824 -0.060064 0.069308 0.721014
1778754135.026649 -5.021730 -17.738399 0.317453 -0.699054 -0.048099 0.075950 0.709395
1778754135.167230 -5.031504 -17.606289 0.312931 -0.703802 -0.039364 0.057932 0.706935
1778754135.304211 -5.006631 -17.459328 0.326317 -0.682593 -0.004691 0.000484 0.730784
1778754135.445132 -4.975042 -17.313104 0.311672 -0.701198 0.041217 -0.005609 0.711752
1778754135.584133 -4.927731 -17.168544 0.310993 -0.699701 0.055101 -0.035989 0.711398
1778754135.723109 -4.937501 -17.008315 0.323279 -0.695107 0.018219 -0.020331 0.718387
1778754135.863214 -4.959542 -16.858794 0.322673 -0.695032 -0.014015 0.002585 0.718838
1778754136.014140 -4.980230 -16.746166 0.308240 0.707132 0.040305 -0.007300 -0.705894
1778754136.150096 -5.011999 -16.590428 0.306866 -0.699602 -0.046136 0.023465 0.712655
1778754136.283410 -4.982529 -16.450542 0.320909 -0.681767 -0.008129 -0.008842 0.731471
1778754136.423325 -4.930771 -16.310354 0.308124 -0.668312 0.059212 -0.027250 0.741020
1778754136.564306 -4.878942 -16.202000 0.305915 -0.662290 0.098149 -0.050617 0.741065
1778754136.704163 -4.836226 -16.069023 0.331296 -0.669199 0.108745 -0.064048 0.732287
1778754136.850627 -4.783523 -15.925988 0.322234 -0.689049 0.110702 -0.088755 0.710689
1778754136.987574 -4.735502 -15.810612 0.288389 0.718523 -0.128025 0.076364 -0.679340
1778754137.126689 -4.709729 -15.727899 0.270379 0.728203 -0.134702 0.079641 -0.667258
1778754137.264424 -4.631452 -15.623619 0.281307 0.710907 -0.164654 0.133100 -0.670660
1778754137.402819 -4.505650 -15.542200 0.287458 0.690729 -0.247119 0.206398 -0.647476
1778754137.554611 -4.348659 -15.511578 0.292704 -0.611762 0.362200 -0.316609 0.627947
1778754137.682127 -4.227618 -15.495511 0.288659 -0.586818 0.430884 -0.332589 0.599474
1778754137.837229 -4.052276 -15.491134 0.288807 -0.541933 0.471972 -0.385465 0.578764
1778754137.966367 -3.929423 -15.480542 0.303946 -0.534476 0.461504 -0.439246 0.555349
1778754138.112576 -3.790117 -15.446328 0.315366 -0.541107 0.456644 -0.432570 0.558178
1778754138.242070 -3.678913 -15.364400 0.305293 0.594810 -0.400319 0.399099 -0.571546
1778754138.381258 -3.560843 -15.247467 0.315356 0.620816 -0.334515 0.368560 -0.605682
1778754138.523866 -3.476715 -15.156619 0.297615 0.638580 -0.298730 0.332697 -0.626330
1778754138.661989 -3.385672 -15.112484 0.310614 0.626955 -0.319012 0.361418 -0.611993
1778754138.802819 -3.275168 -15.105716 0.296852 0.600453 -0.391742 0.369566 -0.591114
1778754138.943007 -3.120881 -15.083785 0.308061 -0.561718 0.431076 -0.405784 0.577915
1778754139.081925 -2.988500 -15.094025 0.317851 -0.516872 0.459973 -0.480437 0.538933
1778754139.224301 -2.859568 -15.121193 0.299092 -0.497265 0.521238 -0.469432 0.510560
1778754139.365034 -2.726767 -15.148763 0.296581 -0.491462 0.528702 -0.488479 0.490232
1778754139.506889 -2.584781 -15.089492 0.305868 0.532370 -0.473518 0.481923 -0.510013
1778754139.657009 -2.445821 -15.020624 0.296591 0.563658 -0.421657 0.437967 -0.559178
1778754139.790203 -2.352109 -14.969977 0.300919 0.592611 -0.400352 0.418463 -0.559838
1778754139.930723 -2.245496 -14.909298 0.305664 0.598918 -0.383295 0.392267 -0.583532
1778754140.063465 -2.118688 -14.838266 0.303639 0.608355 -0.367408 0.386365 -0.587910
1778754140.207483 -2.007214 -14.764512 0.313700 0.608554 -0.354696 0.382568 -0.597908
1778754140.343954 -1.891395 -14.703552 0.310078 0.611774 -0.365527 0.356279 -0.604308
1778754140.483321 -1.764756 -14.643786 0.305419 0.609639 -0.376608 0.367293 -0.592961
1778754140.622417 -1.609422 -14.634001 0.314883 -0.558765 0.414617 -0.429242 0.575869
1778754140.768863 -1.442609 -14.672485 0.313386 -0.509149 0.500819 -0.470437 0.518302
1778754140.903826 -1.318107 -14.718528 0.308015 -0.462603 0.539156 -0.512576 0.482259
1778754141.044712 -1.213134 -14.727829 0.304633 -0.464838 0.540848 -0.516910 0.473511
1778754141.186028 -1.080325 -14.715812 0.315058 0.485769 -0.507103 0.509422 -0.497357
1778754141.323610 -0.959037 -14.708401 0.305521 0.506695 -0.502850 0.494900 -0.495455
1778754141.465502 -0.802951 -14.693050 0.306303 0.515466 -0.497207 0.476164 -0.510243
1778754141.610043 -0.666826 -14.679877 0.294351 0.528562 -0.489836 0.475773 -0.504305
1778754141.747697 -0.510698 -14.659008 0.310132 0.527180 -0.475846 0.478665 -0.516267
1778754141.884957 -0.379691 -14.641905 0.310036 0.530470 -0.477240 0.469529 -0.519986
1778754142.024945 -0.266374 -14.630533 0.305833 0.533328 -0.474300 0.472074 -0.517441
1778754142.163889 -0.116592 -14.604207 0.309004 -0.528121 0.461848 -0.476313 0.530009
1778754142.303545 0.023119 -14.560067 0.317188 -0.546964 0.445763 -0.448004 0.549016
1778754142.443169 0.150247 -14.473218 0.303914 0.595884 -0.402165 0.407413 -0.563205
1778754142.585126 0.300798 -14.412531 0.309690 0.586456 -0.396680 0.412707 -0.573051
1778754142.723821 0.416807 -14.426477 0.309496 -0.543981 0.447682 -0.455297 0.544399
1778754142.862383 0.532982 -14.494975 0.316433 0.458117 -0.516001 0.542462 -0.479173
1778754143.004197 0.622129 -14.615958 0.325235 -0.351244 0.611931 -0.580990 0.405731
1778754143.144144 0.669911 -14.750070 0.308281 -0.258744 0.665272 -0.633800 0.297929
1778754143.286318 0.727417 -14.885556 0.323868 -0.184839 0.681903 -0.661224 0.252242
1778754143.437444 0.766292 -15.017639 0.316559 -0.147310 0.701124 -0.665646 0.208905
1778754143.565482 0.777571 -15.128669 0.302122 -0.131277 0.706115 -0.675441 0.167174
1778754143.706844 0.803986 -15.241259 0.302284 -0.114706 0.710964 -0.676755 0.152893
1778754143.863483 0.825245 -15.342830 0.290004 -0.110992 0.719306 -0.674196 0.125459
1778754143.987452 0.877267 -15.495892 0.305768 -0.112293 0.701248 -0.694588 0.114843
1778754144.129888 0.902526 -15.588105 0.308730 -0.107861 0.709394 -0.686750 0.116190
1778754144.267632 0.926071 -15.683329 0.300475 -0.109544 0.711847 -0.686037 0.103086
1778754144.408083 0.965929 -15.838223 0.302537 -0.099867 0.703852 -0.696185 0.099726
1778754144.548089 0.949906 -15.991807 0.310621 -0.043654 0.714455 -0.696825 0.045645
1778754144.683748 0.891329 -16.115196 0.303426 -0.048791 -0.705639 0.705692 0.041139
1778754144.836333 0.826008 -16.218246 0.288085 0.136590 0.719246 -0.679135 -0.052951
1778754144.967530 0.745807 -16.330032 0.285868 0.164837 0.715826 -0.671232 -0.099340
1778754145.104822 0.679382 -16.438809 0.307483 0.169243 0.693517 -0.686152 -0.139948
1778754145.247243 0.616602 -16.532775 0.303371 0.187666 0.695333 -0.677740 -0.148196
1778754145.393533 0.552371 -16.627033 0.297989 0.192630 0.696818 -0.670258 -0.167605
1778754145.529733 0.469380 -16.763273 0.310484 0.190745 0.683823 -0.681378 -0.178119
1778754145.663304 0.379501 -16.879373 0.305598 0.211318 0.687292 -0.666762 -0.195968
1778754145.804687 0.247658 -16.932000 0.306932 0.284104 0.655673 -0.644360 -0.272355
1778754145.943909 0.106632 -16.936579 0.298604 -0.397522 -0.597141 0.617016 0.323560
1778754146.086689 -0.069670 -16.871025 0.295025 -0.511591 -0.526616 0.527673 0.427215
1778754146.222103 -0.151021 -16.770582 0.301299 0.562195 0.435921 -0.442601 -0.545906
1778754146.363046 -0.254744 -16.657000 0.288374 0.646743 0.364219 -0.377484 -0.553690
1778754146.501482 -0.319373 -16.563208 0.283527 0.661886 0.308177 -0.329114 -0.598847
1778754146.662130 -0.420670 -16.493121 0.299228 0.651392 0.311702 -0.319620 -0.613492
1778754146.784203 -0.527458 -16.462971 0.309254 -0.610118 -0.356731 0.357057 0.610745
1778754146.928569 -0.655740 -16.484310 0.295237 0.570462 0.455328 -0.407437 -0.548857
1778754147.062889 -0.728594 -16.589491 0.299467 0.461135 0.551055 -0.492561 -0.490994
1778754147.202156 -0.769126 -16.711604 0.269147 0.392960 0.638216 -0.520490 -0.409089
1778754147.342702 -0.861804 -16.803246 0.307013 0.331377 0.621621 -0.594018 -0.388483
1778754147.485483 -0.951757 -16.918364 0.312629 0.287182 0.644239 -0.611451 -0.358622
1778754147.625277 -1.032036 -17.044104 0.313903 0.258597 0.665185 -0.632869 -0.300221
1778754147.762328 -1.055489 -17.195968 0.313377 0.167327 0.692751 -0.666586 -0.218543
1778754147.902962 -1.026677 -17.278699 0.289170 0.063091 0.718416 -0.677787 -0.143192
1778754148.043450 -1.010595 -17.443895 0.289417 0.017923 0.725291 -0.684490 -0.071445
1778754148.183804 -1.042915 -17.588202 0.299674 0.024136 0.713376 -0.696419 -0.074243
1778754148.327986 -1.083240 -17.722591 0.310912 0.059750 0.705847 -0.699954 -0.090963
1778754148.465729 -1.112397 -17.827780 0.305511 0.074251 0.708141 -0.697884 -0.077341
1778754148.605616 -1.094749 -17.935629 0.299617 -0.026194 -0.697959 0.714882 0.033315
1778754148.747826 -1.060803 -18.038790 0.312522 -0.019454 0.714550 -0.699313 -0.000646
1778754148.889803 -1.021958 -18.151835 0.311452 -0.048221 0.708113 -0.703821 0.029764
1778754149.035212 -0.994458 -18.275743 0.307421 -0.069853 0.706472 -0.702913 0.043936
1778754149.176723 -0.961894 -18.392155 0.318853 0.078773 -0.697239 0.709977 -0.059879
1778754149.303526 -0.941666 -18.497243 0.308534 -0.076921 0.706364 -0.700223 0.069432
1778754149.446283 -0.936467 -18.626665 0.305104 -0.046671 0.708489 -0.702360 0.050551
1778754149.584142 -0.935833 -18.722343 0.315988 0.032115 -0.705400 0.707515 -0.028320
1778754149.729723 -0.946220 -18.808858 0.300960 -0.024367 0.712512 -0.701091 0.014325
1778754149.867834 -0.954891 -18.873180 0.311508 -0.007512 0.711006 -0.702908 0.018299
1778754150.010468 -0.959472 -18.942647 0.303867 -0.005450 0.712611 -0.701469 0.009848
1778754150.152134 -0.957752 -18.999329 0.303992 -0.011227 0.714348 -0.699700 -0.000670
1778754150.292666 -0.958912 -19.044305 0.304821 -0.007521 0.713381 -0.700736 -0.000687
1778754150.439066 -0.963406 -19.078434 0.299787 -0.009672 0.712945 -0.701152 -0.000792
1778754150.579432 -0.964817 -19.092298 0.299454 0.010610 -0.705741 0.708388 0.001846
1778754150.736518 -0.964846 -19.100806 0.301256 0.008216 -0.702512 0.711577 -0.008241
1778754150.859645 -0.964569 -19.100266 0.300501 0.007775 -0.706260 0.707851 -0.009089
1778754151.003381 -0.968526 -19.095805 0.299316 -0.006347 0.711712 -0.702437 0.002860
1778754151.141969 -0.971763 -19.090562 0.299348 -0.004630 0.712075 -0.702086 -0.001972
1778754151.283771 -0.971929 -19.087021 0.299264 -0.004593 0.712197 -0.701958 -0.003099
1778754151.420758 -0.972229 -19.084613 0.298585 -0.004203 0.712320 -0.701832 -0.003681
1778754151.634954 -0.972478 -19.082347 0.298001 -0.003882 0.712346 -0.701801 -0.004824
1778754151.765474 -0.972611 -19.081397 0.298223 -0.003938 0.712307 -0.701835 -0.005555
1778754151.908435 -0.972154 -19.080224 0.298746 -0.004602 0.712024 -0.702114 -0.006040
1778754152.047181 -0.971608 -19.078931 0.299127 -0.005227 0.711851 -0.702281 -0.006504
1778754152.187868 -0.971445 -19.078007 0.299331 -0.005434 0.711756 -0.702372 -0.006854
1778754152.328528 -0.971015 -19.077499 0.299527 -0.005954 0.711656 -0.702469 -0.006944
1778754152.465284 -0.971116 -19.077062 0.299453 -0.005836 0.711809 -0.702314 -0.006985
1778754152.604495 -0.984575 -19.077282 0.301209 0.010600 0.712772 -0.700950 -0.022648
1778754152.736194 -1.036976 -19.068848 0.304735 0.079822 0.710981 -0.693629 -0.083750
1778754152.874443 -1.131998 -19.026210 0.305656 0.212178 0.684318 -0.671823 -0.188000
1778754153.019992 -1.225337 -18.947312 0.287066 0.346100 0.648434 -0.596019 -0.323279
1778754153.155333 -1.268033 -18.849498 0.303127 0.448319 0.566117 -0.530408 -0.444059
1778754153.294602 -1.268495 -18.735528 0.315486 -0.544774 -0.454407 0.429906 0.558495
1778754153.440831 -1.219519 -18.630776 0.304089 0.635202 0.334186 -0.297162 -0.629708
1778754153.593187 -1.118638 -18.558076 0.322826 -0.680212 -0.174937 0.167188 0.691923
1778754153.727514 -1.031842 -18.530334 0.321439 -0.702350 -0.061373 0.050719 0.707365
1778754153.858666 -0.975192 -18.514426 0.317377 -0.703255 0.008287 -0.023005 0.710517
1778754153.996025 -0.927878 -18.475864 0.309942 0.708963 -0.053464 0.064191 -0.700280
1778754154.134554 -0.886076 -18.408991 0.298955 0.712621 -0.080873 0.092144 -0.690753
1778754154.278656 -0.835237 -18.318829 0.316057 -0.692704 0.111697 -0.101509 0.705252
1778754154.414419 -0.782024 -18.209733 0.306955 0.702876 -0.118198 0.117357 -0.691536
1778754154.557150 -0.785005 -18.059323 0.309949 0.711215 -0.068217 0.080668 -0.694991
1778754154.692896 -0.855996 -17.945920 0.306329 -0.702561 -0.044081 -0.003303 0.710249
1778754154.836937 -0.939426 -17.910226 0.301535 0.700039 0.157509 -0.076683 -0.692283
1778754154.975205 -1.047942 -17.787000 0.301628 0.690141 0.196348 -0.146940 -0.680853
1778754155.121409 -1.110566 -17.650249 0.297168 0.691735 0.181534 -0.146807 -0.683371
1778754155.263151 -1.170380 -17.511291 0.306355 0.692138 0.159992 -0.144020 -0.688916
1778754155.397221 -1.191287 -17.397098 0.311576 0.700390 0.121196 -0.131681 -0.690959
1778754155.538874 -1.163149 -17.251082 0.313451 0.707231 0.045305 -0.065579 -0.702475
1778754155.674602 -1.115545 -17.138897 0.306713 -0.700905 0.026384 0.003060 0.712760
1778754155.815025 -1.043504 -17.032013 0.317348 -0.702165 0.097539 -0.061741 0.702594
1778754155.953780 -0.983087 -16.954276 0.315156 -0.690339 0.138906 -0.116131 0.700465
1778754156.095302 -0.932513 -16.901826 0.313451 -0.687034 0.167941 -0.141763 0.692592
1778754156.235993 -0.896325 -16.869093 0.302011 -0.684113 0.172600 -0.169033 0.688205
1778754156.376581 -0.877418 -16.855717 0.305398 -0.681003 0.182915 -0.181845 0.685354
1778754156.514288 -0.872936 -16.852423 0.306375 -0.680899 0.188833 -0.189938 0.681647
1778754156.656642 -0.869524 -16.842666 0.302141 0.682148 -0.188285 0.194630 -0.679222
1778754156.795204 -0.867157 -16.834626 0.303802 0.682304 -0.184541 0.195584 -0.679818
1778754156.940305 -0.877187 -16.823729 0.315330 0.685493 -0.167501 0.203616 -0.678664
1778754157.083250 -0.911658 -16.793212 0.322991 0.703148 -0.135997 0.223012 -0.661327
1778754157.216866 -0.914764 -16.800378 0.324915 0.745794 -0.099404 0.236880 -0.614652
1778754157.356582 -0.887879 -16.787386 0.359149 0.788932 -0.072922 0.219399 -0.569327
1778754157.494369 -0.894041 -16.772231 0.353374 0.820791 -0.043260 0.189523 -0.537133
1778754157.636201 -0.906256 -16.743632 0.340798 0.835185 0.004727 0.154349 -0.527845
1778754157.775479 -0.927953 -16.719685 0.345548 0.805668 0.073279 0.101538 -0.578982
1778754157.915204 -0.985005 -16.716843 0.356940 0.706278 0.153112 0.013409 -0.691048
1778754158.054034 -1.080530 -16.760677 0.434895 -0.597131 -0.232330 0.105042 0.760542
1778754158.196855 -1.162928 -16.829733 0.443656 -0.547076 -0.318872 0.213737 0.743871
1778754158.339489 -1.159400 -16.983715 0.393002 -0.495569 -0.446409 0.273805 0.692936
1778754158.475300 -1.252076 -17.058948 0.319499 -0.420999 -0.536211 0.327404 0.654251
1778754158.623525 -1.166933 -17.351633 0.227354 -0.331760 -0.571583 0.455957 0.596097
1778754158.763747 -1.182799 -17.338188 0.277723 -0.279770 -0.538970 0.647297 0.460703
1778754158.913002 -1.248234 -17.337057 0.266531 -0.330655 -0.582176 0.642337 0.373017
1778754159.042102 -1.221376 -17.333199 0.226431 0.348643 0.634413 -0.586786 -0.362836
1778754159.181505 -1.234485 -17.344657 0.272218 0.360364 0.624643 -0.593521 -0.357340
1778754159.322767 -1.230250 -17.344701 0.283794 0.353709 0.625707 -0.592289 -0.364108
1778754159.459205 -1.229365 -17.348310 0.294046 0.346510 0.622080 -0.597356 -0.368935
1778754159.600961 -1.229356 -17.353402 0.296301 0.342678 0.623387 -0.598367 -0.368670
1778754159.735708 -1.228697 -17.353785 0.296696 0.342129 0.623414 -0.598961 -0.368169
1778754159.883204 -1.228637 -17.354291 0.296683 0.341914 0.623634 -0.599130 -0.367722
1778754160.021515 -1.228607 -17.354374 0.296634 0.341952 0.623702 -0.599234 -0.367401
1778754160.159768 -1.228628 -17.354626 0.296613 0.341861 0.623827 -0.599370 -0.367051
1778754160.300615 -1.228614 -17.354831 0.296598 0.341776 0.623925 -0.599467 -0.366805
1778754160.446002 -1.228670 -17.354946 0.296578 0.341768 0.623992 -0.599518 -0.366616
1778754160.594050 -1.228632 -17.355217 0.296593 0.341678 0.624077 -0.599734 -0.366200
1778754160.722310 -1.228658 -17.355311 0.296550 0.341682 0.624148 -0.599772 -0.366014
1778754160.857983 -1.228717 -17.355313 0.296493 0.341765 0.624185 -0.599741 -0.365925
1778754161.004501 -1.228844 -17.355339 0.296382 0.341889 0.624273 -0.599720 -0.365694
1778754161.139983 -1.228927 -17.355342 0.296311 0.341975 0.624326 -0.599735 -0.365496
1778754161.282721 -1.229153 -17.355137 0.296287 0.342307 0.624204 -0.599665 -0.365510
1778754161.436677 -1.243888 -17.328392 0.304791 0.375416 0.604407 -0.581081 -0.395095
1778754161.561245 -1.265204 -17.275263 0.312976 0.433175 0.563339 -0.537490 -0.453997
1778754161.704437 -1.274761 -17.208793 0.318871 -0.493024 -0.503317 0.485847 0.517254
1778754161.840671 -1.273994 -17.150831 0.313272 -0.540138 -0.454523 0.434475 0.559367
1778754161.981513 -1.286432 -17.094445 0.291703 0.593860 0.418192 -0.394210 -0.563067
1778754162.120704 -1.342355 -17.049530 0.287314 0.610882 0.389104 -0.378838 -0.576110
1778754162.280745 -1.441529 -16.984907 0.305828 0.605248 0.372413 -0.372360 -0.596934
1778754162.408136 -1.557645 -16.958402 0.304688 0.585233 0.417442 -0.382280 -0.580608
1778754162.555277 -1.686649 -16.960838 0.310999 -0.543674 -0.455348 0.424763 0.562719
1778754162.691092 -1.798348 -17.009422 0.305427 -0.481485 -0.507324 0.484806 0.525127
1778754162.825303 -1.896276 -17.056470 0.299236 0.460883 0.558182 -0.500132 -0.475277
1778754162.973179 -2.028146 -17.172485 0.309118 0.374087 0.604782 -0.569106 -0.412815
1778754163.104123 -2.109597 -17.249114 0.284799 0.332260 0.642192 -0.579314 -0.376282
1778754163.242804 -2.235984 -17.335190 0.293088 0.330198 0.640871 -0.595356 -0.354690
1778754163.382341 -2.350933 -17.347187 0.308523 0.370943 0.604586 -0.589578 -0.386362
1778754163.522561 -2.466334 -17.359759 0.312003 0.407076 0.582520 -0.576323 -0.403498
1778754163.661616 -2.612109 -17.361508 0.301911 -0.450034 -0.553802 0.555259 0.427154
1778754163.806407 -2.760580 -17.337923 0.297694 0.484874 0.524866 -0.522307 -0.465412
1778754163.947298 -2.895735 -17.327778 0.308411 0.493896 0.507946 -0.507500 -0.490410
1778754164.084751 -3.017572 -17.363558 0.310818 0.462515 0.536992 -0.528511 -0.467328
1778754164.219576 -3.108163 -17.424598 0.300190 0.405277 0.568923 -0.568766 -0.434260
1778754164.368706 -3.220120 -17.522253 0.294159 0.359151 0.627853 -0.574933 -0.382444
1778754164.518100 -3.299105 -17.652387 0.296258 0.277298 0.651479 -0.626533 -0.325788
1778754164.642474 -3.348855 -17.751638 0.298098 0.224574 0.678801 -0.642417 -0.275854
1778754164.788631 -3.389486 -17.882654 0.292454 0.151448 0.677877 -0.677225 -0.242717
1778754164.937471 -3.407970 -17.986358 0.320065 -0.102286 -0.673880 0.700801 0.210479
1778754165.068936 -3.414814 -18.057822 0.319863 -0.079711 -0.673446 0.711622 0.183603
1778754165.208560 -3.416809 -18.101431 0.313607 -0.068541 -0.683139 0.708884 0.161574
1778754165.343576 -3.377809 -18.158695 0.314306 -0.015901 -0.687815 0.715761 0.119768
1778754165.483481 -3.338168 -18.215877 0.327871 0.021853 -0.696154 0.713932 0.072061
1778754165.637227 -3.300196 -18.286912 0.324171 0.053370 -0.694416 0.716615 0.037444
1778754165.766799 -3.275616 -18.356290 0.317605 0.071426 -0.698083 0.712182 0.019359
1778754165.909685 -3.264633 -18.411921 0.305132 0.067297 -0.701985 0.708757 0.018746
1778754166.041966 -3.266698 -18.483860 0.320407 0.030763 -0.706201 0.707176 0.015368
1778754166.184134 -3.282490 -18.551383 0.327970 0.015798 -0.695917 0.716612 0.043780
1778754166.326624 -3.313666 -18.620985 0.327419 -0.013124 -0.695827 0.713472 0.081302
1778754166.467255 -3.346104 -18.686564 0.307980 0.046882 0.704568 -0.701583 -0.095750
1778754166.601756 -3.374903 -18.755995 0.291242 0.068186 0.710035 -0.693214 -0.103229
1778754166.752075 -3.413628 -18.832200 0.317369 -0.093777 -0.697779 0.702957 0.100801
1778754166.880268 -3.453845 -18.912672 0.314926 0.094782 0.700107 -0.696855 -0.123530
1778754167.023041 -3.486911 -19.014417 0.291538 0.090752 0.724707 -0.669091 -0.137409
1778754167.160931 -3.531324 -19.147622 0.266257 0.112741 0.741186 -0.653045 -0.107078
1778754167.304099 -3.574707 -19.277599 0.266380 0.105492 0.745691 -0.647781 -0.114874
1778754167.441782 -3.616056 -19.393445 0.275536 0.101645 0.739293 -0.654513 -0.121349
1778754167.581449 -3.665161 -19.482494 0.279487 0.108937 0.735579 -0.659494 -0.110113
1778754167.725924 -3.715473 -19.607396 0.284853 0.111990 0.723400 -0.671947 -0.112415
1778754167.861423 -3.751498 -19.709771 0.297483 0.103197 0.711838 -0.683625 -0.123671
1778754168.010391 -3.800339 -19.859112 0.302664 0.107333 0.710268 -0.686551 -0.112460
1778754168.146865 -3.828644 -19.962339 0.288395 0.097545 0.724765 -0.673555 -0.107355
1778754168.281343 -3.805119 -20.122432 0.302028 0.018345 0.725753 -0.684721 -0.064065
1778754168.421049 -3.743479 -20.233716 0.281945 -0.065945 0.717792 -0.692751 0.022838
1778754168.564212 -3.699242 -20.278922 0.286937 -0.121119 0.726209 -0.674076 0.059773
1778754168.703527 -3.604792 -20.365055 0.302099 -0.191410 0.698873 -0.676311 0.132450
1778754168.842187 -3.480387 -20.412349 0.301942 0.274421 -0.649275 0.667085 -0.241107
1778754168.980551 -3.329698 -20.460635 0.287749 -0.358350 0.644620 -0.604529 0.300989
1778754169.121189 -3.201596 -20.493997 0.295018 0.398715 -0.595019 0.598451 -0.358935
1778754169.261593 -3.141870 -20.491093 0.284573 -0.441028 0.580203 -0.574173 0.373074
1778754169.401249 -3.010901 -20.546160 0.294572 -0.414003 0.583131 -0.580582 0.389210
1778754169.543434 -2.884136 -20.623727 0.305944 -0.383345 0.600793 -0.585159 0.386889
1778754169.687241 -2.791249 -20.682831 0.298965 -0.377266 0.619367 -0.580150 0.370784
1778754169.833301 -2.663812 -20.807495 0.302594 -0.333096 0.638116 -0.605145 0.340081
1778754169.965102 -2.577873 -20.929217 0.293883 -0.297320 0.654563 -0.628327 0.297243
1778754170.103340 -2.512449 -21.016678 0.306322 -0.274368 0.660671 -0.643231 0.272927
1778754170.247868 -2.424925 -21.094514 0.312599 -0.286700 0.650943 -0.644042 0.281578
1778754170.381512 -2.310082 -21.131579 0.303867 0.341258 -0.626370 0.629920 -0.307253
1778754170.520897 -2.165376 -21.195163 0.305257 -0.367036 0.614631 -0.611869 0.336348
1778754170.663156 -2.055353 -21.222224 0.303911 -0.393467 0.598184 -0.594199 0.366452
1778754170.800461 -1.971537 -21.200957 0.299551 0.457349 -0.555005 0.562641 -0.407721
1778754170.941815 -1.806991 -21.187120 0.310002 0.489304 -0.509692 0.540239 -0.457096
1778754171.081326 -1.673717 -21.173038 0.309433 0.501343 -0.473538 0.527874 -0.495747
1778754171.223199 -1.600139 -21.155974 0.306857 0.524939 -0.475192 0.508641 -0.489811
1778754171.359583 -1.583771 -21.151505 0.310877 0.524618 -0.470823 0.509270 -0.493705
1778754171.502223 -1.566697 -21.146830 0.315079 0.524264 -0.466237 0.509908 -0.497760
1778754171.642141 -1.549993 -21.142244 0.319198 0.523896 -0.461720 0.510516 -0.501718
1778754171.852647 -1.103323 -21.064185 0.297711 0.549413 -0.459324 0.452265 -0.531623
1778754171.961177 -1.027135 -21.058798 0.321198 -0.530478 0.456241 -0.458416 0.547989
1778754172.068193 -0.947853 -21.077642 0.317890 -0.519449 0.478862 -0.479327 0.520682
1778754172.201921 -0.840678 -21.097522 0.316737 0.499490 -0.494468 0.505168 -0.500816
1778754172.361370 -0.696135 -21.117400 0.309384 -0.478181 0.518078 -0.503443 0.499483
1778754172.486673 -0.575362 -21.106311 0.314910 -0.491652 0.485643 -0.499482 0.522443
1778754172.619390 -0.449157 -21.035631 0.319646 0.566223 -0.432169 0.445424 -0.542420
1778754172.776057 -0.365275 -20.905386 0.323313 0.638931 -0.311650 0.356517 -0.606249
1778754172.899008 -0.403055 -20.803751 0.293295 0.708535 -0.199324 0.271619 -0.620058
1778754173.038695 -0.396080 -20.677847 0.317467 0.693330 -0.121040 0.185086 -0.685847
1778754173.179106 -0.382660 -20.556648 0.313427 0.701283 -0.077206 0.141943 -0.694329
1778754173.323812 -0.324507 -20.477870 0.318521 0.696965 -0.108468 0.170752 -0.687981
1778754173.462505 -0.194284 -20.366239 0.322489 0.676397 -0.212589 0.201866 -0.675680
1778754173.602490 -0.032540 -20.334129 0.320853 -0.622116 0.330353 -0.314637 0.636272
1778754173.739904 0.031983 -20.445713 0.312435 -0.532237 0.448207 -0.422802 0.580580
1778754173.878176 0.120289 -20.481337 0.284994 -0.493849 0.548957 -0.467883 0.485639
1778754174.021478 0.166864 -20.553990 0.307957 -0.389538 0.590153 -0.567010 0.422468
1778754174.157550 0.175122 -20.638765 0.301582 -0.314842 0.636158 -0.623239 0.328253
1778754174.307457 0.139784 -20.683534 0.312923 -0.240867 0.664702 -0.659920 0.254283
1778754174.442225 0.105352 -20.692530 0.302455 -0.200642 0.687705 -0.664174 0.213723
1778754174.578815 0.074915 -20.686444 0.301296 -0.177863 0.690771 -0.676806 0.182027
1778754174.725124 0.059666 -20.684106 0.301567 -0.162591 0.698440 -0.678359 0.159921
1778754174.864947 0.052948 -20.679532 0.300146 -0.153907 0.699237 -0.681192 0.152833
1778754175.001412 0.050181 -20.681121 0.299492 -0.153042 0.698862 -0.683102 0.146775
1778754175.154359 0.049757 -20.680724 0.299393 -0.153441 0.698833 -0.683269 0.145713
1778754175.281468 0.050512 -20.679250 0.299717 -0.154783 0.698261 -0.683556 0.145688
1778754175.428142 0.051493 -20.678956 0.299745 -0.156187 0.697980 -0.683370 0.146404
1778754175.561537 0.053282 -20.680945 0.300998 -0.157257 0.696392 -0.684593 0.147109
1778754175.702890 0.064644 -20.701796 0.303188 -0.156780 0.692668 -0.688097 0.148843
1778754175.843245 0.079293 -20.736792 0.298846 -0.155795 0.694495 -0.685805 0.151908
1778754175.978451 0.094221 -20.774088 0.291504 -0.152684 0.700785 -0.678800 0.157536
1778754176.120683 0.118990 -20.825752 0.297150 -0.153726 0.696937 -0.682828 0.156184
1778754176.260761 0.164106 -20.875826 0.299303 -0.177212 0.690175 -0.682940 0.160773
1778754176.405010 0.218571 -20.917298 0.308629 0.211622 -0.678262 0.680275 -0.180009
1778754176.540632 0.262177 -20.953678 0.305199 -0.228868 0.676106 -0.671073 0.200401
1778754176.687897 0.291205 -20.979024 0.299026 0.240667 -0.667309 0.670706 -0.216638
1778754176.836092 0.302244 -20.987831 0.301457 -0.242185 0.667016 -0.666189 0.229407
1778754176.987995 0.314819 -20.990001 0.301427 -0.244436 0.665939 -0.662589 0.240315
1778754177.123480 0.321279 -20.990608 0.300422 -0.244955 0.666422 -0.659563 0.246687
1778754177.254984 0.316252 -20.990274 0.300088 -0.244032 0.668096 -0.660617 0.240168
1778754177.394464 0.311114 -20.988251 0.299769 -0.243326 0.669199 -0.662395 0.232806
1778754177.538582 0.308528 -20.986442 0.299433 -0.242106 0.670065 -0.662888 0.230168
1778754177.678129 0.307143 -20.984117 0.297121 -0.242010 0.670546 -0.662935 0.228728
1778754177.817950 0.306141 -20.982679 0.296971 -0.241671 0.670819 -0.663131 0.227715
1778754177.960243 0.305447 -20.981935 0.297011 -0.241244 0.671120 -0.663198 0.227087
1778754178.093920 0.299624 -20.993995 0.301367 -0.224685 0.674001 -0.668962 0.218471
1778754178.236680 0.292067 -21.019832 0.304926 -0.202493 0.682508 -0.673941 0.197444
1778754178.363609 0.285356 -21.036723 0.306814 -0.186615 0.686343 -0.679434 0.180213
1778754178.516557 0.287664 -21.051851 0.304836 -0.180106 0.687071 -0.683401 0.168693
1778754178.666261 0.291322 -21.060513 0.305458 -0.178402 0.686409 -0.685335 0.165321
1778754178.802224 0.309670 -21.053026 0.309275 0.199141 -0.678837 0.682656 -0.183043
1778754178.929696 0.345013 -21.030898 0.313690 0.240325 -0.663181 0.673529 -0.220892
1778754179.063845 0.400014 -20.983213 0.312184 0.317390 -0.633384 0.639440 -0.298671
1778754179.205888 0.458342 -20.895538 0.298511 0.423599 -0.572420 0.575594 -0.401983
1778754179.343620 0.483697 -20.790261 0.291810 0.530725 -0.475486 0.503647 -0.488451
1778754179.483572 0.485469 -20.652510 0.312729 0.625729 -0.341158 0.416071 -0.564765
1778754179.623150 0.459997 -20.511338 0.296750 0.687109 -0.237084 0.269103 -0.631868
1778754179.760792 0.369777 -20.429572 0.285418 0.713131 -0.090218 0.142403 -0.680461
1778754179.902533 0.267969 -20.358425 0.296793 0.719045 0.038789 0.024521 -0.693447
1778754180.042538 0.216944 -20.235459 0.295049 0.707221 0.089102 -0.018429 -0.701113
1778754180.183969 0.231954 -20.157770 0.302737 -0.698048 -0.069446 0.009138 0.712617
1778754180.322895 0.234518 -20.051848 0.290839 0.709087 0.027601 -0.026202 -0.704093
1778754180.461689 0.284772 -19.910533 0.309022 -0.706676 0.021325 -0.021925 0.706876
1778754180.603527 0.339564 -19.831273 0.309568 0.706144 -0.073037 0.056572 -0.702016
1778754180.749693 0.401410 -19.682003 0.305394 0.705930 -0.116518 0.079234 -0.694124
1778754180.894732 0.465806 -19.552060 0.303045 0.698380 -0.135304 0.106464 -0.694712
1778754181.025692 0.514671 -19.457482 0.299882 0.700653 -0.140286 0.121173 -0.689000
1778754181.166941 0.552944 -19.392202 0.303621 0.697517 -0.133610 0.142223 -0.689486
1778754181.305571 0.567789 -19.344706 0.302196 0.706107 -0.135247 0.148961 -0.678919
1778754181.448366 0.577380 -19.312390 0.302526 0.701040 -0.136550 0.153633 -0.682857
1778754181.583302 0.583275 -19.299191 0.307199 0.698513 -0.133980 0.157334 -0.685110
1778754181.723174 0.590295 -19.282379 0.307618 0.695390 -0.137254 0.157965 -0.687489
1778754181.863375 0.596963 -19.270739 0.301693 0.695164 -0.135520 0.155093 -0.688715
1778754182.002804 0.599438 -19.267164 0.304183 0.695463 -0.135171 0.154698 -0.688570
1778754182.142307 0.594327 -19.264303 0.314852 0.694705 -0.127643 0.160770 -0.689381
1778754182.282182 0.571348 -19.249792 0.335885 0.697951 -0.107307 0.190172 -0.682044
1778754182.428237 0.608574 -19.259465 0.368286 0.689107 -0.137517 0.182668 -0.687643
1778754182.563103 0.651137 -19.280040 0.369643 0.685881 -0.228816 0.124765 -0.679444
1778754182.702233 0.640827 -19.266798 0.369006 0.694812 -0.285409 0.108403 -0.651173
1778754182.848815 0.635646 -19.255742 0.343871 0.708947 -0.283948 0.161615 -0.625019
1778754182.988006 0.599498 -19.201680 0.337992 0.704611 -0.208336 0.280630 -0.617548
1778754183.125362 0.624289 -19.192763 0.403984 0.675616 -0.173948 0.338207 -0.631586
1778754183.263248 0.659774 -19.228559 0.339103 0.659947 -0.227079 0.294628 -0.652763
1778754183.403506 0.708471 -19.315568 0.349113 -0.648488 0.305422 -0.203239 0.666989
1778754183.546938 0.693489 -19.309395 0.364739 -0.641698 0.299763 -0.181969 0.682095
1778754183.683837 0.661132 -19.275047 0.329728 -0.660775 0.268273 -0.195922 0.673068
1778754183.827214 0.617872 -19.245135 0.331847 0.685453 -0.225212 0.231271 -0.652646
1778754183.969820 0.613247 -19.248390 0.333459 0.695400 -0.203224 0.247134 -0.643462
1778754184.103655 0.642085 -19.277913 0.346978 0.674842 -0.228405 0.239699 -0.659518
1778754184.242049 0.663382 -19.298003 0.389036 -0.640152 0.254207 -0.244744 0.682411
1778754184.381749 0.660883 -19.313340 0.422881 -0.619694 0.256046 -0.266708 0.692305
1778754184.520982 0.648800 -19.288375 0.445302 -0.618263 0.244468 -0.282002 0.691709
1778754184.664361 0.627635 -19.250362 0.452289 -0.619765 0.232599 -0.277302 0.696342
1778754184.805549 0.608264 -19.222627 0.420966 -0.631396 0.231069 -0.258841 0.693503
1778754184.948535 0.600586 -19.205106 0.376796 -0.656592 0.219939 -0.257968 0.673770
1778754185.092812 0.594065 -19.210060 0.370125 0.689465 -0.199271 0.284887 -0.635428
1778754185.232553 0.588960 -19.201259 0.366169 0.703371 -0.216619 0.288167 -0.612621
1778754185.365178 0.613084 -19.255582 0.337079 0.681626 -0.266554 0.269843 -0.625715
1778754185.516766 0.612328 -19.256182 0.391570 -0.621750 0.302595 -0.271845 0.669300
1778754185.641718 0.602260 -19.241091 0.444128 -0.586707 0.290027 -0.300849 0.693649
1778754185.783313 0.592230 -19.225924 0.460642 -0.593327 0.271854 -0.326062 0.683917
1778754185.923463 0.610080 -19.238488 0.431273 -0.610231 0.282440 -0.321558 0.666668
1778754186.062703 0.635004 -19.266956 0.392902 -0.611231 0.324866 -0.295491 0.658440
1778754186.206082 0.642117 -19.258674 0.383509 -0.599387 0.371377 -0.288757 0.647637
1778754186.342095 0.640177 -19.310844 0.378317 -0.591574 0.374894 -0.352615 0.620611
1778754186.491085 0.619197 -19.380613 0.416723 -0.568456 0.370602 -0.455073 0.576560
1778754186.627238 0.602389 -19.510026 0.446918 -0.482730 0.430297 -0.529084 0.549441
1778754186.763627 0.586243 -19.631105 0.415946 -0.363828 0.524129 -0.543945 0.545015
1778754186.902089 0.646962 -19.605157 0.353242 0.382021 -0.576104 0.589693 -0.417644
1778754187.043287 0.702849 -19.510031 0.333475 0.424704 -0.560906 0.600921 -0.379348
1778754187.184651 0.721806 -19.540608 0.192006 -0.455308 0.612775 -0.556698 0.327548
1778754187.324816 0.719529 -19.533136 0.272092 -0.362402 0.639631 -0.569611 0.367533
1778754187.468959 0.713364 -19.528884 0.276650 -0.372191 0.628851 -0.573413 0.370428
1778754187.608264 0.709432 -19.527140 0.279395 -0.375420 0.621005 -0.575143 0.377655
1778754187.755261 0.704653 -19.524561 0.280610 -0.375614 0.618861 -0.574830 0.381440
1778754187.883859 0.701774 -19.522842 0.281157 -0.376413 0.617485 -0.574315 0.383650
1778754188.023343 0.700447 -19.521987 0.281311 -0.376961 0.616991 -0.573942 0.384463
1778754188.167216 0.699475 -19.521506 0.281435 -0.377126 0.616747 -0.573781 0.384935
1778754188.309297 0.698695 -19.521097 0.281593 -0.377329 0.616451 -0.573510 0.385613
1778754188.453777 0.697759 -19.520573 0.281787 -0.377609 0.616033 -0.573346 0.386251
1778754188.586108 0.697126 -19.520274 0.281923 -0.377744 0.615854 -0.573188 0.386638
1778754188.725806 0.696752 -19.520043 0.281907 -0.377856 0.615857 -0.573095 0.386661
1778754188.867470 0.696273 -19.519853 0.281913 -0.377917 0.615943 -0.572978 0.386639
1778754189.001431 0.696000 -19.519788 0.281947 -0.377840 0.615989 -0.572952 0.386680
1778754189.141257 0.695885 -19.519721 0.281936 -0.377952 0.616020 -0.572780 0.386776
1778754189.286457 0.695748 -19.519690 0.281951 -0.377971 0.616093 -0.572702 0.386756
1778754189.423872 0.695588 -19.519618 0.281894 -0.378013 0.616168 -0.572578 0.386778
1778754189.561148 0.695423 -19.519569 0.281948 -0.378029 0.616206 -0.572536 0.386766
1778754189.703911 0.695318 -19.519589 0.281960 -0.377966 0.616301 -0.572470 0.386771
1778754189.845359 0.695339 -19.519568 0.281926 -0.378037 0.616333 -0.572401 0.386754
1778754189.981136 0.695313 -19.519627 0.281961 -0.378021 0.616421 -0.572309 0.386765
1778754190.120912 0.695296 -19.519604 0.281932 -0.378059 0.616478 -0.572232 0.386752
1778754190.262988 0.695355 -19.519594 0.281891 -0.378179 0.616564 -0.572090 0.386708
1778754190.408495 0.695411 -19.519650 0.281898 -0.378194 0.616645 -0.572011 0.386679
1778754190.545015 0.695442 -19.519631 0.281879 -0.378291 0.616706 -0.571900 0.386653
1778754190.680058 0.695486 -19.519634 0.281841 -0.378358 0.616768 -0.571803 0.386632
1778754190.820524 0.695486 -19.519660 0.281846 -0.378352 0.616809 -0.571704 0.386718
1778754190.960296 0.695498 -19.519660 0.281827 -0.378419 0.616842 -0.571577 0.386788
1778754191.103772 0.703375 -19.523866 0.289118 -0.381163 0.610708 -0.576596 0.386377
1778754191.244251 0.732955 -19.540074 0.290375 -0.388113 0.612026 -0.577980 0.375143
1778754191.386864 0.741877 -19.544202 0.288978 -0.390241 0.613984 -0.575581 0.373420
1778754191.531920 0.748163 -19.546714 0.288328 -0.390631 0.614996 -0.574020 0.373750
1778754191.665260 0.753940 -19.549021 0.287732 -0.390988 0.615924 -0.572583 0.374053
1778754191.806434 0.760053 -19.551460 0.287101 -0.391365 0.616904 -0.571060 0.374372
1778754191.976318 1.035465 -19.670559 0.302975 -0.397644 0.592471 -0.588393 0.380329
1778754192.129291 1.148485 -19.700388 0.302427 -0.397063 0.592008 -0.580905 0.392959
1778754192.254226 1.213071 -19.767588 0.308483 0.372178 -0.608259 0.610488 -0.344687
1778754192.368207 1.246574 -19.864142 0.303758 0.305836 -0.635043 0.653576 -0.275723
1778754192.507536 1.248727 -20.016656 0.312897 -0.169622 0.686907 -0.674434 0.211011
1778754192.646444 1.176591 -20.168315 0.318247 0.016469 -0.701020 0.706714 -0.094097
1778754192.786397 1.059748 -20.266229 0.311475 -0.099363 -0.691588 0.713205 0.056314
1778754192.925178 0.911503 -20.349919 0.312148 0.237499 0.679356 -0.676770 -0.155086
1778754193.080386 0.780744 -20.382295 0.299716 -0.321468 -0.636352 0.647114 0.270105
1778754193.208267 0.626184 -20.445907 0.294719 -0.384906 -0.615222 0.622062 0.293920
1778754193.347441 0.485885 -20.474877 0.282295 -0.420153 -0.595030 0.602399 0.326384
1778754193.486444 0.365051 -20.511712 0.287791 0.408318 0.590084 -0.584310 -0.379023
1778754193.635415 0.216006 -20.549413 0.289647 0.426698 0.582291 -0.576791 -0.382333
1778754193.778708 0.130558 -20.578496 0.298893 0.427508 0.584233 -0.561259 -0.401119
1778754193.909187 0.000367 -20.615597 0.293160 0.425835 0.582883 -0.560588 -0.405775
1778754194.047019 -0.144727 -20.651714 0.301027 0.430835 0.580293 -0.557192 -0.408874
1778754194.188057 -0.249149 -20.678432 0.295892 0.429225 0.583953 -0.549727 -0.415410
1778754194.329870 -0.369851 -20.714786 0.299885 0.426340 0.584062 -0.551377 -0.416040
1778754194.471096 -0.506019 -20.755430 0.298310 0.430088 0.581805 -0.552920 -0.413288
1778754194.611722 -0.633629 -20.802928 0.308857 0.413471 0.573202 -0.565022 -0.425713
1778754194.752674 -0.782298 -20.847121 0.301802 0.433684 0.580248 -0.558403 -0.404249
1778754194.891304 -0.892024 -20.879304 0.299212 0.432146 0.582472 -0.554306 -0.408315
1778754195.031476 -1.042697 -20.932537 0.304808 0.420137 0.576803 -0.564866 -0.414377
1778754195.177598 -1.177306 -20.981738 0.294747 0.423874 0.582912 -0.561661 -0.406302
1778754195.309788 -1.245260 -20.997918 0.303863 0.424531 0.577819 -0.565552 -0.407491
1778754195.450353 -1.416830 -21.051284 0.305003 0.432467 0.570041 -0.563514 -0.412889
1778754195.597950 -1.592103 -21.024690 0.303096 0.482254 0.528200 -0.522538 -0.464100
1778754195.744195 -1.728317 -20.998932 0.294986 0.508827 0.489775 -0.495719 -0.505449
1778754195.871525 -1.857913 -20.973747 0.297414 0.552624 0.475488 -0.474037 -0.493767
1778754196.014831 -1.987426 -20.918632 0.301125 0.564925 0.440666 -0.452560 -0.530907
1778754196.150979 -2.124650 -20.849618 0.313098 0.572822 0.406762 -0.425808 -0.570182
1778754196.290656 -2.250317 -20.781235 0.309563 0.600575 0.385688 -0.406478 -0.570378
1778754196.429281 -2.371808 -20.708873 0.304674 0.606034 0.377403 -0.381263 -0.587307
1778754196.573027 -2.521778 -20.679312 0.311103 -0.579682 -0.406754 0.397849 0.583298
1778754196.726902 -2.659756 -20.658825 0.313198 -0.562278 -0.435031 0.414863 0.567873
1778754196.853933 -2.798117 -20.652764 0.307730 -0.535320 -0.470703 0.443809 0.543051
1778754196.989223 -2.952058 -20.735957 0.316064 0.447005 0.548160 -0.515465 -0.483739
1778754197.127412 -2.963872 -20.834375 0.295494 0.356971 0.622064 -0.559411 -0.415532
1778754197.269076 -3.060910 -20.942255 0.304952 0.305897 0.639045 -0.606344 -0.361104
1778754197.415786 -3.123381 -21.081705 0.323011 -0.226526 -0.652864 0.665670 0.281669
1778754197.559956 -3.085202 -21.182144 0.307741 0.125024 0.704023 -0.673603 -0.187026
1778754197.695448 -3.091421 -21.338509 0.308904 0.062728 0.705874 -0.695507 -0.118651
1778754197.828054 -3.065774 -21.463707 0.305270 0.004106 -0.704529 0.706388 0.068102
1778754197.967302 -2.982032 -21.530185 0.286784 -0.103804 0.717714 -0.688404 0.014539
1778754198.106942 -2.865178 -21.573164 0.284166 0.240241 -0.681393 0.682063 -0.113042
1778754198.250146 -2.757259 -21.556178 0.288600 -0.361609 0.641000 -0.630721 0.246067
1778754198.391827 -2.643682 -21.544214 0.302970 -0.429450 0.587346 -0.578749 0.368303
1778754198.529822 -2.558045 -21.516076 0.294240 0.489406 -0.526440 0.552058 -0.422579
1778754198.667497 -2.445592 -21.491695 0.289754 0.534057 -0.505619 0.517052 -0.437938
1778754198.810258 -2.306947 -21.516857 0.290080 -0.509283 0.524489 -0.510598 0.452583
1778754198.947651 -2.203484 -21.595836 0.300030 -0.435266 0.573691 -0.555445 0.415816
1778754199.101754 -2.120535 -21.730439 0.298368 -0.331619 0.639973 -0.592134 0.360335
1778754199.233571 -2.043406 -21.858639 0.294474 -0.279465 0.671194 -0.619872 0.295224
1778754199.370668 -1.988128 -21.977982 0.306104 -0.232037 0.672216 -0.654935 0.255626
1778754199.511991 -1.956919 -22.064460 0.306607 -0.203207 0.683596 -0.658758 0.239670
1778754199.650761 -1.907606 -22.193367 0.302906 -0.185985 0.688117 -0.668141 0.213290
1778754199.790198 -1.851584 -22.311377 0.320604 0.179015 -0.676199 0.686731 -0.197758
1778754199.932680 -1.790609 -22.432920 0.322376 0.173648 -0.678697 0.687052 -0.192810
1778754200.071220 -1.736584 -22.564085 0.309613 -0.174381 0.688729 -0.681915 0.173883
1778754200.226938 -1.669650 -22.714796 0.304487 -0.171632 0.686534 -0.685071 0.172891
1778754200.350603 -1.643243 -22.814012 0.314573 0.156696 -0.690248 0.690669 -0.148260
1778754200.489641 -1.634300 -22.934376 0.315906 -0.113287 0.699272 -0.698598 0.100727
1778754200.637148 -1.640930 -23.026511 0.315104 0.070957 -0.701628 0.705481 -0.070563
1778754200.780412 -1.660390 -23.128333 0.311666 0.032362 -0.705443 0.705918 -0.054614
1778754200.916179 -1.679584 -23.211096 0.317469 0.007949 -0.702981 0.710090 -0.039071
1778754201.062347 -1.705766 -23.285474 0.319227 -0.018322 -0.705492 0.708479 0.001519
1778754201.190506 -1.753717 -23.362058 0.318124 -0.059732 -0.694111 0.714967 0.058857
1778754201.329444 -1.812412 -23.428748 0.305343 0.104417 0.700371 -0.699191 -0.098540
1778754201.469565 -1.874412 -23.481047 0.317336 -0.142608 -0.679556 0.707926 0.129259
1778754201.608987 -1.929453 -23.539194 0.315102 -0.169169 -0.680774 0.693646 0.163657
1778754201.760325 -1.993214 -23.587376 0.317611 -0.202894 -0.661739 0.691133 0.208016
1778754201.890283 -2.064039 -23.640590 0.304875 -0.231002 -0.664251 0.672196 0.231432
1778754202.028584 -2.126804 -23.672522 0.317401 -0.253856 -0.646773 0.675196 0.247694
1778754202.169434 -2.190670 -23.715279 0.312353 -0.264908 -0.646854 0.663553 0.266648
1778754202.311823 -2.250802 -23.767655 0.316718 -0.273370 -0.645610 0.659528 0.271072
1778754202.454608 -2.314466 -23.824014 0.309633 -0.272981 -0.648042 0.655217 0.276069
1778754202.591202 -2.370909 -23.869500 0.314774 -0.280037 -0.643121 0.657468 0.275156
1778754202.739371 -2.435235 -23.926585 0.310463 -0.275744 -0.647766 0.649832 0.286500
1778754202.873730 -2.481694 -23.973100 0.315500 0.276121 0.650752 -0.647074 -0.285613
1778754203.020827 -2.548504 -24.040516 0.304911 0.274856 0.654738 -0.645568 -0.281094
1778754203.148360 -2.601036 -24.084557 0.311434 -0.276334 -0.649735 0.651499 0.277549
1778754203.290015 -2.667298 -24.131616 0.308969 0.282878 0.646878 -0.644225 -0.294113
1778754203.428758 -2.740370 -24.154807 0.310680 0.308586 0.638586 -0.622002 -0.331806
1778754203.569069 -2.820908 -24.175786 0.298382 0.345047 0.629606 -0.605835 -0.342787
1778754203.710147 -2.895444 -24.198889 0.303285 0.359747 0.612848 -0.605757 -0.357851
1778754203.850459 -2.952855 -24.236206 0.311677 -0.352998 -0.612284 0.612595 0.353875
1778754203.989738 -3.003090 -24.303455 0.304751 0.319601 0.639545 -0.618226 -0.326547
1778754204.131120 -3.028788 -24.398390 0.316168 0.250677 0.661343 -0.644048 -0.291527
1778754204.269413 -3.035197 -24.499906 0.311102 0.188410 0.689220 -0.665553 -0.215680
1778754204.406159 -3.009967 -24.597552 0.310741 0.112346 0.697654 -0.692570 -0.144927
1778754204.551171 -2.958759 -24.679511 0.314570 0.022315 0.712369 -0.697622 -0.073179
1778754204.689560 -2.895564 -24.732797 0.306941 -0.067432 0.715943 -0.694832 0.009313
1778754204.836412 -2.819700 -24.745618 0.300226 -0.166304 0.708436 -0.678774 0.098624
1778754204.966885 -2.754092 -24.735830 0.290094 -0.232654 0.693158 -0.658620 0.177827
1778754205.108688 -2.711533 -24.724578 0.291080 -0.280586 0.674998 -0.640912 0.234266
1778754205.258182 -2.688538 -24.719959 0.294803 -0.296620 0.658969 -0.630013 0.284358
1778754205.388769 -2.673312 -24.704910 0.294889 -0.317673 0.649744 -0.619609 0.304961
1778754205.529293 -2.663943 -24.695349 0.292577 -0.331140 0.641619 -0.614529 0.317845
1778754205.675173 -2.658440 -24.691015 0.294505 -0.339550 0.635663 -0.613845 0.322231
1778754205.816954 -2.655888 -24.688060 0.295722 -0.343010 0.632900 -0.613538 0.324581
1778754205.959430 -2.655352 -24.687269 0.296054 -0.343861 0.632219 -0.613651 0.324793
1778754206.113047 -2.656022 -24.688287 0.296050 -0.342867 0.632797 -0.615035 0.322091
1778754206.242057 -2.663315 -24.699390 0.299104 -0.329289 0.639512 -0.623872 0.305576
1778754206.368870 -2.675584 -24.715571 0.305384 -0.305083 0.650538 -0.635549 0.282492
1778754206.509968 -2.691283 -24.734146 0.307466 -0.268559 0.666683 -0.648820 0.249883
1778754206.650393 -2.697147 -24.738549 0.304802 -0.252093 0.673002 -0.652839 0.239413
1778754206.801240 -2.697037 -24.739793 0.303559 -0.250606 0.674715 -0.653117 0.235361
1778754206.940043 -2.694950 -24.740265 0.303396 -0.251412 0.674879 -0.652311 0.236266
1778754207.080175 -2.692699 -24.739756 0.303291 -0.252840 0.674494 -0.650799 0.239980
1778754207.216956 -2.690838 -24.739194 0.303162 -0.254322 0.674054 -0.649611 0.242853
1778754207.355150 -2.695815 -24.745083 0.303191 -0.246120 0.676981 -0.653765 0.231761
1778754207.486966 -2.738680 -24.776419 0.308725 -0.189146 0.690410 -0.678372 0.165437
1778754207.625181 -2.821505 -24.806053 0.315056 0.087623 -0.699221 0.707613 -0.051924
1778754207.769941 -2.932151 -24.814717 0.299930 0.064159 0.719390 -0.687396 -0.076478
1778754207.905872 -3.012341 -24.813494 0.297064 0.164048 0.698286 -0.667619 -0.199422
1778754208.052409 -3.060750 -24.817504 0.299596 0.207476 0.662819 -0.644410 -0.319939
1778754208.196344 -3.121243 -24.820960 0.299004 -0.329770 -0.612313 0.647570 0.311414
1778754208.346883 -3.183743 -24.820135 0.327343 -0.373090 -0.586219 0.638670 0.330533
1778754208.478462 -3.292125 -24.841132 0.296962 0.393748 0.611248 -0.588325 -0.353853
1778754208.611668 -3.412101 -24.878485 0.300772 0.392350 0.601327 -0.583540 -0.379406
1778754208.752332 -3.541282 -24.924926 0.288066 0.403356 0.596909 -0.576950 -0.384878
1778754208.903174 -3.670458 -24.987681 0.313615 0.391603 0.589433 -0.578273 -0.405975
1778754209.041612 -3.807411 -25.044791 0.299282 0.407795 0.593625 -0.575714 -0.387125
1778754209.171210 -3.924011 -25.085671 0.298329 0.406723 0.590128 -0.574007 -0.396032
1778754209.307895 -4.043785 -25.130771 0.310899 0.400872 0.588332 -0.573452 -0.405364
1778754209.449922 -4.185726 -25.186773 0.303517 0.410775 0.592904 -0.572303 -0.390127
1778754209.588452 -4.244305 -25.239881 0.294679 0.378205 0.617649 -0.580659 -0.371895
1778754209.727328 -4.341990 -25.356704 0.303727 0.313804 0.646762 -0.605189 -0.342013
1778754209.872184 -4.447783 -25.476437 0.299404 0.276877 0.655290 -0.637129 -0.296650
1778754210.016664 -4.483907 -25.545655 0.302214 0.253695 0.671366 -0.637758 -0.279590
1778754210.153621 -4.603396 -25.643648 0.299699 0.283625 0.656229 -0.636755 -0.288900
1778754210.289025 -4.753908 -25.694172 0.306807 0.343485 0.628445 -0.610715 -0.337791
1778754210.428768 -4.888217 -25.732971 0.312930 -0.383519 -0.593583 0.600670 0.373856
1778754210.569768 -5.039104 -25.776270 0.303675 -0.422261 -0.581902 0.588275 0.370159
1778754210.707783 -5.167732 -25.792229 0.294994 0.433975 0.578131 -0.569918 -0.390673
1778754210.849740 -5.306997 -25.822702 0.298449 0.426642 0.573410 -0.561989 -0.416348
1778754210.989512 -5.416284 -25.857361 0.294966 0.428897 0.578637 -0.549886 -0.422909
1778754211.131877 -5.517237 -25.893419 0.305350 0.429245 0.569673 -0.556146 -0.426523
1778754211.272321 -5.593692 -25.908840 0.300091 0.431262 0.575132 -0.549946 -0.425201
