1779934539.879197 0.000000 0.000000 0.000000 0.00000000 0.00000000 0.00000000 1.00000000
1779934540.719566 0.000241 -0.000495 -0.000341 -0.00043090 0.00001144 -0.00053596 0.99999976
1779934550.700459 0.003689 0.003304 0.051953 -0.01181739 -0.00297384 -0.00065947 0.99992553
1779934551.258979 0.057006 0.009595 0.097434 -0.00135209 0.03167585 -0.00760739 0.99946833
1779934551.540327 0.096065 0.013845 0.153091 0.00700006 0.06156627 0.00820690 0.99804471
1779934552.100747 0.076714 0.002849 0.241840 -0.00224678 0.02081732 0.01020101 0.99972873
1779934552.243493 0.055425 0.003387 0.283465 -0.00207251 -0.00659185 0.00640665 0.99995560
1779934552.380520 0.041926 -0.003985 0.310515 0.00078177 -0.02197991 -0.00160270 0.99975682
1779934552.664223 0.017655 -0.000269 0.416768 -0.00113772 -0.03242948 -0.01252007 0.99939496
1779934552.948653 0.034084 -0.000035 0.498140 0.00302206 -0.00708114 -0.00321580 0.99996519
1779934553.506852 0.041255 0.002011 0.622791 -0.00450939 0.03996716 -0.00271471 0.99918713
1779934553.784700 0.071131 0.001526 0.683045 -0.02015329 0.09058940 -0.00440825 0.99567463
1779934553.933095 0.114931 -0.006781 0.734848 -0.02359632 0.10516259 -0.00278904 0.99417114
1779934554.071936 0.151574 -0.016546 0.739872 -0.02403302 0.12778116 -0.00330083 0.99150567
1779934554.215068 0.188860 -0.020655 0.773292 -0.03159432 0.14352756 -0.00871269 0.98910350
1779934554.350127 0.244859 -0.022973 0.830687 -0.04599968 0.16215572 -0.01056147 0.98563584
1779934554.491952 0.299053 -0.026104 0.838867 -0.04026287 0.16487534 -0.01284844 0.98540851
1779934554.491952 0.299053 -0.026104 0.838867 -0.04026287 0.16487534 -0.01284844 0.98540851
1779934554.629210 0.312730 -0.035589 0.808987 -0.04058560 0.20927439 -0.00872114 0.97697542
1779934554.771905 0.359083 -0.041818 0.801666 -0.06502689 0.25236012 -0.02817058 0.96503487
1779934554.914268 0.391859 -0.041158 0.814668 -0.06343857 0.33360079 -0.03350018 0.93998075
1779934555.057613 0.422698 -0.050871 0.841412 -0.08083740 0.39901412 -0.03430729 0.91273000
1779934555.195759 0.488717 -0.058682 0.864823 -0.06913486 0.42238330 -0.01289800 0.90368488
1779934555.333532 0.537330 -0.057488 0.875603 -0.07932297 0.45994364 -0.01857112 0.88420293
1779934555.473626 0.623721 -0.055694 0.916445 -0.07355001 0.47438401 -0.01983386 0.87701586
1779934555.896392 0.686155 -0.068209 0.969805 -0.05633869 0.52037112 -0.01093779 0.85200951
1779934556.039864 0.560425 -0.002600 0.904661 -0.04819029 0.53796246 -0.02928624 0.84108050
1779934556.182030 0.631938 0.039939 0.923154 -0.01887339 0.51489299 -0.05188525 0.85547468
1779934556.321629 0.522687 -0.049473 0.898292 0.00472659 0.51786597 -0.02709671 0.85501945
1779934556.458499 0.703369 -0.105076 0.981402 0.03461706 0.51399832 -0.07320869 0.85396011
1779934556.600827 0.692636 -0.115191 0.978531 0.06028112 0.52661394 -0.10467586 0.84147900
1779934556.878153 0.679089 -0.082947 0.976316 0.04416637 0.51792354 -0.09164796 0.84935575
1779934557.186980 0.708176 -0.093916 1.008936 0.04298360 0.49660507 -0.08390268 0.86284191
1779934557.463579 0.706139 -0.090188 1.007080 0.08527244 0.50068224 -0.07101324 0.85848881
1779934557.463579 0.648939 -0.069816 0.982225 0.08737677 0.49363228 -0.07005451 0.86242962
1779934558.708291 0.825400 -0.108592 1.174759 0.07938993 0.47666229 -0.09935494 0.86983843
1779934560.359049 1.087813 -0.166733 1.427885 0.08580761 0.51333514 -0.11508604 0.84609650
1779934560.508169 1.087405 -0.167768 1.474502 0.09800027 0.54807879 -0.11659386 0.82244237
1779934560.673158 0.975453 -0.143444 1.417206 0.14243247 0.56465534 -0.11142030 0.80527191
1779934560.813277 0.975650 -0.145337 1.394892 0.16454300 0.56832603 -0.11451319 0.79800868
1779934561.094004 0.928072 -0.132780 1.363861 0.12825360 0.59689716 -0.14132581 0.77928929
1779934561.386656 1.025476 -0.104219 1.455207 0.10627215 0.53538567 -0.14165183 0.82583483
1779934561.675147 1.116218 -0.116917 1.502959 0.10261322 0.46537676 -0.12169991 0.87068027
1779934562.258847 1.214585 -0.193911 1.698638 0.09519059 0.44309877 -0.07174390 0.88851282
1779934562.638961 1.203384 -0.193240 1.750284 0.11536724 0.43976035 -0.04415411 0.88957948
1779934563.058709 1.193686 -0.210515 1.781860 0.07497734 0.44034640 -0.06860724 0.89205745
1779934563.622794 1.133592 -0.331624 1.811738 0.01056557 0.46239663 -0.05496267 0.88490498
1779934563.904181 0.928102 -0.382151 1.598010 0.04128202 0.44921873 -0.03165801 0.89190588
1779934564.044353 0.895377 -0.210960 1.508068 0.04703033 0.40582223 -0.00569584 0.91272341
1779934564.329234 0.644491 -0.233630 1.086744 0.04984994 0.36182896 -0.03474105 0.93026225
1779934564.470897 0.390576 -0.160032 1.027513 0.05292712 0.49111019 -0.09557544 0.86421921
1779934564.470897 0.387861 -0.156437 1.028886 0.04866448 0.47000634 -0.09094672 0.87661537
1779934564.612133 0.408918 -0.147665 1.029380 0.02400125 0.43697933 -0.07650453 0.89589065
1779934564.755615 0.429966 -0.133336 1.051297 0.02008057 0.44072815 -0.06560267 0.89501495
1779934565.175920 0.401554 -0.129072 1.060083 -0.03606335 0.29972617 -0.06803191 0.95091289
1779934565.454216 0.423870 -0.132871 1.035033 -0.03140777 0.35658996 -0.07225016 0.93093344
1779934565.733278 0.451782 -0.133668 1.026084 -0.03957143 0.39607014 -0.07918037 0.91394366
1779934565.873242 0.528484 -0.125552 1.024924 -0.03806260 0.37894052 -0.07589389 0.92151801
1779934566.013207 0.538748 -0.131013 1.051320 -0.07009654 0.42995583 -0.05774768 0.89827038
1779934566.157825 0.596194 -0.133604 1.048783 -0.06960230 0.43628675 -0.04427226 0.89601862
1779934566.297885 0.686678 -0.131334 1.061985 -0.06036368 0.41152504 -0.05810065 0.90753936
1779934566.436151 0.698662 -0.105375 1.081095 -0.04173528 0.37841815 -0.06808532 0.92218342
1779934566.856578 0.661006 -0.099436 1.105477 -0.03905619 0.43662648 -0.05065757 0.89736600
1779934566.996019 0.689714 -0.101363 1.065479 -0.03589146 0.45655417 -0.04321044 0.88792058
1779934567.136568 0.687269 -0.106399 1.055520 -0.05483939 0.48792741 -0.03956728 0.87026083
1779934567.278260 0.714289 -0.097806 1.088987 -0.05897812 0.50758913 -0.04039325 0.85862870
1779934567.417127 0.672766 -0.082298 1.041312 -0.05464704 0.53554523 -0.01853096 0.84253285
1779934567.701540 0.722344 -0.073921 0.964620 -0.05373862 0.51919090 0.00086720 0.85296672
1779934567.701540 0.694021 -0.069790 0.943728 -0.05448897 0.50218967 0.00051306 0.86303895
1779934567.841869 0.633671 -0.062645 0.888819 -0.04993565 0.48258651 -0.01116762 0.87435232
1779934567.984781 0.591399 -0.062818 0.877858 -0.04433012 0.47671619 -0.01069060 0.87787370
1779934568.121455 0.565826 -0.071677 0.860412 0.00064748 0.44024292 -0.02955061 0.89739206
1779934568.263271 0.450326 -0.036843 0.779574 0.04450082 0.40244670 -0.04789964 0.91310566
1779934568.402878 0.409245 -0.042551 0.741280 0.05647013 0.38690257 -0.05394103 0.91880786
1779934568.547880 0.358456 -0.041250 0.735452 0.09532732 0.37328018 -0.07830200 0.91947996
1779934568.824031 0.314236 -0.039256 0.727682 0.12867618 0.36415970 -0.06719584 0.91995373
1779934568.965695 0.254949 -0.031647 0.665926 0.13314290 0.36033226 -0.05464007 0.92165508
1779934569.105651 0.280125 -0.063450 0.710164 0.12625375 0.36537228 -0.08411382 0.91841600
1779934569.735527 0.373517 -0.131639 0.864710 0.14659653 0.35408336 -0.12300581 0.91542559
1779934570.014971 0.389849 -0.141261 0.893803 0.13412390 0.33285076 -0.10163295 0.92784260
1779934570.441359 0.445300 -0.165897 1.013543 0.11092278 0.31492524 -0.06898644 0.94008463
1779934570.998957 0.457359 -0.224902 1.071649 0.12292243 0.30921865 -0.09864565 0.93783951
1779934571.562651 0.470945 -0.253850 1.213796 0.10903150 0.29080832 -0.11105922 0.94403840
1779934571.983177 0.468189 -0.252956 1.275359 0.08579628 0.28994504 -0.04034023 0.95233583
1779934572.122422 0.492720 -0.240933 1.270983 0.03169099 0.24447910 -0.00673172 0.96911317
1779934572.122422 0.458099 -0.237292 1.253984 0.02798170 0.23285214 -0.00365704 0.97210263
1779934572.376373 0.447380 -0.218411 1.264527 0.00987371 0.24086378 0.00289933 0.97050437
1779934572.515670 0.443552 -0.185420 1.248606 -0.00748989 0.24161152 -0.03104815 0.96984730
1779934572.638419 0.451102 -0.156600 1.239157 -0.01412043 0.22448414 -0.02815330 0.97396862
1779934572.966095 0.494006 -0.150064 1.281771 -0.01933872 0.23644329 -0.03093902 0.97096002
1779934573.109107 0.516428 -0.156740 1.288756 -0.03449993 0.25883696 -0.04079325 0.96444237
1779934573.392073 0.533773 -0.156419 1.276468 -0.04348668 0.29798876 -0.05255769 0.95212882
1779934573.543559 0.506285 -0.157575 1.241904 -0.03582329 0.34977391 -0.03814117 0.93537167
1779934573.674181 0.477090 -0.155369 1.185143 -0.04918701 0.38133947 -0.05005042 0.92176776
1779934573.814492 0.445667 -0.147998 1.147779 -0.05287061 0.40159080 -0.03607322 0.91357991
1779934573.952356 0.399349 -0.139343 1.116276 -0.05037506 0.42818265 -0.05383471 0.90067963
1779934574.091039 0.413428 -0.154408 1.099251 -0.06123153 0.44252142 -0.04955911 0.89329132
1779934574.233038 0.544811 -0.161508 1.112485 -0.07198180 0.42924407 -0.05985795 0.89832354
1779934574.484636 0.587305 -0.150930 1.106648 -0.06802870 0.42383897 -0.04937889 0.90182834
1779934574.722285 0.609705 -0.124724 1.090981 -0.04357644 0.41083801 -0.04824384 0.90938757
1779934575.009912 0.647975 -0.123074 1.091305 -0.03959800 0.37895614 -0.05208097 0.92309903
1779934575.266827 0.704871 -0.128410 1.084141 -0.04350355 0.33221405 -0.04128906 0.94129511
1779934575.266827 0.690381 -0.127529 1.071565 -0.04294924 0.32013123 -0.04056323 0.94552947
1779934575.409003 0.688025 -0.123234 1.065691 -0.03704824 0.32859597 -0.04481152 0.94267918
1779934575.595150 0.620325 -0.094682 1.111395 -0.04272255 0.39849748 -0.04737157 0.91494835
1779934575.717278 0.605120 -0.105383 1.091720 -0.06261795 0.42804178 -0.03896894 0.90074450
1779934575.886641 0.584685 -0.098445 1.114437 -0.05738859 0.47647862 -0.01999985 0.87708305
1779934576.032481 0.611970 -0.117805 1.057192 -0.05500944 0.50957214 -0.01449423 0.85854535
1779934576.170149 0.650744 -0.105265 1.029582 -0.04087703 0.52506285 -0.00567231 0.85006229
1779934576.470893 0.753177 -0.109533 1.052806 -0.05845559 0.54165085 -0.01060825 0.83850150
1779934576.740331 0.724369 -0.123517 1.086298 -0.04866231 0.51525722 0.00589674 0.85563264
1779934577.055133 0.671535 -0.089762 1.059071 -0.05647525 0.48422958 -0.00815694 0.87307830
1779934577.190055 0.633022 -0.068651 1.013898 -0.02979348 0.45743942 -0.02260294 0.88845407
1779934577.338411 0.521767 -0.111797 1.037161 -0.01367629 0.45226768 -0.00805095 0.89174104
1779934577.466834 0.599626 -0.077890 1.131659 0.03177818 0.42719038 -0.02711935 0.90319603
1779934577.622514 0.597622 -0.089703 1.131693 0.05898101 0.40474654 -0.04314222 0.91150437
1779934578.310283 0.641006 -0.113053 1.260587 0.07819741 0.42693055 -0.03287783 0.90029690
1779934578.593704 0.736258 -0.171438 1.423864 0.09729294 0.42200749 -0.08130549 0.89768211
1779934579.156507 0.822604 -0.250186 1.621058 0.10795313 0.39731431 -0.09050523 0.90680553
1779934579.156507 0.790484 -0.244449 1.605220 0.10890941 0.38607241 -0.08589103 0.91198112
1779934579.436356 0.797813 -0.246385 1.656377 0.09714882 0.37481501 -0.07333760 0.91907421
1779934579.860704 0.818369 -0.289866 1.806843 0.07262175 0.36428261 -0.05624176 0.92674761
1779934580.578496 0.854136 -0.343848 1.875695 0.10827766 0.34419475 -0.06665963 0.93024858
1779934581.122982 0.866867 -0.374741 2.014420 0.11092927 0.32159114 -0.05407095 0.93880252
1779934581.476981 0.870887 -0.368619 2.092808 0.07343375 0.34531792 -0.05156442 0.93418635
1779934581.621301 0.907464 -0.311968 2.121439 0.07123404 0.32707214 -0.00100694 0.94231020
1779934581.753337 0.867697 -0.292621 2.033349 0.06679097 0.33542792 0.03482725 0.93904960
1779934582.059476 0.879973 -0.218113 1.934693 0.03883643 0.32065893 -0.01962337 0.94619475
1779934582.328191 0.913516 -0.219016 2.067750 -0.02267197 0.36214605 -0.03011394 0.93135889
1779934582.459785 0.938600 -0.219751 1.986128 -0.03318036 0.33105860 -0.01316394 0.94293477
1779934582.738840 1.000944 -0.197182 2.062529 -0.05041278 0.32825974 -0.01216999 0.94316276
1779934583.017527 0.992962 -0.171625 1.976920 -0.06171494 0.41144208 -0.03120904 0.90880838
1779934583.157746 0.981709 -0.171993 1.896496 -0.08012676 0.45194491 -0.04054169 0.88751443
1779934583.355038 0.915652 -0.152497 1.761016 -0.08178820 0.47793145 -0.03574874 0.87385024
1779934583.512573 0.926933 -0.130037 1.682677 -0.05764181 0.48566643 -0.02166175 0.87197265
1779934583.652835 0.855627 -0.131902 1.619508 -0.07568344 0.49148041 -0.02228397 0.86730758
1779934583.652835 0.791000 -0.122460 1.557297 -0.07833109 0.46877269 -0.02164240 0.87957263
1779934583.788847 0.764702 -0.103988 1.535858 -0.07125785 0.49414292 -0.03316165 0.86582065
1779934584.116746 0.808550 -0.096332 1.595509 -0.05630216 0.50847143 -0.02025923 0.85899734
1779934584.217245 0.752555 -0.085865 1.551261 -0.05142725 0.45163354 -0.01400657 0.89061002
1779934584.384704 0.634071 -0.076529 1.471522 -0.06191557 0.39414561 -0.01909970 0.91676109
1779934584.491721 0.584984 -0.060764 1.462363 -0.04696816 0.33284604 -0.03785385 0.94104973
1779934584.633447 0.479217 -0.044290 1.362738 -0.04518899 0.26007410 -0.02362393 0.96424132
1779934585.053893 0.530802 -0.021630 1.516724 -0.07314699 0.32876641 -0.03628590 0.94087486
1779934585.191264 0.460365 -0.009594 1.500374 -0.06572311 0.39410463 -0.03256063 0.91613417
1779934585.333032 0.459152 -0.005137 1.487092 -0.05568075 0.45332921 -0.02417756 0.88927370
1779934585.472769 0.452172 0.007839 1.401821 -0.05691845 0.49724805 -0.03038064 0.86520615
1779934585.639355 0.475358 0.029473 1.422995 -0.04575440 0.54355433 -0.03017193 0.83758276
1779934585.768089 0.449801 0.040463 1.353623 -0.03948193 0.58701987 -0.04675666 0.80725626
1779934585.960108 0.406078 0.020319 1.216382 -0.01390825 0.59505208 -0.02446501 0.80319428
1779934586.107527 0.521662 -0.001800 1.224562 -0.04116495 0.60401602 -0.01364746 0.79579133
1779934586.456730 0.676630 -0.027856 1.130448 -0.04641530 0.60524838 -0.01541709 0.79453278
1779934586.645305 0.627327 -0.028260 1.156720 -0.03453221 0.63637893 -0.03160032 0.76995507
1779934586.645305 0.637722 -0.028520 1.163668 -0.03820747 0.61887835 -0.03100316 0.78394425
1779934586.928181 0.689105 -0.028806 1.177293 -0.04370970 0.66898451 -0.01841710 0.74176142
1779934587.090714 0.728287 -0.038226 1.193793 -0.02770773 0.66198158 -0.02709636 0.74851750
1779934587.254443 0.711786 -0.022595 1.223646 0.00548626 0.68357371 -0.07572476 0.72592193
1779934587.370085 0.742393 -0.004446 1.184761 0.04729975 0.65897137 -0.10436776 0.74338875
1779934587.726147 0.768135 -0.059216 1.237989 0.09066354 0.67581538 -0.15768911 0.71427435
1779934588.000215 0.788122 -0.095588 1.244880 0.11761030 0.67050143 -0.19175136 0.70698449
1779934588.291592 0.869855 -0.112178 1.268913 0.13087225 0.62540120 -0.21202044 0.73945461
1779934588.511595 0.942348 -0.136634 1.301778 0.14286109 0.57291677 -0.21937107 0.77668102
1779934588.633424 1.046972 -0.182414 1.400296 0.14045046 0.52290973 -0.17801083 0.82167587
1779934589.122896 1.190131 -0.270615 1.497285 0.14612749 0.46596861 -0.16643978 0.85663166
1779934589.544136 1.244130 -0.363088 1.636668 0.11670111 0.45210507 -0.12977245 0.87472336
1779934590.244515 1.258033 -0.411872 1.719486 0.11543455 0.44558515 -0.08071954 0.88408885
1779934591.273134 0.662682 -0.463443 1.404153 -0.00010077 0.42810988 -0.03030261 0.90321851
1779934591.438982 0.463264 -0.387767 1.007011 -0.03610148 0.32085993 -0.03234178 0.94588561
1779934591.590433 0.410106 -0.286498 0.913346 -0.04178564 0.27839591 -0.02395753 0.95925790
1779934591.747562 0.325569 -0.223611 1.031627 -0.03573501 0.25874902 -0.01218347 0.96520646
1779934591.747562 0.288733 -0.213896 1.023736 -0.03240035 0.24699828 -0.01083143 0.96841352
1779934591.905677 0.263224 -0.201560 1.010892 -0.03728687 0.23158085 -0.01774115 0.97193891
1779934592.212997 0.200634 -0.192091 1.010185 -0.01208493 0.24684994 0.00125374 0.96897755
1779934592.940109 0.247704 -0.191782 1.069421 -0.04375100 0.32869310 -0.02073831 0.94319490
1779934593.088996 0.331290 -0.185798 1.097624 -0.04622680 0.34208943 -0.02545473 0.93818440
1779934593.242275 0.456193 -0.167433 1.215194 -0.06383857 0.38451234 -0.05857724 0.91904494
1779934593.370150 0.473056 -0.156234 1.171370 -0.06841985 0.43694969 -0.05874634 0.89495394
1779934593.509813 0.488092 -0.161010 1.129744 -0.05129020 0.45121560 -0.04579424 0.88976215
1779934593.665070 0.610385 -0.173524 1.090764 -0.04782469 0.44081568 -0.02668504 0.89592536
1779934593.809182 0.652415 -0.176917 1.041733 -0.05641690 0.43737734 -0.02544946 0.89714576
1779934593.963308 0.725310 -0.179884 1.023840 -0.05287776 0.45313065 -0.03807313 0.88905961
1779934594.103570 0.814686 -0.163507 0.994352 -0.04597332 0.44330910 -0.04273304 0.89416854
1779934594.249316 0.834998 -0.163480 0.971014 -0.04006543 0.44887274 -0.04325217 0.89164863
1779934594.528979 0.846861 -0.179153 0.947689 -0.05012077 0.41321848 -0.00890551 0.90920794
1779934594.806373 0.891117 -0.155558 1.006160 -0.04512488 0.34314978 -0.02496893 0.93786381
1779934594.948506 0.768624 -0.171242 1.054960 -0.03176964 0.38972711 -0.02378903 0.92007475
1779934595.227769 0.837624 -0.146620 1.096959 -0.04340615 0.43302356 -0.03462556 0.89967082
1779934595.227769 0.794895 -0.141358 1.087002 -0.04550876 0.41962432 -0.03324128 0.90594669
1779934595.367680 0.799634 -0.145316 1.037950 -0.03758930 0.42400933 -0.02720251 0.90446844
1779934595.507105 0.820355 -0.137717 0.965085 -0.03662715 0.45101127 -0.03055449 0.89124279
1779934595.655096 0.712470 -0.116296 0.991202 -0.05720742 0.51682273 -0.02414877 0.85383746
1779934595.796568 0.686861 -0.065606 0.979469 -0.06629186 0.52167214 -0.01778990 0.85038055
1779934596.075322 0.644672 -0.089444 0.968658 -0.01715092 0.55418458 -0.00521349 0.83220077
1779934596.215631 0.648971 -0.098520 1.014971 -0.01536021 0.58061779 -0.01464375 0.81389963
1779934596.354396 0.637872 -0.104159 0.978229 0.01672485 0.58184245 -0.05096014 0.81153109
1779934596.494381 0.519891 -0.044544 0.970890 0.04589730 0.59672673 -0.08320234 0.79679861
1779934596.639009 0.539694 -0.044491 1.000269 0.04771737 0.60005960 -0.11818972 0.78973586
1779934596.916865 0.552530 -0.046868 1.043821 0.10082093 0.59480136 -0.09419128 0.79194348
1779934597.055447 0.560768 -0.084596 1.064022 0.13437758 0.58872202 -0.10942031 0.78954180
1779934597.196022 0.582634 -0.106338 1.088500 0.15259949 0.58609429 -0.11340249 0.78762094
1779934597.475374 0.719097 -0.162669 1.157866 0.13530703 0.59271256 -0.12350185 0.78430296
1779934597.899701 0.861901 -0.192606 1.260390 0.11440519 0.56933623 -0.12707879 0.80412604
1779934598.458274 1.104271 -0.330055 1.439013 0.09866787 0.54014856 -0.11639383 0.82762109
1779934599.579310 1.337628 -0.416844 1.656174 0.12946237 0.49079928 -0.10715745 0.85491101
1779934599.579310 1.328592 -0.415464 1.659416 0.13106272 0.48345618 -0.10512234 0.85909369
1779934599.719217 1.333799 -0.400739 1.676261 0.13347150 0.47546698 -0.09525470 0.86431652
