# camera_optical trajectory from onboard odometry (NOT ground truth)
1779934540.023687 0.300000 0.000000 0.000000 0.500000 -0.500000 0.500000 -0.500000
1779934540.161032 0.300000 0.000000 0.000000 0.500000 -0.500000 0.500000 -0.500000
1779934540.309869 0.300000 0.000000 0.000000 0.500000 -0.500000 0.500000 -0.500000
1779934540.444166 0.300000 0.000000 0.000000 0.500000 -0.500000 0.500000 -0.500000
1779934540.604831 0.300000 0.000000 0.000000 0.500000 -0.500000 0.500000 -0.500000
1779934540.719566 0.300000 0.000000 0.000000 0.500000 -0.500000 0.500000 -0.500000
1779934540.869184 0.300000 0.000000 0.000000 0.500000 -0.500000 0.500000 -0.500000
1779934540.997724 0.300000 0.000000 0.000000 0.500000 -0.500000 0.500000 -0.500000
1779934541.138598 0.300000 0.000000 0.000000 0.500000 -0.500000 0.500000 -0.500000
1779934541.290802 0.300000 0.000000 0.000000 0.500000 -0.500000 0.500000 -0.500000
1779934541.421807 0.300000 0.000000 0.000000 0.500000 -0.500000 0.500000 -0.500000
1779934541.562405 0.300000 0.000000 0.000000 0.500000 -0.500000 0.500000 -0.500000
1779934541.704553 0.300000 0.000000 0.000000 0.500000 -0.500000 0.500000 -0.500000
1779934541.842983 0.300000 0.000000 0.000000 0.500000 -0.500000 0.500000 -0.500000
1779934541.981206 0.300000 0.000000 0.000000 0.500000 -0.500000 0.500000 -0.500000
1779934542.120753 0.300000 0.000000 0.000000 0.500000 -0.500000 0.500000 -0.500000
1779934542.285036 0.300000 0.000000 0.000000 0.500000 -0.500000 0.500000 -0.500000
1779934542.412375 0.300000 0.000000 0.000000 0.500000 -0.500000 0.500000 -0.500000
1779934542.548017 0.300000 0.000000 0.000000 0.500000 -0.500000 0.500000 -0.500000
1779934542.698785 0.300000 0.000000 0.000000 0.500000 -0.500000 0.500000 -0.500000
1779934542.828253 0.300000 0.000000 0.000000 0.500000 -0.500000 0.500000 -0.500000
1779934542.964854 0.300000 0.000000 0.000000 0.500000 -0.500000 0.500000 -0.500000
1779934543.105598 0.300000 0.000000 0.000000 0.500000 -0.500000 0.500000 -0.500000
1779934543.245573 0.300000 0.000000 0.000000 0.500000 -0.500000 0.500000 -0.500000
1779934543.396273 0.300000 0.000000 0.000000 0.500000 -0.500000 0.500000 -0.500000
1779934543.531261 0.300000 0.000000 0.000000 0.500000 -0.500000 0.500000 -0.500000
1779934543.651886 0.300000 0.000000 0.000000 0.500000 -0.500000 0.500000 -0.500000
1779934543.771901 0.300000 0.000000 0.000000 0.500000 -0.500000 0.500000 -0.500000
1779934543.928114 0.300000 0.000000 0.000000 0.500000 -0.500000 0.500000 -0.500000
1779934544.070783 0.300000 0.000000 0.000000 0.500000 -0.500000 0.500000 -0.500000
1779934544.247103 0.300000 0.000000 0.000000 0.500000 -0.500000 0.500000 -0.500000
1779934544.388180 0.300000 0.000000 0.000000 0.500000 -0.500000 0.500000 -0.500000
1779934544.572457 0.300000 0.000000 0.000000 0.500000 -0.500000 0.500000 -0.500000
1779934544.684181 0.300000 0.000000 0.000000 0.500000 -0.500000 0.500000 -0.500000
1779934544.898097 0.300000 0.000000 0.000000 0.500000 -0.500000 0.500000 -0.500000
1779934545.032644 0.300000 0.000000 0.000000 0.500000 -0.500000 0.500000 -0.500000
1779934545.157953 0.300000 0.000000 0.000000 0.500000 -0.500000 0.500000 -0.500000
1779934545.308866 0.300000 0.000000 0.000000 0.500000 -0.500000 0.500000 -0.500000
1779934545.473440 0.300000 0.000000 0.000000 0.500000 -0.500000 0.500000 -0.500000
1779934545.615230 0.300000 0.000000 0.000000 0.500000 -0.500000 0.500000 -0.500000
1779934545.762160 0.300000 0.000000 0.000000 0.500000 -0.500000 0.500000 -0.500000
1779934545.894204 0.300000 0.000000 0.000000 0.500000 -0.500000 0.500000 -0.500000
1779934546.035821 0.300000 0.000000 0.000000 0.500000 -0.500000 0.500000 -0.500000
1779934546.210370 0.300000 0.000000 0.000000 0.500000 -0.500000 0.500000 -0.500000
1779934546.352927 0.300000 0.000000 0.000000 0.500000 -0.500000 0.500000 -0.500000
1779934546.494771 0.300000 0.000000 0.000000 0.500000 -0.500000 0.500000 -0.500000
1779934546.638376 0.300000 0.000000 0.000000 0.500000 -0.500000 0.500000 -0.500000
1779934546.775165 0.300000 0.000000 0.000000 0.500000 -0.500000 0.500000 -0.500000
1779934546.923533 0.300000 0.000000 0.000000 0.500000 -0.500000 0.500000 -0.500000
1779934547.060764 0.300000 0.000000 0.000000 0.500000 -0.500000 0.500000 -0.500000
1779934547.215542 0.300000 0.000000 0.000000 0.500000 -0.500000 0.500000 -0.500000
1779934547.324124 0.300000 0.000000 0.000000 0.500000 -0.500000 0.500000 -0.500000
1779934547.469137 0.300000 0.000000 0.000000 0.500000 -0.500000 0.500000 -0.500000
1779934547.606577 0.300000 0.000000 0.000000 0.500000 -0.500000 0.500000 -0.500000
1779934547.746490 0.300000 0.000000 0.000000 0.500000 -0.500000 0.500000 -0.500000
1779934547.885847 0.300000 0.000000 0.000000 0.500000 -0.500000 0.500000 -0.500000
1779934548.025301 0.300000 0.000000 0.000000 0.500000 -0.500000 0.500000 -0.500000
1779934548.165388 0.300000 0.000000 0.000000 0.500000 -0.500000 0.500000 -0.500000
1779934548.307004 0.300000 0.000000 0.000000 0.500000 -0.500000 0.500000 -0.500000
1779934548.447023 0.300000 0.000000 0.000000 0.500000 -0.500000 0.500000 -0.500000
1779934548.590291 0.300000 0.000000 0.000000 0.500000 -0.500000 0.500000 -0.500000
1779934548.728443 0.300000 0.000000 0.000000 0.500000 -0.500000 0.500000 -0.500000
1779934548.869501 0.300000 0.000000 0.000000 0.500000 -0.500000 0.500000 -0.500000
1779934549.013299 0.300000 0.000000 0.000000 0.500000 -0.500000 0.500000 -0.500000
1779934549.151555 0.300000 0.000000 0.000000 0.500000 -0.500000 0.500000 -0.500000
1779934549.291421 0.300000 0.000000 0.000000 0.500000 -0.500000 0.500000 -0.500000
1779934549.432149 0.300000 0.000000 0.000000 0.500000 -0.500000 0.500000 -0.500000
1779934549.573851 0.300000 0.000000 0.000000 0.500000 -0.500000 0.500000 -0.500000
1779934549.716059 0.300000 0.000000 0.000000 0.500000 -0.500000 0.500000 -0.500000
1779934549.854673 0.300000 0.000000 0.000000 0.500000 -0.500000 0.500000 -0.500000
1779934549.993653 0.300000 0.000000 0.000000 0.500000 -0.500000 0.500000 -0.500000
1779934550.133240 0.300000 0.000000 0.000000 0.500000 -0.500000 0.500000 -0.500000
1779934550.277797 0.300000 0.000000 0.000000 0.500000 -0.500000 0.500000 -0.500000
1779934550.414599 0.300000 0.000000 0.000000 0.500000 -0.500000 0.500000 -0.500000
1779934550.555045 0.300000 0.000000 0.000000 0.500000 -0.500000 0.500000 -0.500000
1779934550.700459 0.300000 0.000000 0.000000 0.500000 -0.500000 0.500000 -0.500000
1779934550.840652 0.300000 0.000000 0.000000 0.500000 -0.500000 0.500000 -0.500000
1779934550.977149 0.300000 0.000000 0.000000 0.500000 -0.500000 0.500000 -0.500000
1779934551.119201 0.300000 0.000000 0.000000 0.500000 -0.500000 0.500000 -0.500000
1779934551.258979 0.300000 0.000000 0.000000 0.500000 -0.500000 0.500000 -0.500000
1779934551.400473 0.300000 0.000000 0.000000 0.500000 -0.500000 0.500000 -0.500000
1779934551.540327 0.300000 0.000000 0.000000 0.500000 -0.500000 0.500000 -0.500000
1779934551.680788 0.300000 0.000000 0.000000 0.500000 -0.500000 0.500000 -0.500000
1779934551.823738 0.300000 0.000000 0.000000 0.500000 -0.500000 0.500000 -0.500000
1779934551.962466 0.300000 0.000000 0.000000 0.500000 -0.500000 0.500000 -0.500000
1779934552.100747 0.300000 0.000000 0.000000 0.500000 -0.500000 0.500000 -0.500000
1779934552.243493 0.300000 0.000000 0.000000 0.500000 -0.500000 0.500000 -0.500000
1779934552.380520 0.300000 0.000000 0.000000 0.500000 -0.500000 0.500000 -0.500000
1779934552.524418 0.300000 0.000000 0.000000 0.500000 -0.500000 0.500000 -0.500000
1779934552.664223 0.300000 0.000000 0.000000 0.500000 -0.500000 0.500000 -0.500000
1779934552.806077 0.300000 0.000000 0.000000 0.500000 -0.500000 0.500000 -0.500000
1779934552.948653 0.300000 0.000000 0.000000 0.500000 -0.500000 0.500000 -0.500000
1779934553.091509 0.300000 0.000000 0.000000 0.500000 -0.500000 0.500000 -0.500000
1779934553.227019 0.300000 0.000000 0.000000 0.500000 -0.500000 0.500000 -0.500000
1779934553.369850 0.300000 0.000000 0.000000 0.500000 -0.500000 0.500000 -0.500000
1779934553.506852 0.300000 0.000000 0.000000 0.500000 -0.500000 0.500000 -0.500000
1779934553.646105 0.300000 0.000000 0.000000 0.500000 -0.500000 0.500000 -0.500000
1779934553.784700 0.300000 0.000000 0.000000 0.500000 -0.500000 0.500000 -0.500000
1779934553.933095 0.300000 0.000000 0.000000 0.500000 -0.500000 0.500000 -0.500000
1779934554.071936 0.300000 0.000000 0.000000 0.500000 -0.500000 0.500000 -0.500000
1779934554.215068 0.300000 0.000000 0.000000 0.500000 -0.500000 0.500000 -0.500000
1779934554.350127 0.300000 0.000000 0.000000 0.500000 -0.500000 0.500000 -0.500000
1779934554.491952 0.300000 0.000000 0.000000 0.500000 -0.500000 0.500000 -0.500000
1779934554.629210 0.300000 0.000000 0.000000 0.500000 -0.500000 0.500000 -0.500000
1779934554.771905 0.300000 0.000000 0.000000 0.500000 -0.500000 0.500000 -0.500000
1779934554.914268 0.300000 0.000000 0.000000 0.500000 -0.500000 0.500000 -0.500000
1779934555.057613 0.300000 0.000000 0.000000 0.500000 -0.500000 0.500000 -0.500000
1779934555.195759 0.300000 0.000000 0.000000 0.500000 -0.500000 0.500000 -0.500000
1779934555.333532 0.300000 0.000000 0.000000 0.500000 -0.500000 0.500000 -0.500000
1779934555.473626 0.300000 0.000000 0.000000 0.500000 -0.500000 0.500000 -0.500000
1779934555.617126 0.300000 0.000000 0.000000 0.500000 -0.500000 0.500000 -0.500000
1779934555.758914 0.300000 0.000000 0.000000 0.500000 -0.500000 0.500000 -0.500000
1779934555.896392 0.300000 0.000000 0.000000 0.500000 -0.500000 0.500000 -0.500000
1779934556.039864 0.300000 0.000000 0.000000 0.500000 -0.500000 0.500000 -0.500000
1779934556.182030 0.300000 0.000000 0.000000 0.500000 -0.500000 0.500000 -0.500000
1779934556.321629 0.300000 0.000000 0.000000 0.500000 -0.500000 0.500000 -0.500000
1779934556.458499 0.300000 0.000000 0.000000 0.500000 -0.500000 0.500000 -0.500000
1779934556.600827 0.300000 0.000000 0.000000 0.500000 -0.500000 0.500000 -0.500000
1779934556.741337 0.300000 0.000000 0.000000 0.500000 -0.500000 0.500000 -0.500000
1779934556.878153 0.300000 0.000000 0.000000 0.500000 -0.500000 0.500000 -0.500000
1779934557.022273 0.300000 0.000000 0.000000 0.500000 -0.500000 0.500000 -0.500000
1779934557.186980 0.300000 0.000000 0.000000 0.500000 -0.500000 0.500000 -0.500000
1779934557.335812 0.300000 0.000000 0.000000 0.500000 -0.500000 0.500000 -0.500000
1779934557.463579 0.300000 0.000000 0.000000 0.500000 -0.500000 0.500000 -0.500000
1779934557.601860 0.300000 0.000000 0.000000 0.500000 -0.500000 0.500000 -0.500000
1779934557.746973 0.300000 0.000000 0.000000 0.500000 -0.500000 0.500000 -0.500000
1779934557.872052 0.300000 0.000000 0.000000 0.500000 -0.500000 0.500000 -0.500000
1779934558.008871 0.300000 0.000000 0.000000 0.500000 -0.500000 0.500000 -0.500000
1779934558.147511 0.300000 0.000000 0.000000 0.500000 -0.500000 0.500000 -0.500000
1779934558.285535 0.300000 0.000000 0.000000 0.500000 -0.500000 0.500000 -0.500000
1779934558.429554 0.300000 0.000000 0.000000 0.500000 -0.500000 0.500000 -0.500000
1779934558.569237 0.300000 0.000000 0.000000 0.500000 -0.500000 0.500000 -0.500000
1779934558.708291 0.300000 0.000000 0.000000 0.500000 -0.500000 0.500000 -0.500000
1779934558.845540 0.300000 0.000000 0.000000 0.500000 -0.500000 0.500000 -0.500000
1779934558.987046 0.300000 0.000000 0.000000 0.500000 -0.500000 0.500000 -0.500000
1779934559.130902 0.300000 0.000000 0.000000 0.500000 -0.500000 0.500000 -0.500000
1779934559.291289 0.300000 0.000000 0.000000 0.500000 -0.500000 0.500000 -0.500000
1779934559.431990 0.300000 0.000000 0.000000 0.500000 -0.500000 0.500000 -0.500000
1779934559.592073 0.300000 0.000000 0.000000 0.500000 -0.500000 0.500000 -0.500000
1779934559.742099 0.300000 0.000000 0.000000 0.500000 -0.500000 0.500000 -0.500000
1779934559.908154 0.300000 0.000000 0.000000 0.500000 -0.500000 0.500000 -0.500000
1779934560.072097 0.300000 0.000000 0.000000 0.500000 -0.500000 0.500000 -0.500000
1779934560.207338 0.300000 0.000000 0.000000 0.500000 -0.500000 0.500000 -0.500000
1779934560.359049 0.300000 0.000000 0.000000 0.500000 -0.500000 0.500000 -0.500000
1779934560.508169 0.300000 0.000000 0.000000 0.500000 -0.500000 0.500000 -0.500000
1779934560.673158 0.300000 0.000000 0.000000 0.500000 -0.500000 0.500000 -0.500000
1779934560.813277 0.300000 0.000000 0.000000 0.500000 -0.500000 0.500000 -0.500000
1779934560.952139 0.300000 0.000000 0.000000 0.500000 -0.500000 0.500000 -0.500000
1779934561.094004 0.300000 0.000000 0.000000 0.500000 -0.500000 0.500000 -0.500000
1779934561.239916 0.300000 0.000000 0.000000 0.500000 -0.500000 0.500000 -0.500000
1779934561.386656 0.300000 0.000000 0.000000 0.500000 -0.500000 0.500000 -0.500000
1779934561.528722 0.300000 0.000000 0.000000 0.500000 -0.500000 0.500000 -0.500000
1779934561.675147 0.300000 0.000000 0.000000 0.500000 -0.500000 0.500000 -0.500000
1779934561.811931 0.300000 0.000000 0.000000 0.500000 -0.500000 0.500000 -0.500000
1779934561.960011 0.300000 0.000000 0.000000 0.500000 -0.500000 0.500000 -0.500000
1779934562.103471 0.300000 0.000000 0.000000 0.500000 -0.500000 0.500000 -0.500000
1779934562.258847 0.300000 0.000000 0.000000 0.500000 -0.500000 0.500000 -0.500000
1779934562.360431 0.300000 0.000000 0.000000 0.500000 -0.500000 0.500000 -0.500000
1779934562.499151 0.300000 0.000000 0.000000 0.500000 -0.500000 0.500000 -0.500000
1779934562.638961 0.300000 0.000000 0.000000 0.500000 -0.500000 0.500000 -0.500000
1779934562.778174 0.300000 0.000000 0.000000 0.500000 -0.500000 0.500000 -0.500000
1779934562.918015 0.300000 0.000000 0.000000 0.500000 -0.500000 0.500000 -0.500000
1779934563.058709 0.300000 0.000000 0.000000 0.500000 -0.500000 0.500000 -0.500000
1779934563.196845 0.300000 0.000000 0.000000 0.500000 -0.500000 0.500000 -0.500000
1779934563.342162 0.300000 0.000000 0.000000 0.500000 -0.500000 0.500000 -0.500000
1779934563.483215 0.300000 0.000000 0.000000 0.500000 -0.500000 0.500000 -0.500000
1779934563.622794 0.300000 0.000000 0.000000 0.500000 -0.500000 0.500000 -0.500000
1779934563.764310 0.300000 0.000000 0.000000 0.500000 -0.500000 0.500000 -0.500000
1779934563.904181 0.300000 0.000000 0.000000 0.500000 -0.500000 0.500000 -0.500000
1779934564.044353 0.300000 0.000000 0.000000 0.500000 -0.500000 0.500000 -0.500000
1779934564.184735 0.300000 0.000000 0.000000 0.500000 -0.500000 0.500000 -0.500000
1779934564.329234 0.300000 0.000000 0.000000 0.500000 -0.500000 0.500000 -0.500000
1779934564.470897 0.300000 0.000000 0.000000 0.500000 -0.500000 0.500000 -0.500000
1779934564.612133 0.300000 0.000000 0.000000 0.500000 -0.500000 0.500000 -0.500000
1779934564.755615 0.300000 0.000000 0.000000 0.500000 -0.500000 0.500000 -0.500000
1779934564.891924 0.300000 0.000000 0.000000 0.500000 -0.500000 0.500000 -0.500000
1779934565.035090 0.300000 0.000000 0.000000 0.500000 -0.500000 0.500000 -0.500000
1779934565.175920 0.300000 0.000000 0.000000 0.500000 -0.500000 0.500000 -0.500000
1779934565.313362 0.300000 0.000000 0.000000 0.500000 -0.500000 0.500000 -0.500000
1779934565.454216 0.300000 0.000000 0.000000 0.500000 -0.500000 0.500000 -0.500000
1779934565.597293 0.300000 0.000000 0.000000 0.500000 -0.500000 0.500000 -0.500000
1779934565.733278 0.300000 0.000000 0.000000 0.500000 -0.500000 0.500000 -0.500000
1779934565.873242 0.300000 0.000000 0.000000 0.500000 -0.500000 0.500000 -0.500000
1779934566.013207 0.300000 0.000000 0.000000 0.500000 -0.500000 0.500000 -0.500000
1779934566.157825 0.300000 0.000000 0.000000 0.500000 -0.500000 0.500000 -0.500000
1779934566.297885 0.300000 0.000000 0.000000 0.500000 -0.500000 0.500000 -0.500000
1779934566.436151 0.300000 0.000000 0.000000 0.500000 -0.500000 0.500000 -0.500000
1779934566.578791 0.300000 0.000000 0.000000 0.500000 -0.500000 0.500000 -0.500000
1779934566.719315 0.300000 0.000000 0.000000 0.500000 -0.500000 0.500000 -0.500000
1779934566.856578 0.300000 0.000000 0.000000 0.500000 -0.500000 0.500000 -0.500000
1779934566.996019 0.300000 0.000000 0.000000 0.500000 -0.500000 0.500000 -0.500000
1779934567.136568 0.300000 0.000000 0.000000 0.500000 -0.500000 0.500000 -0.500000
1779934567.278260 0.300000 0.000000 0.000000 0.500000 -0.500000 0.500000 -0.500000
1779934567.417127 0.300000 0.000000 0.000000 0.500000 -0.500000 0.500000 -0.500000
1779934567.564750 0.300000 0.000000 0.000000 0.500000 -0.500000 0.500000 -0.500000
1779934567.701540 0.300000 0.000000 0.000000 0.500000 -0.500000 0.500000 -0.500000
1779934567.841869 0.300000 0.000000 0.000000 0.500000 -0.500000 0.500000 -0.500000
1779934567.984781 0.300000 0.000000 0.000000 0.500000 -0.500000 0.500000 -0.500000
1779934568.121455 0.300000 0.000000 0.000000 0.500000 -0.500000 0.500000 -0.500000
1779934568.263271 0.300000 0.000000 0.000000 0.500000 -0.500000 0.500000 -0.500000
1779934568.402878 0.300000 0.000000 0.000000 0.500000 -0.500000 0.500000 -0.500000
1779934568.547880 0.300000 0.000000 0.000000 0.500000 -0.500000 0.500000 -0.500000
1779934568.689065 0.300000 0.000000 0.000000 0.500000 -0.500000 0.500000 -0.500000
1779934568.824031 0.300000 0.000000 0.000000 0.500000 -0.500000 0.500000 -0.500000
1779934568.965695 0.300000 0.000000 0.000000 0.500000 -0.500000 0.500000 -0.500000
1779934569.105651 0.300000 0.000000 0.000000 0.500000 -0.500000 0.500000 -0.500000
1779934569.348324 0.300000 0.000000 0.000000 0.500000 -0.500000 0.500000 -0.500000
1779934569.455450 0.300000 0.000000 0.000000 0.500000 -0.500000 0.500000 -0.500000
1779934569.599446 0.300000 0.000000 0.000000 0.500000 -0.500000 0.500000 -0.500000
1779934569.735527 0.300000 0.000000 0.000000 0.500000 -0.500000 0.500000 -0.500000
1779934569.874637 0.300000 0.000000 0.000000 0.500000 -0.500000 0.500000 -0.500000
1779934570.014971 0.300000 0.000000 0.000000 0.500000 -0.500000 0.500000 -0.500000
1779934570.158110 0.300000 0.000000 0.000000 0.500000 -0.500000 0.500000 -0.500000
1779934570.299004 0.300000 0.000000 0.000000 0.500000 -0.500000 0.500000 -0.500000
1779934570.441359 0.300000 0.000000 0.000000 0.500000 -0.500000 0.500000 -0.500000
1779934570.579219 0.300000 0.000000 0.000000 0.500000 -0.500000 0.500000 -0.500000
1779934570.718479 0.300000 0.000000 0.000000 0.500000 -0.500000 0.500000 -0.500000
1779934570.859513 0.300000 0.000000 0.000000 0.500000 -0.500000 0.500000 -0.500000
1779934570.998957 0.300000 0.000000 0.000000 0.500000 -0.500000 0.500000 -0.500000
1779934571.138866 0.300000 0.000000 0.000000 0.500000 -0.500000 0.500000 -0.500000
1779934571.282664 0.300000 0.000000 0.000000 0.500000 -0.500000 0.500000 -0.500000
1779934571.422153 0.300000 0.000000 0.000000 0.500000 -0.500000 0.500000 -0.500000
1779934571.562651 0.300000 0.000000 0.000000 0.500000 -0.500000 0.500000 -0.500000
1779934571.701579 0.300000 0.000000 0.000000 0.500000 -0.500000 0.500000 -0.500000
1779934571.842304 0.300000 0.000000 0.000000 0.500000 -0.500000 0.500000 -0.500000
1779934571.983177 0.300000 0.000000 0.000000 0.500000 -0.500000 0.500000 -0.500000
1779934572.122422 0.300000 0.000000 0.000000 0.500000 -0.500000 0.500000 -0.500000
1779934572.267699 0.300000 0.000000 0.000000 0.500000 -0.500000 0.500000 -0.500000
1779934572.376373 0.300000 0.000000 0.000000 0.500000 -0.500000 0.500000 -0.500000
1779934572.515670 0.300000 0.000000 0.000000 0.500000 -0.500000 0.500000 -0.500000
1779934572.638419 0.300000 0.000000 0.000000 0.500000 -0.500000 0.500000 -0.500000
1779934572.798155 0.300000 0.000000 0.000000 0.500000 -0.500000 0.500000 -0.500000
1779934572.966095 0.300000 0.000000 0.000000 0.500000 -0.500000 0.500000 -0.500000
1779934573.109107 0.300000 0.000000 0.000000 0.500000 -0.500000 0.500000 -0.500000
1779934573.248166 0.300000 0.000000 0.000000 0.500000 -0.500000 0.500000 -0.500000
1779934573.392073 0.300000 0.000000 0.000000 0.500000 -0.500000 0.500000 -0.500000
1779934573.543559 0.300000 0.000000 0.000000 0.500000 -0.500000 0.500000 -0.500000
1779934573.674181 0.300000 0.000000 0.000000 0.500000 -0.500000 0.500000 -0.500000
1779934573.814492 0.300000 0.000000 0.000000 0.500000 -0.500000 0.500000 -0.500000
1779934573.952356 0.300000 0.000000 0.000000 0.500000 -0.500000 0.500000 -0.500000
1779934574.091039 0.300000 0.000000 0.000000 0.500000 -0.500000 0.500000 -0.500000
1779934574.233038 0.300000 0.000000 0.000000 0.500000 -0.500000 0.500000 -0.500000
1779934574.345653 0.300000 0.000000 0.000000 0.500000 -0.500000 0.500000 -0.500000
1779934574.484636 0.300000 0.000000 0.000000 0.500000 -0.500000 0.500000 -0.500000
1779934574.585622 0.300000 0.000000 0.000000 0.500000 -0.500000 0.500000 -0.500000
1779934574.722285 0.300000 0.000000 0.000000 0.500000 -0.500000 0.500000 -0.500000
1779934574.868955 0.300000 0.000000 0.000000 0.500000 -0.500000 0.500000 -0.500000
1779934575.009912 0.300000 0.000000 0.000000 0.500000 -0.500000 0.500000 -0.500000
1779934575.148025 0.300000 0.000000 0.000000 0.500000 -0.500000 0.500000 -0.500000
1779934575.266827 0.300000 0.000000 0.000000 0.500000 -0.500000 0.500000 -0.500000
1779934575.409003 0.300000 0.000000 0.000000 0.500000 -0.500000 0.500000 -0.500000
1779934575.595150 0.300000 0.000000 0.000000 0.500000 -0.500000 0.500000 -0.500000
1779934575.717278 0.300000 0.000000 0.000000 0.500000 -0.500000 0.500000 -0.500000
1779934575.886641 0.300000 0.000000 0.000000 0.500000 -0.500000 0.500000 -0.500000
1779934576.032481 0.300000 0.000000 0.000000 0.500000 -0.500000 0.500000 -0.500000
1779934576.170149 0.300000 0.000000 0.000000 0.500000 -0.500000 0.500000 -0.500000
1779934576.314565 0.300000 0.000000 0.000000 0.500000 -0.500000 0.500000 -0.500000
1779934576.470893 0.300000 0.000000 0.000000 0.500000 -0.500000 0.500000 -0.500000
1779934576.603125 0.300000 0.000000 0.000000 0.500000 -0.500000 0.500000 -0.500000
1779934576.740331 0.300000 0.000000 0.000000 0.500000 -0.500000 0.500000 -0.500000
1779934576.908428 0.300000 0.000000 0.000000 0.500000 -0.500000 0.500000 -0.500000
1779934577.055133 0.300000 0.000000 0.000000 0.500000 -0.500000 0.500000 -0.500000
1779934577.190055 0.300000 0.000000 0.000000 0.500000 -0.500000 0.500000 -0.500000
1779934577.338411 0.300000 0.000000 0.000000 0.500000 -0.500000 0.500000 -0.500000
1779934577.466834 0.300000 0.000000 0.000000 0.500000 -0.500000 0.500000 -0.500000
1779934577.622514 0.300000 0.000000 0.000000 0.500000 -0.500000 0.500000 -0.500000
1779934577.751151 0.300000 0.000000 0.000000 0.500000 -0.500000 0.500000 -0.500000
1779934577.891600 0.300000 0.000000 0.000000 0.500000 -0.500000 0.500000 -0.500000
1779934578.030601 0.300000 0.000000 0.000000 0.500000 -0.500000 0.500000 -0.500000
1779934578.172004 0.300000 0.000000 0.000000 0.500000 -0.500000 0.500000 -0.500000
1779934578.310283 0.300000 0.000000 0.000000 0.500000 -0.500000 0.500000 -0.500000
1779934578.452226 0.300000 0.000000 0.000000 0.500000 -0.500000 0.500000 -0.500000
1779934578.593704 0.300000 0.000000 0.000000 0.500000 -0.500000 0.500000 -0.500000
1779934578.732595 0.300000 0.000000 0.000000 0.500000 -0.500000 0.500000 -0.500000
1779934578.876258 0.300000 0.000000 0.000000 0.500000 -0.500000 0.500000 -0.500000
1779934579.014767 0.300000 0.000000 0.000000 0.500000 -0.500000 0.500000 -0.500000
1779934579.156507 0.300000 0.000000 0.000000 0.500000 -0.500000 0.500000 -0.500000
1779934579.296144 0.300000 0.000000 0.000000 0.500000 -0.500000 0.500000 -0.500000
1779934579.436356 0.300000 0.000000 0.000000 0.500000 -0.500000 0.500000 -0.500000
1779934579.573796 0.300000 0.000000 0.000000 0.500000 -0.500000 0.500000 -0.500000
1779934579.718553 0.300000 0.000000 0.000000 0.500000 -0.500000 0.500000 -0.500000
1779934579.860704 0.300000 0.000000 0.000000 0.500000 -0.500000 0.500000 -0.500000
1779934580.000067 0.300000 0.000000 0.000000 0.500000 -0.500000 0.500000 -0.500000
1779934580.149700 0.300000 0.000000 0.000000 0.500000 -0.500000 0.500000 -0.500000
1779934580.283828 0.300000 0.000000 0.000000 0.500000 -0.500000 0.500000 -0.500000
1779934580.419973 0.300000 0.000000 0.000000 0.500000 -0.500000 0.500000 -0.500000
1779934580.578496 0.300000 0.000000 0.000000 0.500000 -0.500000 0.500000 -0.500000
1779934580.706688 0.300000 0.000000 0.000000 0.500000 -0.500000 0.500000 -0.500000
1779934580.821782 0.300000 0.000000 0.000000 0.500000 -0.500000 0.500000 -0.500000
1779934580.985007 0.300000 0.000000 0.000000 0.500000 -0.500000 0.500000 -0.500000
1779934581.122982 0.300000 0.000000 0.000000 0.500000 -0.500000 0.500000 -0.500000
1779934581.305095 0.300000 0.000000 0.000000 0.500000 -0.500000 0.500000 -0.500000
1779934581.476981 0.300000 0.000000 0.000000 0.500000 -0.500000 0.500000 -0.500000
1779934581.621301 0.300000 0.000000 0.000000 0.500000 -0.500000 0.500000 -0.500000
1779934581.753337 0.300000 0.000000 0.000000 0.500000 -0.500000 0.500000 -0.500000
1779934581.893411 0.300000 0.000000 0.000000 0.500000 -0.500000 0.500000 -0.500000
1779934582.059476 0.300000 0.000000 0.000000 0.500000 -0.500000 0.500000 -0.500000
1779934582.173613 0.300000 0.000000 0.000000 0.500000 -0.500000 0.500000 -0.500000
1779934582.328191 0.300000 0.000000 0.000000 0.500000 -0.500000 0.500000 -0.500000
1779934582.459785 0.300000 0.000000 0.000000 0.500000 -0.500000 0.500000 -0.500000
1779934582.579590 0.300000 0.000000 0.000000 0.500000 -0.500000 0.500000 -0.500000
1779934582.738840 0.300000 0.000000 0.000000 0.500000 -0.500000 0.500000 -0.500000
1779934582.859287 0.300000 0.000000 0.000000 0.500000 -0.500000 0.500000 -0.500000
1779934583.017527 0.300000 0.000000 0.000000 0.500000 -0.500000 0.500000 -0.500000
1779934583.157746 0.300000 0.000000 0.000000 0.500000 -0.500000 0.500000 -0.500000
1779934583.355038 0.300000 0.000000 0.000000 0.500000 -0.500000 0.500000 -0.500000
1779934583.512573 0.300000 0.000000 0.000000 0.500000 -0.500000 0.500000 -0.500000
1779934583.652835 0.300000 0.000000 0.000000 0.500000 -0.500000 0.500000 -0.500000
1779934583.788847 0.300000 0.000000 0.000000 0.500000 -0.500000 0.500000 -0.500000
1779934583.933899 0.300000 0.000000 0.000000 0.500000 -0.500000 0.500000 -0.500000
1779934584.116746 0.300000 0.000000 0.000000 0.500000 -0.500000 0.500000 -0.500000
1779934584.217245 0.300000 0.000000 0.000000 0.500000 -0.500000 0.500000 -0.500000
1779934584.384704 0.300000 0.000000 0.000000 0.500000 -0.500000 0.500000 -0.500000
1779934584.491721 0.300000 0.000000 0.000000 0.500000 -0.500000 0.500000 -0.500000
1779934584.633447 0.300000 0.000000 0.000000 0.500000 -0.500000 0.500000 -0.500000
1779934584.772667 0.300000 0.000000 0.000000 0.500000 -0.500000 0.500000 -0.500000
1779934584.888204 0.300000 0.000000 0.000000 0.500000 -0.500000 0.500000 -0.500000
1779934585.053893 0.300000 0.000000 0.000000 0.500000 -0.500000 0.500000 -0.500000
1779934585.191264 0.300000 0.000000 0.000000 0.500000 -0.500000 0.500000 -0.500000
1779934585.333032 0.300000 0.000000 0.000000 0.500000 -0.500000 0.500000 -0.500000
1779934585.472769 0.300000 0.000000 0.000000 0.500000 -0.500000 0.500000 -0.500000
1779934585.639355 0.300000 0.000000 0.000000 0.500000 -0.500000 0.500000 -0.500000
1779934585.768089 0.300000 0.000000 0.000000 0.500000 -0.500000 0.500000 -0.500000
1779934585.960108 0.300000 0.000000 0.000000 0.500000 -0.500000 0.500000 -0.500000
1779934586.107527 0.300000 0.000000 0.000000 0.500000 -0.500000 0.500000 -0.500000
1779934586.324033 0.300000 0.000000 0.000000 0.500000 -0.500000 0.500000 -0.500000
1779934586.456730 0.300000 0.000000 0.000000 0.500000 -0.500000 0.500000 -0.500000
1779934586.645305 0.300000 0.000000 0.000000 0.500000 -0.500000 0.500000 -0.500000
1779934586.928181 0.300000 0.000000 0.000000 0.500000 -0.500000 0.500000 -0.500000
1779934587.090714 0.300000 0.000000 0.000000 0.500000 -0.500000 0.500000 -0.500000
1779934587.254443 0.300000 0.000000 0.000000 0.500000 -0.500000 0.500000 -0.500000
1779934587.370085 0.300000 0.000000 0.000000 0.500000 -0.500000 0.500000 -0.500000
1779934587.559687 0.300000 0.000000 0.000000 0.500000 -0.500000 0.500000 -0.500000
1779934587.726147 0.300000 0.000000 0.000000 0.500000 -0.500000 0.500000 -0.500000
1779934587.884726 0.300000 0.000000 0.000000 0.500000 -0.500000 0.500000 -0.500000
1779934588.000215 0.300000 0.000000 0.000000 0.500000 -0.500000 0.500000 -0.500000
1779934588.188658 0.300000 0.000000 0.000000 0.500000 -0.500000 0.500000 -0.500000
1779934588.291592 0.300000 0.000000 0.000000 0.500000 -0.500000 0.500000 -0.500000
1779934588.511595 0.300000 0.000000 0.000000 0.500000 -0.500000 0.500000 -0.500000
1779934588.633424 0.300000 0.000000 0.000000 0.500000 -0.500000 0.500000 -0.500000
1779934588.859220 0.300000 0.000000 0.000000 0.500000 -0.500000 0.500000 -0.500000
1779934588.994277 0.300000 0.000000 0.000000 0.500000 -0.500000 0.500000 -0.500000
1779934589.122896 0.300000 0.000000 0.000000 0.500000 -0.500000 0.500000 -0.500000
1779934589.286568 0.300000 0.000000 0.000000 0.500000 -0.500000 0.500000 -0.500000
1779934589.409384 0.300000 0.000000 0.000000 0.500000 -0.500000 0.500000 -0.500000
1779934589.544136 0.300000 0.000000 0.000000 0.500000 -0.500000 0.500000 -0.500000
1779934589.700761 0.300000 0.000000 0.000000 0.500000 -0.500000 0.500000 -0.500000
1779934589.823834 0.300000 0.000000 0.000000 0.500000 -0.500000 0.500000 -0.500000
1779934589.964361 0.300000 0.000000 0.000000 0.500000 -0.500000 0.500000 -0.500000
1779934590.109035 0.300000 0.000000 0.000000 0.500000 -0.500000 0.500000 -0.500000
1779934590.244515 0.300000 0.000000 0.000000 0.500000 -0.500000 0.500000 -0.500000
1779934590.383062 0.300000 0.000000 0.000000 0.500000 -0.500000 0.500000 -0.500000
1779934590.523443 0.300000 0.000000 0.000000 0.500000 -0.500000 0.500000 -0.500000
1779934590.677729 0.300000 0.000000 0.000000 0.500000 -0.500000 0.500000 -0.500000
1779934590.825768 0.300000 0.000000 0.000000 0.500000 -0.500000 0.500000 -0.500000
1779934590.968496 0.300000 0.000000 0.000000 0.500000 -0.500000 0.500000 -0.500000
1779934591.129573 0.300000 0.000000 0.000000 0.500000 -0.500000 0.500000 -0.500000
1779934591.273134 0.300000 0.000000 0.000000 0.500000 -0.500000 0.500000 -0.500000
1779934591.438982 0.300000 0.000000 0.000000 0.500000 -0.500000 0.500000 -0.500000
1779934591.590433 0.300000 0.000000 0.000000 0.500000 -0.500000 0.500000 -0.500000
1779934591.747562 0.300000 0.000000 0.000000 0.500000 -0.500000 0.500000 -0.500000
1779934591.905677 0.300000 0.000000 0.000000 0.500000 -0.500000 0.500000 -0.500000
1779934592.068297 0.300000 0.000000 0.000000 0.500000 -0.500000 0.500000 -0.500000
1779934592.212997 0.300000 0.000000 0.000000 0.500000 -0.500000 0.500000 -0.500000
1779934592.347185 0.300000 0.000000 0.000000 0.500000 -0.500000 0.500000 -0.500000
1779934592.498106 0.300000 0.000000 0.000000 0.500000 -0.500000 0.500000 -0.500000
1779934592.639511 0.300000 0.000000 0.000000 0.500000 -0.500000 0.500000 -0.500000
1779934592.826825 0.300000 0.000000 0.000000 0.500000 -0.500000 0.500000 -0.500000
1779934592.940109 0.300000 0.000000 0.000000 0.500000 -0.500000 0.500000 -0.500000
1779934593.088996 0.300000 0.000000 0.000000 0.500000 -0.500000 0.500000 -0.500000
1779934593.242275 0.300000 0.000000 0.000000 0.500000 -0.500000 0.500000 -0.500000
1779934593.370150 0.300000 0.000000 0.000000 0.500000 -0.500000 0.500000 -0.500000
1779934593.509813 0.300000 0.000000 0.000000 0.500000 -0.500000 0.500000 -0.500000
1779934593.665070 0.300000 0.000000 0.000000 0.500000 -0.500000 0.500000 -0.500000
1779934593.809182 0.300000 0.000000 0.000000 0.500000 -0.500000 0.500000 -0.500000
1779934593.963308 0.300000 0.000000 0.000000 0.500000 -0.500000 0.500000 -0.500000
1779934594.103570 0.300000 0.000000 0.000000 0.500000 -0.500000 0.500000 -0.500000
1779934594.249316 0.300000 0.000000 0.000000 0.500000 -0.500000 0.500000 -0.500000
1779934594.381759 0.300000 0.000000 0.000000 0.500000 -0.500000 0.500000 -0.500000
1779934594.528979 0.300000 0.000000 0.000000 0.500000 -0.500000 0.500000 -0.500000
1779934594.667308 0.300000 0.000000 0.000000 0.500000 -0.500000 0.500000 -0.500000
1779934594.806373 0.300000 0.000000 0.000000 0.500000 -0.500000 0.500000 -0.500000
1779934594.948506 0.300000 0.000000 0.000000 0.500000 -0.500000 0.500000 -0.500000
1779934595.089536 0.300000 0.000000 0.000000 0.500000 -0.500000 0.500000 -0.500000
1779934595.227769 0.300000 0.000000 0.000000 0.500000 -0.500000 0.500000 -0.500000
1779934595.367680 0.300000 0.000000 0.000000 0.500000 -0.500000 0.500000 -0.500000
1779934595.507105 0.300000 0.000000 0.000000 0.500000 -0.500000 0.500000 -0.500000
1779934595.655096 0.300000 0.000000 0.000000 0.500000 -0.500000 0.500000 -0.500000
1779934595.796568 0.300000 0.000000 0.000000 0.500000 -0.500000 0.500000 -0.500000
1779934595.934822 0.300000 0.000000 0.000000 0.500000 -0.500000 0.500000 -0.500000
1779934596.075322 0.300000 0.000000 0.000000 0.500000 -0.500000 0.500000 -0.500000
1779934596.215631 0.300000 0.000000 0.000000 0.500000 -0.500000 0.500000 -0.500000
1779934596.354396 0.300000 0.000000 0.000000 0.500000 -0.500000 0.500000 -0.500000
1779934596.494381 0.300000 0.000000 0.000000 0.500000 -0.500000 0.500000 -0.500000
1779934596.639009 0.300000 0.000000 0.000000 0.500000 -0.500000 0.500000 -0.500000
1779934596.776830 0.300000 0.000000 0.000000 0.500000 -0.500000 0.500000 -0.500000
1779934596.916865 0.300000 0.000000 0.000000 0.500000 -0.500000 0.500000 -0.500000
1779934597.055447 0.300000 0.000000 0.000000 0.500000 -0.500000 0.500000 -0.500000
1779934597.196022 0.300000 0.000000 0.000000 0.500000 -0.500000 0.500000 -0.500000
1779934597.364262 0.300000 0.000000 0.000000 0.500000 -0.500000 0.500000 -0.500000
1779934597.475374 0.300000 0.000000 0.000000 0.500000 -0.500000 0.500000 -0.500000
1779934597.631848 0.300000 0.000000 0.000000 0.500000 -0.500000 0.500000 -0.500000
1779934597.760724 0.300000 0.000000 0.000000 0.500000 -0.500000 0.500000 -0.500000
1779934597.899701 0.300000 0.000000 0.000000 0.500000 -0.500000 0.500000 -0.500000
1779934598.042894 0.300000 0.000000 0.000000 0.500000 -0.500000 0.500000 -0.500000
1779934598.180021 0.300000 0.000000 0.000000 0.500000 -0.500000 0.500000 -0.500000
1779934598.320940 0.300000 0.000000 0.000000 0.500000 -0.500000 0.500000 -0.500000
1779934598.458274 0.300000 0.000000 0.000000 0.500000 -0.500000 0.500000 -0.500000
1779934598.599427 0.300000 0.000000 0.000000 0.500000 -0.500000 0.500000 -0.500000
1779934598.739562 0.300000 0.000000 0.000000 0.500000 -0.500000 0.500000 -0.500000
1779934598.879726 0.300000 0.000000 0.000000 0.500000 -0.500000 0.500000 -0.500000
1779934599.018320 0.300000 0.000000 0.000000 0.500000 -0.500000 0.500000 -0.500000
1779934599.158521 0.300000 0.000000 0.000000 0.500000 -0.500000 0.500000 -0.500000
1779934599.298134 0.300000 0.000000 0.000000 0.500000 -0.500000 0.500000 -0.500000
1779934599.440852 0.300000 0.000000 0.000000 0.500000 -0.500000 0.500000 -0.500000
1779934599.579310 0.300000 0.000000 0.000000 0.500000 -0.500000 0.500000 -0.500000
1779934599.719217 0.300000 0.000000 0.000000 0.500000 -0.500000 0.500000 -0.500000
